446,205
446,203
447,202
449,200
450,200
457,200
458,201
460,203
461,204
462,207
461,209
461,212
458,212
455,212
449,213
447,212
446,211
445,209
445,207
end box0
449,201
450,200
454,200
455,201
456,202
456,203
456,204
456,206
456,207
455,208
453,208
451,208
450,208
449,207
448,206
448,205
end box1
446,211
446,209
448,208
449,207
450,206
456,207
458,207
460,209
461,210
461,213
461,215
460,218
458,218
455,217
453,217
452,217
450,218
448,218
446,217
445,215
445,212
end box2
474,205
475,203
476,202
477,201
478,200
485,200
487,201
488,203
488,204
489,207
489,209
488,211
486,212
477,212
475,212
474,211
473,209
473,206
end box3
end total4boxes
