933,257
945,219
966,186
996,166
1034,159
1066,159
1099,159
1133,162
1169,169
1200,185
1219,219
1230,257
1235,300
1226,340
1211,369
1170,381
1130,380
1098,378
1067,381
1035,385
996,383
951,369
934,343
929,301
end box0
848,208
863,193
875,181
889,174
903,171
915,170
927,169
940,171
959,169
981,172
995,185
996,206
993,225
990,243
974,254
927,262
915,263
900,264
880,265
854,263
840,249
841,229
end box1
33,294
58,264
87,246
114,237
138,234
161,235
180,236
203,234
226,237
251,248
279,267
309,295
320,333
314,362
275,381
241,391
207,384
181,374
161,373
137,380
105,385
71,378
37,358
27,331
end box2
498,162
499,161
500,160
501,160
502,160
503,161
504,162
505,163
505,166
505,168
504,169
503,170
501,170
500,170
499,169
498,168
end box3
end total4boxes
