359,225
359,220
360,213
361,205
365,194
373,180
381,184
389,197
392,207
394,214
395,220
396,225
396,230
395,235
394,240
394,251
393,267
384,275
371,275
364,263
363,247
362,239
360,235
359,230
end box0
872,68
875,65
879,63
882,65
883,70
883,89
883,97
879,97
874,96
872,92
end box1
827,94
828,93
829,93
831,93
832,94
833,95
833,96
834,102
833,104
831,105
829,105
828,105
826,104
825,103
end box2
560,144
561,143
562,144
563,143
564,144
565,145
565,152
564,153
562,153
561,153
560,152
end box3
end total4boxes
