328,187
330,184
333,180
336,177
340,177
351,177
356,177
359,179
364,183
366,187
366,193
366,198
364,203
357,204
351,203
339,203
334,204
328,203
326,198
326,192
end box0
635,187
658,177
674,173
729,173
747,176
767,187
773,203
760,210
735,215
667,216
640,211
633,204
end box1
450,180
451,177
452,174
454,172
457,172
466,171
470,171
472,174
474,177
475,180
474,183
475,187
474,191
471,193
467,193
456,193
453,192
450,191
450,186
450,183
end box2
482,187
482,185
484,184
485,183
487,182
495,182
497,183
499,185
500,187
500,190
500,193
498,195
496,196
486,196
483,196
481,195
481,192
481,190
end box3
-1,285
20,249
54,233
95,234
123,237
143,240
159,245
176,246
196,247
225,251
259,265
293,292
312,333
297,355
250,370
211,372
59,370
16,351
-1,326
end box4
376,188
380,185
383,183
386,183
397,183
399,184
404,185
409,188
410,192
409,196
404,198
399,198
385,198
380,198
375,196
374,192
end box5
433,176
433,175
435,173
436,172
445,171
447,172
449,174
450,176
450,179
450,181
449,184
446,184
437,185
435,185
433,184
432,181
433,179
end box6
357,182
358,180
360,179
362,179
365,179
367,179
369,181
370,182
371,184
372,186
373,189
373,191
372,194
370,196
368,197
365,197
362,196
360,196
358,194
end box7
600,173
600,173
601,172
602,172
603,172
604,173
605,173
605,174
606,175
606,176
606,177
606,179
605,179
603,180
602,180
601,180
600,179
599,179
end box8
614,171
621,169
622,170
623,171
623,172
622,174
622,175
621,176
616,176
615,175
614,174
end box9
520,186
521,185
522,185
523,185
524,186
525,187
526,188
526,190
526,191
526,193
525,194
524,195
522,196
521,195
520,194
519,193
end box10
476,160
477,160
477,161
477,166
477,167
475,167
473,167
472,166
end box11
522,174
523,174
524,174
525,175
526,175
526,176
527,177
527,178
527,179
527,181
526,182
524,182
523,182
522,182
521,181
520,181
end box12
79,7
93,0
188,0
201,7
201,26
191,32
84,32
77,25
end box13
63,6
80,-4
200,-6
210,6
215,29
204,38
71,39
64,29
end box14
986,62
984,51
987,43
996,44
1003,41
1012,43
1016,49
1015,94
1012,101
1004,105
995,104
988,101
985,93
end box15
135,83
137,73
145,71
153,68
161,69
164,79
164,123
161,134
153,137
143,136
136,133
136,120
end box16
875,135
876,135
879,135
880,135
880,137
880,144
879,145
877,146
876,145
874,145
end box17
423,159
425,159
426,160
426,165
425,165
423,165
422,165
end box18
end total19boxes
