210,228
223,199
240,175
270,168
300,172
322,175
341,173
363,170
388,172
416,182
435,203
452,231
460,265
453,293
425,310
391,318
366,320
342,316
321,316
299,316
270,318
233,316
212,293
207,263
end box0
638,195
639,193
641,192
642,190
643,190
652,190
654,190
656,193
657,195
657,198
657,201
656,204
653,204
642,205
640,205
638,203
638,200
638,198
end box1
270,202
276,184
294,174
314,171
330,171
342,172
353,171
364,173
378,174
395,177
411,189
423,204
428,225
423,243
405,252
381,253
365,253
294,251
279,240
271,224
end box2
551,208
553,205
555,202
558,202
570,202
573,203
577,205
579,208
581,212
580,216
577,218
572,219
558,218
554,217
551,215
551,211
end box3
556,207
556,205
557,204
559,203
561,202
568,203
570,203
572,205
574,207
574,210
574,213
573,216
570,216
567,216
560,216
558,216
556,214
555,212
554,210
end box4
640,195
642,192
644,189
647,187
650,187
659,186
663,186
666,188
669,191
671,194
670,199
670,203
668,207
664,208
660,208
649,208
645,208
642,206
640,203
640,199
end box5
666,176
667,176
667,177
668,178
668,180
668,182
667,183
665,183
663,183
662,182
661,182
end box6
228,133
241,132
242,133
243,148
241,151
229,151
227,150
end box7
662,144
663,143
664,143
665,143
666,144
667,145
668,146
668,147
668,149
668,151
667,152
666,153
664,153
663,153
662,152
661,151
end box8
end total9boxes
