837,254
861,212
900,173
938,157
981,157
1018,161
1052,161
1088,158
1127,164
1169,176
1212,211
1235,253
1242,311
1233,359
1199,395
1146,401
983,383
925,402
877,390
838,359
830,312
end box0
444,199
448,189
458,176
467,166
480,166
493,168
504,167
516,169
529,170
539,176
551,188
554,199
553,215
552,231
547,246
535,249
515,244
461,250
450,247
447,230
445,215
end box1
11,276
44,239
75,216
120,214
152,214
175,217
196,220
218,222
242,226
279,229
314,248
349,281
361,326
348,354
296,366
247,367
220,368
197,366
176,366
156,364
122,370
67,375
23,355
10,324
end box2
720,204
721,198
725,192
730,186
735,184
742,185
749,184
755,185
764,185
771,188
773,196
772,203
765,223
761,227
754,227
748,229
742,231
733,234
723,234
719,229
718,220
720,211
end box3
759,210
768,201
776,191
784,183
794,181
804,182
814,180
825,181
840,180
853,184
863,194
862,209
859,223
856,237
849,246
834,248
823,249
814,251
804,254
793,255
779,254
763,251
756,240
757,225
end box4
559,186
560,183
563,179
567,177
570,177
580,177
585,177
587,180
592,183
594,186
595,191
595,197
593,201
587,202
581,201
570,201
565,201
561,200
558,196
558,191
end box5
680,189
681,186
683,183
685,180
688,178
692,178
695,177
699,178
704,177
708,179
709,184
709,188
707,201
704,203
699,204
695,205
691,205
687,206
682,205
680,202
679,197
680,192
end box6
609,175
609,174
610,173
610,173
615,172
616,173
617,174
618,175
618,176
618,178
618,180
616,180
614,180
612,180
611,180
609,179
609,179
609,177
609,176
end box7
625,176
626,175
626,175
627,174
627,174
628,173
629,173
630,173
631,173
632,174
632,175
633,176
633,177
633,178
633,180
632,181
630,181
629,181
628,181
627,181
626,180
625,179
625,178
625,177
end box8
709,194
710,189
714,185
718,181
722,178
727,178
732,178
737,179
744,179
749,181
752,187
752,193
726,216
720,218
712,217
709,213
707,206
708,200
end box9
695,192
696,188
698,186
700,183
703,181
707,181
710,181
714,181
719,181
723,182
725,186
714,206
710,208
706,209
702,209
697,208
695,205
694,200
694,196
end box10
658,176
658,175
659,175
660,175
661,175
662,175
663,176
663,177
664,178
664,179
664,180
664,182
663,183
662,183
660,184
659,184
658,183
657,182
656,181
end box11
642,176
642,175
643,175
644,174
645,175
646,175
647,176
647,177
648,178
648,179
648,180
648,182
647,183
646,184
644,184
643,184
642,183
641,182
640,181
end box12
606,175
606,174
608,172
610,171
618,171
620,172
622,173
624,175
624,178
624,181
622,183
619,183
611,183
608,183
606,182
605,180
605,178
end box13
586,179
586,177
587,175
588,174
590,173
592,173
593,172
595,173
597,174
599,175
600,177
601,178
601,181
601,183
600,186
598,187
596,188
594,188
592,187
590,186
588,185
587,184
586,182
586,180
end box14
654,179
654,177
656,176
657,175
658,174
660,173
661,173
663,173
665,174
667,174
668,176
669,178
669,181
669,183
668,185
666,186
664,187
661,187
659,187
657,187
655,186
654,185
653,183
653,180
end box15
592,175
593,174
594,173
595,173
596,173
597,174
598,175
598,176
599,177
599,178
599,179
599,181
598,182
597,183
595,183
594,183
593,182
592,181
end box16
851,254
850,247
850,237
853,226
858,211
870,189
885,181
899,193
906,214
906,233
904,245
904,253
903,261
900,268
899,276
895,284
894,308
884,331
866,333
857,308
857,283
854,275
852,267
851,261
end box17
642,176
642,175
643,175
644,174
645,175
646,175
647,176
647,177
648,178
648,179
648,180
648,182
647,183
646,184
644,184
643,184
642,183
641,182
640,181
end box18
678,148
684,148
685,148
685,149
686,154
686,156
685,157
683,157
681,158
680,157
678,157
677,156
end box19
682,154
683,155
684,156
685,161
683,162
682,163
679,163
678,162
677,161
end box20
611,124
615,124
616,125
617,126
617,131
616,132
615,133
613,133
612,133
611,132
end box21
662,158
663,158
663,159
664,160
664,162
664,164
663,165
661,165
660,165
659,165
658,165
657,164
end box22
646,110
647,109
649,108
650,108
652,108
654,109
655,110
656,112
657,114
657,115
657,117
656,120
655,121
653,123
651,123
649,122
647,121
645,120
645,118
644,117
644,115
end box23
582,142
583,143
584,144
585,145
585,146
585,148
584,149
583,150
582,151
580,151
579,151
578,150
end box24
651,127
652,127
652,128
653,129
652,131
652,133
652,133
650,134
649,134
648,134
647,133
646,132
end box25
672,174
673,173
674,172
675,172
676,172
677,173
678,174
679,175
679,180
678,181
677,182
675,182
674,182
673,181
672,180
671,179
end box26
726,158
727,157
728,157
729,157
730,157
730,158
731,159
731,160
731,161
731,162
731,163
731,164
729,165
728,165
727,165
726,164
725,163
end box27
624,127
625,127
626,127
627,127
628,127
629,128
629,129
630,130
630,132
630,134
629,135
628,135
626,136
625,135
624,135
623,134
end box28
675,189
676,188
677,187
678,187
680,187
681,188
682,189
682,191
682,196
681,198
680,199
679,200
677,199
675,198
675,196
end box29
652,113
653,112
654,111
655,111
656,111
657,111
659,111
660,112
660,113
661,115
661,116
661,118
661,119
660,121
658,122
656,122
655,122
653,121
652,120
652,118
end box30
end total31boxes
