573,191
575,187
578,184
581,181
585,181
596,180
601,180
604,183
608,187
610,191
611,196
611,202
609,208
603,209
597,208
584,208
579,208
574,207
572,201
573,196
end box0
471,203
470,196
473,188
478,184
487,184
494,185
500,184
506,185
513,186
518,190
521,197
525,203
526,211
527,220
524,228
517,230
507,230
500,228
494,227
488,227
481,226
476,222
473,210
end box1
312,207
322,192
333,179
346,172
362,172
375,172
386,171
399,173
414,172
428,178
441,192
449,206
451,225
450,244
437,255
415,258
400,259
387,258
375,255
364,253
348,254
324,255
313,243
311,226
end box2
701,178
701,176
702,174
703,173
706,173
711,173
713,173
715,174
717,176
718,178
719,181
719,184
718,187
715,188
712,188
710,187
705,187
703,187
701,185
700,181
end box3
687,181
687,178
688,177
690,175
692,175
695,175
697,175
699,176
701,177
702,178
703,180
704,183
704,186
703,188
701,189
698,190
696,189
694,189
691,189
689,188
687,183
end box4
660,181
664,177
668,175
671,175
683,175
686,176
692,177
697,181
699,186
697,190
691,192
686,193
665,191
660,189
659,185
end box5
768,181
768,179
770,177
771,176
773,176
780,175
782,176
784,178
785,180
785,183
785,185
784,188
782,189
779,189
772,189
770,189
768,187
768,185
768,183
end box6
719,179
720,177
721,175
722,174
724,173
726,173
729,173
731,173
733,174
735,176
735,178
736,181
736,183
735,186
733,187
730,188
728,187
725,187
723,187
721,186
720,185
719,183
719,180
end box7
680,180
682,177
684,174
687,173
697,173
699,174
702,175
706,177
709,180
710,184
710,188
706,191
702,192
698,192
695,191
681,187
680,183
end box8
670,180
670,178
671,177
673,176
675,176
682,176
684,176
686,178
688,180
688,183
688,186
686,188
684,189
672,189
670,187
669,185
668,183
end box9
653,182
653,180
656,179
657,178
659,178
666,178
669,178
671,180
672,182
673,185
672,188
670,190
667,191
658,191
655,191
653,190
652,187
652,185
end box10
571,193
571,191
573,190
574,188
576,187
578,186
583,186
586,187
588,188
590,190
591,193
591,196
591,199
590,202
587,203
584,204
578,204
575,205
572,204
570,202
570,199
570,196
end box11
503,193
503,189
504,185
506,183
511,183
514,182
517,183
520,183
523,184
526,187
529,189
530,193
531,197
531,201
530,206
527,208
522,209
517,208
514,207
end box12
700,158
701,158
701,159
702,164
701,165
699,165
697,165
696,164
695,164
end box13
674,142
681,142
682,150
681,151
674,151
673,150
end box14
end total15boxes
