602,180
604,177
606,174
609,173
612,173
622,173
625,174
628,177
630,180
631,184
631,188
629,192
625,192
611,192
607,192
603,191
601,188
601,183
end box0
417,205
417,202
417,198
418,191
420,181
425,165
433,160
439,175
441,189
442,196
442,201
443,205
442,208
441,212
440,216
446,232
447,254
437,250
421,250
412,251
416,225
419,214
418,211
end box1
194,178
194,176
195,175
195,173
196,170
198,165
201,164
204,166
205,171
206,173
206,176
206,178
206,179
206,181
206,183
206,187
205,193
202,194
197,194
195,190
195,184
195,182
195,180
195,179
end box2
282,191
282,187
283,181
284,174
288,166
295,155
303,153
310,162
314,172
316,179
317,186
318,191
318,196
316,201
315,206
314,215
312,228
304,235
294,233
288,222
287,210
285,204
283,200
283,195
end box3
335,203
335,201
335,197
335,191
337,183
342,171
348,169
353,180
355,190
356,196
356,200
356,203
356,206
355,209
354,212
354,218
353,229
350,241
340,240
337,227
337,215
336,211
335,208
335,206
end box4
466,194
466,191
465,187
466,181
468,173
474,163
480,162
486,170
489,178
490,185
490,190
490,194
489,197
489,201
488,204
487,210
485,220
481,230
472,231
469,217
468,207
467,203
466,200
466,197
end box5
370,182
375,171
381,169
386,179
388,190
387,197
387,209
386,211
388,219
387,233
383,240
372,240
369,231
end box6
304,192
304,189
303,184
303,178
305,167
311,155
318,153
325,164
327,176
327,183
327,188
327,192
327,195
327,199
326,203
326,209
325,223
321,237
310,233
306,216
306,205
305,201
304,198
end box7
462,205
462,201
462,195
462,187
466,175
473,157
481,157
488,172
491,186
492,194
492,200
493,204
492,208
490,212
490,217
492,228
492,248
484,256
470,256
464,241
466,222
466,215
465,211
end box8
538,171
538,170
539,169
540,169
541,169
542,170
543,171
543,172
543,173
543,174
543,175
543,176
542,177
542,179
540,179
539,179
538,178
537,176
end box9
319,202
320,199
320,195
320,189
322,180
328,168
334,166
340,175
343,187
343,193
344,198
344,202
344,205
344,209
343,213
342,220
341,232
336,242
326,242
321,229
321,216
321,211
320,208
320,205
end box10
553,172
553,172
554,171
555,171
556,171
557,171
557,172
558,173
558,174
558,175
558,176
558,177
557,178
556,179
555,180
554,179
553,178
552,177
end box11
370,182
375,171
381,169
386,179
388,190
387,197
387,209
386,211
388,219
387,233
383,240
372,240
369,231
end box12
375,191
378,182
383,182
387,188
387,215
387,224
384,230
378,228
376,219
end box13
888,125
902,124
903,126
903,136
901,137
889,137
888,135
end box14
19,154
20,154
22,154
23,154
24,155
24,156
25,161
24,162
23,163
21,163
20,163
19,162
end box15
596,173
597,172
598,171
599,171
600,172
601,172
602,173
603,174
603,176
603,179
602,180
601,180
599,181
598,181
597,180
596,179
end box16
681,106
682,106
685,105
686,106
686,116
685,117
683,117
682,117
680,116
end box17
end total18boxes
