285,201
304,186
322,178
338,176
350,174
360,174
369,173
379,175
391,175
405,180
423,187
445,202
451,223
444,236
419,245
395,245
380,243
369,241
336,242
311,244
288,236
281,222
end box0
554,202
555,197
561,191
566,188
572,188
594,188
598,191
603,197
606,201
607,209
607,217
603,224
597,225
562,226
556,224
554,216
555,209
end box1
853,287
892,244
934,223
983,223
1017,224
1042,228
1063,230
1086,229
1112,233
1153,236
1195,254
1237,292
1253,343
1239,373
1177,388
1121,387
1089,385
1064,381
1043,378
986,383
926,391
868,372
849,340
end box2
720,193
720,191
720,189
721,186
723,182
726,180
729,184
730,187
730,190
730,192
730,194
730,195
730,197
730,198
729,201
729,207
727,210
723,209
721,203
721,199
721,197
721,196
end box3
266,57
267,51
271,45
276,41
282,38
287,36
294,36
300,38
306,41
311,45
315,50
317,57
318,64
316,71
312,77
308,82
301,85
294,87
287,86
280,86
273,82
269,77
267,71
267,64
end box4
445,188
445,186
446,184
447,183
450,182
451,182
454,182
456,181
458,183
460,183
462,186
463,188
463,191
463,194
461,196
459,198
457,199
454,199
451,198
449,198
447,197
445,195
444,193
444,191
end box5
end total6boxes
