676,195
678,190
685,184
690,180
696,180
702,180
707,180
713,181
720,180
724,184
730,190
733,195
735,204
734,213
731,220
724,222
714,219
694,220
684,223
677,221
675,213
676,204
end box0
768,229
799,201
837,182
866,173
891,172
912,175
932,174
954,172
978,176
1014,179
1053,196
1077,228
1086,271
1073,301
1031,318
988,318
889,313
853,324
812,317
768,303
760,273
end box1
739,187
742,183
746,179
750,177
755,177
766,177
771,176
776,177
780,182
784,187
785,193
784,200
780,203
772,203
767,203
762,202
759,203
754,204
748,204
741,203
737,199
738,193
end box2
634,181
634,180
636,178
637,177
639,176
646,176
648,177
650,179
651,181
652,184
652,187
651,190
648,190
638,191
635,190
633,189
633,186
633,184
end box3
546,171
551,170
552,171
553,172
554,173
554,174
554,176
553,177
552,178
551,178
549,179
548,178
547,178
546,177
545,176
end box4
758,190
759,187
761,184
764,182
767,182
770,181
773,182
776,182
779,182
782,183
785,186
786,190
787,194
787,198
786,202
781,203
776,203
773,202
770,202
767,203
763,203
759,201
758,197
757,194
end box5
512,175
512,175
516,175
517,175
517,176
518,177
518,178
518,179
518,181
517,181
515,182
514,182
513,182
512,181
511,181
510,180
end box6
528,174
532,174
533,174
534,175
534,176
534,177
534,178
534,180
533,181
531,181
530,181
529,181
528,181
527,180
526,179
end box7
147,192
148,190
149,188
150,187
152,186
153,184
156,184
158,184
160,186
162,187
163,189
165,191
165,194
165,197
163,199
161,201
159,203
156,203
153,203
151,202
149,200
147,198
147,196
146,194
end box8
605,182
606,180
607,178
608,177
610,176
611,174
614,174
616,175
618,176
620,177
621,179
622,181
622,184
622,186
621,189
619,191
617,192
614,193
611,192
609,192
607,190
606,188
605,186
605,184
end box9
299,161
300,160
301,160
303,160
304,161
305,162
306,170
305,171
303,173
302,173
300,173
298,171
end box10
610,176
611,175
612,174
613,174
615,174
616,175
617,176
618,177
619,179
619,180
619,182
618,184
617,185
615,186
613,187
612,186
610,185
609,184
608,183
end box11
804,153
805,153
807,153
808,153
809,154
810,155
810,160
809,161
808,162
806,162
805,162
804,161
end box12
603,186
603,184
604,183
606,181
607,180
610,180
614,180
616,181
618,182
620,184
621,186
621,189
621,192
620,195
617,196
614,196
612,196
609,196
607,196
605,195
602,194
602,191
602,189
end box13
854,170
855,169
856,169
857,169
858,170
859,171
859,178
858,179
856,179
855,179
854,178
end box14
365,0
368,-1
394,0
395,5
394,23
391,26
382,28
end box15
22,160
23,160
24,159
26,159
27,160
28,161
29,162
29,164
29,165
29,167
29,169
28,170
26,171
24,171
23,171
21,170
20,169
20,167
end box16
18,161
20,160
22,159
24,159
26,159
28,160
29,161
30,163
30,165
30,168
30,170
30,172
28,174
26,176
24,176
21,176
19,175
17,173
17,171
end box17
313,92
318,89
354,89
360,92
360,100
357,103
315,103
313,99
end box18
608,125
609,125
610,126
611,127
612,128
613,129
612,132
612,133
611,134
610,135
608,136
607,135
606,134
end box19
320,161
321,160
322,160
323,160
324,161
325,162
326,168
325,169
324,170
322,171
321,170
320,169
end box20
320,144
321,143
322,143
324,143
325,144
325,145
326,146
326,147
326,149
326,151
325,152
324,154
322,154
321,154
320,152
end box21
598,144
599,144
601,143
602,144
603,145
603,152
602,153
600,153
599,153
598,152
end box22
152,143
153,143
156,143
157,143
158,144
158,151
158,153
156,154
154,154
153,154
151,153
end box23
49,139
50,137
50,135
52,133
54,133
57,132
59,132
62,132
63,135
64,148
63,151
60,153
57,153
54,152
52,151
50,149
49,146
49,144
end box24
606,143
607,142
608,142
609,142
610,143
611,144
611,151
610,152
608,153
607,152
606,152
end box25
356,44
358,33
367,35
375,38
382,41
387,45
387,54
387,60
387,64
388,69
387,73
387,79
387,88
383,94
376,99
366,101
358,102
357,88
end box26
end total27boxes
