475,192
477,189
481,185
483,182
486,181
499,180
504,181
505,184
510,188
512,191
511,197
511,203
512,211
507,210
485,209
479,210
476,209
476,202
475,197
end box0
204,246
224,223
240,203
263,195
286,194
305,197
321,196
341,195
360,199
383,206
405,223
419,246
426,275
420,299
398,314
365,319
341,317
322,311
306,308
289,310
262,317
225,317
203,301
197,276
end box1
562,186
564,184
566,180
568,176
571,175
583,175
588,175
590,178
593,183
594,186
594,191
594,196
595,203
590,203
570,203
564,204
562,202
562,195
562,191
end box2
396,186
397,183
400,180
402,177
405,177
412,177
416,177
419,177
422,180
425,183
427,186
427,191
427,196
426,200
421,201
416,201
405,201
401,200
397,199
396,195
396,191
end box3
557,174
558,172
559,171
560,170
561,169
568,169
570,169
571,171
572,173
571,175
571,178
570,180
568,180
566,181
564,181
562,182
560,181
559,181
557,179
557,177
557,175
end box4
506,177
506,175
508,174
510,172
512,172
519,173
521,173
524,175
525,177
526,180
526,183
524,186
521,186
518,186
511,186
509,185
507,185
506,182
505,180
end box5
527,176
528,175
528,175
529,174
529,174
530,173
532,173
533,174
534,174
534,175
535,176
535,177
535,178
535,180
534,180
532,181
531,181
530,181
529,180
528,180
527,179
527,178
527,177
end box6
539,175
540,173
542,172
543,171
544,171
550,171
552,171
554,173
555,174
556,177
556,179
554,182
552,182
549,181
544,182
541,182
540,181
539,179
539,177
end box7
510,174
510,173
511,172
516,172
518,172
518,174
519,175
519,176
519,178
519,180
518,181
516,181
511,180
510,180
509,179
end box8
559,173
560,172
560,172
561,171
564,171
565,171
566,172
567,173
568,174
567,175
567,177
567,178
566,179
564,179
563,180
562,180
561,179
559,178
559,177
559,176
end box9
524,176
524,174
526,173
527,172
528,172
534,172
536,172
538,174
539,175
540,178
539,180
538,182
536,183
533,183
531,182
530,183
528,183
526,183
524,182
523,180
523,178
end box10
542,175
543,174
543,174
544,173
544,173
548,173
549,173
549,174
550,175
550,176
550,177
550,179
549,179
547,180
546,180
545,180
544,180
543,179
542,178
542,177
542,176
end box11
571,176
571,174
573,173
574,172
576,172
584,171
586,172
587,174
588,176
589,179
589,182
588,185
585,185
575,185
572,185
571,184
570,181
570,179
end box12
458,190
458,188
459,186
460,184
462,183
463,182
466,182
468,183
470,184
471,185
472,187
473,189
473,192
473,194
473,197
471,199
469,200
466,200
463,200
461,199
459,198
458,196
457,194
457,191
end box13
480,175
484,174
485,175
485,176
486,177
486,178
486,179
486,181
485,182
483,182
481,182
480,182
479,181
478,180
end box14
458,181
458,179
459,177
460,176
462,175
464,174
465,174
467,175
469,175
471,177
472,178
473,180
473,183
473,185
472,188
471,189
468,190
466,190
463,190
461,189
459,188
458,186
458,184
458,182
end box15
510,158
512,158
513,159
513,159
514,160
514,161
514,162
514,163
513,164
512,164
511,164
510,164
509,164
end box16
495,144
495,144
496,145
497,146
497,147
497,148
496,149
496,151
494,151
493,151
492,151
491,150
end box17
622,172
623,171
624,171
625,171
626,172
627,173
628,174
628,177
628,179
627,180
626,181
624,182
623,182
622,180
621,179
end box18
567,150
568,150
568,151
568,156
568,157
566,157
564,157
563,156
562,155
end box19
496,160
496,160
498,160
498,160
499,161
499,161
500,162
500,163
500,164
500,165
499,166
498,166
497,167
496,166
495,166
end box20
407,144
408,144
409,144
410,144
410,144
411,144
411,145
412,149
411,150
410,150
409,151
408,151
407,150
end box21
568,157
569,158
569,159
569,161
569,163
568,164
563,164
562,163
end box22
596,159
597,160
597,160
598,161
598,162
598,163
598,164
597,165
596,165
595,165
594,165
593,165
end box23
408,123
409,123
411,123
412,123
413,124
413,131
412,131
410,132
409,132
408,131
end box24
496,160
496,160
498,160
498,160
499,161
499,161
500,162
500,163
500,164
500,165
499,166
498,166
497,167
496,166
495,166
end box25
580,130
582,130
583,130
584,134
584,135
583,136
582,136
580,136
579,136
end box26
end total27boxes
