751,190
751,189
753,187
754,186
756,185
764,185
765,186
767,188
768,190
768,193
768,196
767,199
765,199
755,199
752,199
751,198
750,195
750,193
end box0
768,190
768,188
769,186
770,185
772,185
779,185
781,185
782,187
783,189
784,192
784,194
783,197
780,198
778,198
774,197
771,198
769,197
768,196
767,194
767,191
end box1
653,192
654,188
656,185
659,182
662,182
677,182
680,184
683,187
685,191
685,196
686,201
684,206
679,207
661,207
656,207
653,205
652,200
652,196
end box2
772,188
772,187
773,187
776,187
777,187
778,188
779,189
780,190
780,191
779,193
780,195
778,195
777,196
775,196
774,196
773,195
771,195
771,193
end box3
739,176
739,176
742,176
743,176
744,177
744,178
744,179
744,180
744,181
743,182
742,183
741,183
740,183
739,182
738,181
end box4
659,159
659,159
660,158
661,157
662,157
663,157
664,158
665,158
666,160
667,161
667,162
667,164
666,165
665,166
664,167
662,168
661,167
660,166
659,165
658,164
end box5
832,158
833,159
834,160
834,165
833,166
832,167
830,167
829,167
828,166
827,165
end box6
1113,148
1125,147
1127,149
1127,163
1126,165
1115,165
1112,163
end box7
827,146
828,145
829,145
830,145
832,145
833,145
834,146
835,147
835,152
835,154
834,155
832,156
830,156
829,156
827,155
826,154
826,152
end box8
657,161
657,159
658,158
659,157
660,156
662,155
663,154
665,155
667,155
669,157
669,159
670,161
670,162
670,164
669,167
668,169
666,170
664,170
661,170
659,169
658,167
658,165
657,164
657,162
end box9
891,156
892,155
894,155
895,155
896,156
896,157
896,161
896,163
894,163
893,163
892,163
891,162
end box10
743,160
744,161
745,161
745,165
744,166
743,166
742,167
741,166
740,166
end box11
791,162
792,163
793,164
793,169
792,170
791,170
788,170
787,170
786,169
end box12
191,79
194,73
200,73
207,69
216,68
219,75
218,117
216,125
208,125
200,123
194,120
192,113
192,106
end box13
707,158
708,158
710,158
711,158
712,159
713,160
713,165
712,166
711,167
709,167
708,167
707,166
end box14
end total15boxes
