761,248
773,225
792,201
810,186
836,182
860,183
881,186
905,185
928,192
948,204
968,225
980,248
985,279
979,308
964,326
930,330
902,327
880,322
861,327
836,336
809,337
777,328
758,312
758,280
end box0
474,176
475,170
479,166
486,165
492,166
503,166
508,166
514,167
518,172
523,177
525,184
524,191
518,194
511,195
504,195
500,195
480,192
475,189
474,183
end box1
684,192
688,183
696,174
703,167
713,166
723,166
732,167
741,168
752,168
761,172
769,182
772,192
770,205
768,216
762,225
751,228
740,228
732,231
722,233
713,232
699,233
687,230
684,218
684,205
end box2
339,188
343,173
355,164
371,161
385,161
395,162
404,161
414,162
426,163
437,169
449,178
459,189
464,206
462,222
450,232
431,234
345,219
340,205
end box3
1207,275
1209,264
1214,240
1232,207
1237,235
1237,264
1238,320
1238,350
1232,378
1213,358
1207,324
1207,307
end box4
622,173
622,171
624,169
625,168
627,168
634,167
636,168
638,170
639,172
639,175
639,178
638,180
636,181
626,181
624,181
622,179
622,177
621,175
end box5
660,174
662,171
665,168
668,166
685,166
689,167
692,170
695,174
695,179
694,184
691,187
686,188
667,188
663,187
660,183
660,179
end box6
644,175
645,175
646,174
647,174
649,173
650,174
651,175
651,176
652,182
650,184
649,185
647,185
646,185
644,184
643,183
end box7
688,172
689,170
691,170
695,168
697,169
699,169
701,171
702,173
702,183
700,185
698,186
695,186
692,186
690,186
688,184
687,182
end box8
end total9boxes
