795,254
831,207
883,178
930,169
970,165
1003,170
1035,170
1068,165
1109,171
1167,172
1223,199
1253,251
1264,318
1245,367
1185,391
1118,390
1069,381
1034,375
1004,379
969,386
920,393
854,387
800,365
787,319
end box0
473,195
474,189
478,182
484,179
491,179
498,179
503,179
510,179
517,179
524,182
529,188
531,195
531,204
530,212
527,220
519,222
510,221
504,220
497,220
490,222
481,223
475,220
472,212
474,203
end box1
684,206
689,197
695,188
703,183
713,182
721,182
729,183
738,183
747,184
757,188
765,196
767,206
767,218
767,229
761,238
749,240
738,240
729,241
721,242
712,242
699,243
687,241
683,230
683,218
end box2
739,233
747,214
762,197
778,184
797,180
816,181
833,180
852,180
875,182
896,189
907,209
908,232
909,256
905,280
895,296
872,303
852,309
834,310
814,311
794,313
770,312
742,304
734,284
735,258
end box3
599,176
601,172
602,169
605,166
623,166
626,168
629,171
631,175
631,180
631,185
629,190
625,191
608,191
604,190
600,188
598,184
598,179
end box4
546,181
549,177
552,174
555,173
570,173
573,175
577,177
581,180
582,185
582,191
578,193
572,194
554,193
548,193
546,190
545,185
end box5
441,147
442,145
442,143
444,141
445,140
447,140
450,139
452,140
454,140
456,142
457,144
458,146
458,149
458,152
457,154
455,156
453,157
450,157
447,157
445,157
443,155
441,153
441,151
441,149
end box6
675,148
675,147
676,147
677,147
678,147
679,147
680,148
680,149
681,150
681,151
681,152
681,154
680,155
679,156
677,156
676,156
675,155
674,154
end box7
575,158
576,157
578,157
579,158
579,158
579,164
578,165
577,165
576,165
575,164
end box8
end total9boxes
