759,248
788,216
818,188
849,176
881,177
908,181
931,183
958,181
985,185
1016,194
1049,217
1076,248
1088,293
1080,328
1048,353
1001,356
959,343
881,345
837,360
793,352
755,330
749,294
end box0
17,251
49,224
76,210
109,208
131,208
147,206
161,208
178,210
195,213
224,216
251,230
283,255
298,291
285,311
244,322
200,320
179,323
163,325
146,325
132,320
108,320
66,324
27,310
15,287
end box1
318,207
325,198
333,188
340,182
352,182
361,182
370,182
379,182
391,182
400,187
408,197
414,207
415,222
415,236
408,244
393,248
381,249
371,248
361,246
352,246
339,246
323,245
318,235
317,221
end box2
537,189
539,186
542,183
545,181
547,182
559,181
562,183
565,185
568,188
569,193
569,198
566,202
561,202
547,201
542,201
538,201
536,197
536,193
end box3
505,189
507,186
509,183
511,181
514,181
526,181
529,182
532,185
534,188
535,193
535,197
533,202
528,202
513,202
509,201
506,201
505,196
504,192
end box4
638,180
638,178
640,176
641,175
643,175
650,175
652,175
654,177
655,179
655,182
655,185
654,187
651,188
649,188
642,188
640,188
638,186
637,184
637,182
end box5
523,190
523,188
524,186
525,185
527,184
529,184
530,183
532,183
534,184
536,185
537,187
538,189
538,192
538,194
537,197
536,198
533,199
531,199
528,198
526,198
524,197
523,195
523,193
523,191
end box6
572,180
572,178
574,177
575,176
577,175
584,175
586,176
588,178
589,180
590,183
590,186
589,189
586,189
583,189
576,189
574,189
572,188
571,185
571,183
end box7
555,182
555,180
556,178
557,177
559,176
561,176
562,176
564,176
566,177
568,178
569,179
570,181
570,184
570,186
570,189
568,190
565,191
563,190
560,190
558,190
556,189
555,188
555,185
554,183
end box8
625,176
630,175
631,176
632,177
633,178
633,179
633,181
633,183
631,183
630,183
627,183
625,183
624,183
624,182
end box9
554,188
554,186
555,184
557,182
559,182
564,182
567,182
568,183
569,185
571,187
571,190
571,192
570,195
568,196
565,196
558,196
556,195
555,194
554,192
554,190
end box10
594,174
599,173
600,174
601,175
601,176
601,177
601,178
601,180
600,181
598,181
596,181
595,181
594,180
593,179
end box11
621,180
621,178
623,176
624,175
626,175
633,175
635,175
637,177
638,179
639,182
639,185
637,187
634,188
625,188
623,188
621,186
620,184
620,182
end box12
642,175
642,175
643,174
647,174
648,175
649,176
649,177
649,178
649,180
649,181
648,182
646,182
644,182
643,182
642,181
641,180
end box13
539,180
539,178
541,177
542,176
544,176
551,175
554,176
555,178
556,180
557,183
557,186
556,189
553,189
543,189
540,189
539,188
538,185
538,183
end box14
577,176
578,176
582,176
583,177
584,178
585,179
585,180
585,182
585,184
583,184
582,185
579,185
577,184
576,184
576,183
end box15
611,174
615,174
616,174
617,175
617,176
618,177
617,179
617,180
616,181
614,181
612,181
611,181
610,180
609,179
end box16
538,189
538,187
540,186
542,184
543,184
552,184
554,184
556,187
558,189
558,192
558,195
556,198
553,199
543,199
540,199
538,198
537,195
537,192
end box17
462,208
463,206
464,206
466,206
467,208
467,209
468,216
467,218
466,220
465,221
463,220
461,218
end box18
646,160
647,160
648,161
648,165
647,166
646,167
645,167
644,167
643,166
end box19
228,139
230,137
242,136
244,138
245,140
245,152
243,154
229,153
end box20
45,126
45,122
47,118
52,117
56,116
59,117
63,118
68,119
71,121
72,125
73,129
73,133
72,138
71,142
69,146
64,148
60,149
55,149
51,148
46,146
45,142
45,137
45,133
end box21
-1,124
-2,120
0,116
2,114
5,113
10,114
12,117
12,140
10,145
6,145
1,146
-1,142
-1,137
-1,133
end box22
9,127
9,123
10,119
14,116
18,115
23,115
26,115
30,116
35,117
39,118
41,122
41,127
42,132
42,137
40,141
36,144
31,144
27,146
22,146
18,146
13,144
10,140
10,136
10,132
end box23
end total24boxes
