565,206
569,196
578,184
586,175
597,173
610,174
621,174
633,175
647,176
658,180
666,193
668,205
666,221
665,235
661,250
649,253
631,249
620,250
610,251
598,252
579,256
568,252
565,236
565,221
end box0
663,161
665,162
666,163
666,168
666,171
664,172
662,173
658,173
657,172
656,171
655,169
end box1
652,140
653,138
662,137
665,138
666,140
667,155
665,158
663,160
653,159
651,156
end box2
657,174
660,173
662,174
663,174
663,175
664,181
662,183
661,183
659,184
658,183
656,183
655,182
end box3
477,126
478,126
479,126
480,126
482,126
482,127
483,129
483,134
482,135
481,137
479,137
478,137
476,136
end box4
653,160
654,159
656,158
665,158
668,159
669,162
669,170
669,173
667,175
664,176
661,176
658,176
655,175
653,174
652,171
end box5
480,139
481,138
482,138
483,138
484,139
485,140
486,146
485,147
484,148
482,149
481,148
480,147
end box6
689,172
690,171
691,171
692,171
693,172
694,173
694,180
693,181
691,182
690,181
689,180
end box7
623,155
624,154
627,155
628,155
629,156
629,165
627,166
625,166
624,166
622,165
end box8
590,90
591,89
593,87
595,86
597,86
599,86
601,87
602,89
603,91
603,93
603,96
603,98
603,100
602,102
600,104
597,105
594,105
592,104
590,101
590,99
end box9
690,161
691,160
692,160
693,160
694,161
695,162
696,168
695,169
694,170
692,171
691,170
690,169
end box10
593,92
594,91
595,91
597,90
598,92
599,93
599,100
599,102
598,104
596,105
593,104
592,103
end box11
654,177
655,175
656,174
658,173
660,172
664,172
666,173
667,174
668,176
669,181
669,183
668,185
666,187
664,188
662,189
659,188
657,188
656,186
654,184
end box12
541,105
542,105
545,104
546,105
546,115
545,116
543,117
542,116
540,115
end box13
end total14boxes
