351,210
353,206
356,203
358,201
362,201
365,201
368,201
371,201
375,201
378,203
382,206
384,209
385,214
385,219
382,223
377,224
372,223
368,223
365,223
361,223
357,223
352,222
350,219
350,214
end box0
399,196
401,193
404,189
407,188
411,188
424,188
428,189
431,192
434,196
435,201
435,207
431,210
426,211
421,211
410,211
406,210
401,210
399,206
398,201
end box1
341,212
342,209
344,206
346,204
349,204
352,204
355,204
357,204
361,204
364,206
366,208
368,212
368,216
368,220
366,223
362,224
358,224
355,224
352,224
348,225
345,224
342,223
340,219
341,215
end box2
557,194
557,193
559,191
560,190
562,189
570,189
572,190
573,192
575,194
575,197
575,200
574,203
571,204
568,203
561,203
558,203
557,202
556,199
556,197
end box3
443,190
444,190
445,190
446,190
447,190
448,191
448,192
449,197
448,198
447,199
445,199
444,199
443,198
end box4
479,175
482,174
483,175
484,175
485,177
486,178
486,179
486,181
486,182
485,184
483,184
481,185
480,184
478,184
478,182
477,181
end box5
191,205
192,204
193,204
195,204
196,205
197,206
196,215
195,216
194,217
192,216
190,215
end box6
432,191
433,190
434,190
435,190
436,191
437,192
438,193
438,194
438,195
438,197
438,198
437,200
436,200
434,201
433,200
432,199
431,198
end box7
545,175
546,174
547,174
548,174
549,175
550,175
550,176
550,177
550,178
550,179
550,181
550,182
548,182
547,183
546,182
545,182
544,180
end box8
318,175
319,175
320,175
321,175
322,175
323,176
323,177
324,178
324,179
324,180
324,182
323,183
322,184
320,184
319,184
318,183
end box9
416,143
417,142
418,142
419,142
420,143
421,144
422,145
422,146
422,148
422,150
421,151
420,152
418,153
417,152
416,151
end box10
591,159
592,158
594,158
595,159
596,159
596,160
596,161
596,162
596,163
596,164
596,165
594,166
593,166
592,166
591,166
end box11
611,176
611,176
612,176
613,176
613,176
614,177
615,177
615,178
615,179
615,180
615,181
614,182
613,182
612,183
611,182
610,182
610,181
end box12
478,191
479,190
480,190
481,190
482,191
483,192
483,193
484,194
484,195
484,196
484,198
483,199
482,200
480,201
479,200
478,199
477,198
end box13
360,143
361,141
361,140
362,139
363,138
365,137
366,137
368,137
370,138
371,139
372,141
372,143
372,144
372,146
372,148
371,150
369,151
367,152
365,151
363,151
361,149
361,147
360,146
360,144
end box14
248,192
249,192
250,191
251,191
252,191
254,192
254,193
255,199
254,200
253,201
251,202
250,201
248,201
248,199
end box15
417,158
418,157
419,157
420,157
421,157
422,158
422,159
422,160
422,163
422,165
420,165
419,166
418,165
417,164
end box16
281,192
282,191
284,191
285,191
286,192
286,193
287,194
287,195
287,196
287,198
286,199
284,199
283,199
282,199
281,199
280,198
end box17
480,158
481,157
483,157
484,158
485,159
486,160
486,165
485,166
484,167
482,168
481,167
480,167
end box18
577,177
578,177
580,177
581,177
581,177
582,178
582,182
581,183
580,184
579,184
578,184
577,183
577,182
end box19
594,176
595,175
596,175
597,175
598,176
598,176
599,177
599,178
599,179
599,180
599,181
598,182
597,183
596,183
595,183
594,182
end box20
446,160
447,159
448,159
449,159
450,159
451,160
451,161
451,162
451,164
451,165
451,167
450,168
448,168
447,167
446,166
end box21
end total22boxes
