571,194
572,191
575,188
577,184
580,183
597,184
599,187
602,191
604,194
603,199
604,204
604,211
600,211
579,211
573,212
571,210
571,203
571,199
end box0
522,190
524,188
527,185
528,182
531,181
546,181
548,184
551,187
553,190
553,195
553,200
552,205
548,206
530,205
526,205
523,204
522,199
522,194
end box1
540,177
541,175
542,173
543,172
552,172
554,173
555,174
557,176
557,179
557,181
556,184
553,184
551,185
545,184
542,184
541,183
540,181
540,179
end box2
553,176
554,175
556,173
557,172
566,172
568,172
570,174
572,176
572,179
572,182
571,185
568,185
558,184
556,185
554,184
553,181
553,179
end box3
561,176
566,175
567,176
568,177
569,178
569,179
569,181
569,182
567,183
566,183
563,183
562,183
561,182
560,181
end box4
547,175
551,175
552,175
552,176
553,177
553,178
553,179
553,181
552,181
550,182
549,182
548,182
547,181
546,181
546,180
end box5
606,178
607,176
608,174
609,173
611,172
619,172
621,173
622,175
623,177
623,180
623,183
622,185
620,186
610,186
608,186
606,184
606,182
606,180
end box6
617,177
618,176
620,174
621,173
632,174
634,175
635,177
636,180
636,183
634,185
631,185
620,185
618,184
617,182
617,180
end box7
639,160
639,159
640,159
641,159
642,159
643,159
644,160
644,161
645,162
645,163
645,164
645,166
644,167
643,167
641,168
640,168
639,167
638,166
end box8
441,142
441,141
444,141
445,141
446,142
446,143
447,144
447,146
447,148
446,149
444,149
443,149
442,149
441,149
440,148
end box9
598,156
599,157
600,158
600,159
601,160
600,162
600,163
599,164
598,164
595,164
594,164
end box10
804,158
805,156
816,155
818,157
820,159
820,170
818,171
806,172
804,170
803,169
end box11
804,146
805,144
807,143
809,142
812,142
814,142
817,143
818,144
820,147
820,149
820,152
820,155
820,158
818,160
815,161
812,161
809,161
806,160
804,159
803,156
end box12
end total13boxes
