486,206
488,200
493,192
498,187
506,187
513,187
520,187
527,188
535,188
540,192
546,200
549,206
550,216
550,225
547,233
537,235
527,233
520,231
513,231
505,234
495,235
488,233
486,224
486,215
end box0
679,216
683,207
691,198
697,190
707,189
717,190
726,189
736,189
746,191
753,197
762,206
766,215
766,228
764,240
760,251
749,253
735,250
725,250
717,251
707,252
693,254
681,253
678,241
678,228
end box1
647,192
648,189
651,186
653,184
656,182
660,182
667,182
672,182
675,184
678,188
678,192
677,197
677,201
675,205
671,207
655,209
650,209
647,206
646,201
646,197
end box2
547,197
549,194
551,191
554,189
556,190
568,190
570,191
573,194
575,197
575,201
575,205
574,209
570,210
552,209
549,208
548,204
547,200
end box3
571,192
571,190
572,188
573,187
575,186
582,187
584,188
585,189
586,191
587,194
587,196
586,199
584,200
581,200
574,200
572,199
571,198
570,195
570,193
end box4
638,194
639,192
640,191
640,189
642,188
643,187
646,187
648,187
651,187
653,188
653,191
652,200
650,201
648,202
646,203
643,204
640,204
638,203
638,200
637,197
638,195
end box5
577,190
578,189
579,188
584,189
585,189
586,190
586,192
586,193
586,195
586,197
585,198
583,198
581,198
580,198
578,198
577,197
576,196
end box6
621,194
621,192
622,191
623,189
625,188
627,188
630,188
632,188
634,189
635,191
636,193
636,196
636,198
636,201
633,202
631,202
628,202
626,202
624,203
622,202
621,200
620,198
620,195
end box7
609,188
610,187
614,187
615,188
616,189
617,190
617,191
616,193
617,194
615,195
614,195
612,196
611,195
610,195
608,194
608,193
end box8
625,191
625,191
626,190
627,189
628,189
629,189
630,190
631,191
632,192
632,193
632,194
632,196
632,197
631,198
630,199
628,199
627,199
625,198
624,198
624,196
end box9
593,187
594,186
598,186
599,187
600,188
600,189
600,190
600,192
600,193
599,194
598,194
596,195
595,194
594,194
593,193
592,192
end box10
464,193
465,191
466,191
468,191
468,193
469,194
470,200
469,201
468,203
467,204
465,203
464,201
end box11
680,209
681,208
682,208
683,208
684,209
685,210
686,216
685,217
684,218
682,219
681,219
680,217
679,216
end box12
469,157
470,157
472,157
473,157
474,158
475,159
475,164
474,165
473,166
471,166
470,166
469,165
468,164
end box13
749,111
753,104
754,103
757,103
759,103
761,104
763,106
764,108
764,110
764,113
764,115
763,118
762,120
760,122
757,122
754,122
752,120
750,118
749,116
749,114
749,112
end box14
509,163
513,162
514,163
514,164
515,169
514,170
513,170
511,170
510,170
509,170
508,169
end box15
666,139
667,138
669,137
671,137
672,136
675,136
676,137
678,138
679,140
679,145
679,147
679,150
678,152
675,152
673,152
670,152
668,152
666,150
665,148
end box16
end total17boxes
