691,159
692,158
693,158
694,158
695,159
696,159
696,160
696,161
696,162
696,163
696,164
695,165
694,166
693,167
692,166
691,165
690,164
end box0
525,141
525,140
526,140
527,140
528,140
529,140
530,141
530,142
531,143
530,145
530,147
530,148
529,148
527,149
526,148
525,148
524,147
end box1
707,145
708,144
709,143
714,143
715,144
716,145
716,147
716,150
716,152
715,153
713,153
710,153
708,153
707,152
707,150
end box2
705,144
705,142
707,141
710,140
712,141
715,141
716,143
717,144
716,153
715,155
713,156
706,156
705,154
704,152
end box3
531,159
532,159
533,159
534,159
535,159
536,160
536,161
536,162
536,164
536,165
536,166
534,167
533,168
532,167
531,166
530,165
end box4
end total5boxes
