980,234
1007,209
1029,191
1052,182
1075,181
1094,178
1112,176
1134,172
1160,173
1192,179
1215,199
1231,231
1236,266
1228,294
1199,313
1162,317
1134,316
1112,314
1092,313
1071,315
1042,317
1006,311
976,294
968,268
end box0
677,184
680,171
690,155
700,143
716,142
731,142
745,142
761,142
778,143
790,152
800,169
801,183
800,202
800,221
797,243
784,246
759,240
745,240
732,240
717,240
693,246
679,243
677,221
678,203
end box1
366,192
374,182
384,175
394,172
405,173
419,173
426,173
436,173
445,177
457,183
467,193
470,207
467,218
455,226
438,225
381,224
369,217
366,206
end box2
-3,231
2,211
9,190
26,185
49,197
65,210
80,211
95,215
104,225
112,238
115,252
117,268
116,285
115,305
105,314
85,316
67,316
49,323
23,338
2,336
0,314
end box3
136,213
171,185
207,173
240,173
261,172
278,174
291,176
307,176
323,178
351,180
387,191
423,216
438,254
422,273
371,285
335,287
235,283
199,285
149,273
131,252
end box4
495,186
496,183
499,179
502,178
506,178
515,178
519,178
522,180
526,183
528,186
529,191
529,196
527,201
521,202
516,201
506,200
502,199
497,199
495,195
495,191
end box5
502,180
503,176
505,174
508,173
512,173
519,173
522,173
525,174
528,177
531,180
532,184
531,188
528,191
524,192
520,192
517,191
505,190
502,187
501,184
end box6
591,176
592,174
597,174
598,174
599,175
599,176
599,177
599,179
599,180
598,181
596,181
594,181
593,181
592,180
591,179
end box7
608,176
609,175
609,175
610,174
614,174
615,174
616,175
616,176
616,177
616,178
616,180
615,180
613,180
610,180
609,180
608,179
608,178
608,177
end box8
491,178
492,172
497,168
503,168
508,168
518,169
523,168
528,169
533,173
537,178
539,185
538,190
531,193
525,194
520,194
516,195
512,195
508,194
503,194
497,193
492,189
490,184
end box9
604,177
605,175
607,174
608,173
615,173
617,173
619,175
621,176
621,179
621,181
619,183
616,184
609,183
606,184
604,183
604,181
604,179
end box10
518,177
518,173
521,171
524,170
534,171
537,171
539,172
542,174
545,177
546,181
545,185
542,187
538,188
535,188
532,188
521,186
518,183
517,180
end box11
578,130
579,129
580,129
581,129
582,129
582,130
583,137
582,138
580,138
579,138
578,137
end box12
643,189
644,188
645,188
646,188
647,189
648,190
649,191
649,196
648,197
647,198
645,199
644,198
643,197
642,196
end box13
642,177
643,177
644,175
645,175
647,176
648,177
648,177
649,179
650,180
650,181
649,183
649,184
648,185
647,187
645,187
644,187
642,186
641,184
641,183
end box14
637,181
637,179
638,178
638,176
640,175
642,173
644,173
646,174
648,175
649,176
650,178
650,180
650,183
650,185
650,187
648,189
646,191
644,191
641,191
639,190
637,188
637,186
636,184
636,182
end box15
end total16boxes
