158,219
171,207
184,201
195,198
205,199
213,200
220,198
228,199
236,199
247,202
260,208
275,219
279,235
276,247
258,252
239,253
229,253
221,253
213,253
205,251
195,251
176,252
160,246
155,235
end box0
346,207
350,204
355,202
358,201
369,201
372,202
377,204
383,206
384,212
382,215
376,218
371,218
356,218
351,217
346,215
344,211
end box1
348,194
350,191
355,189
358,188
371,188
374,189
379,191
383,194
384,199
383,204
378,207
374,208
357,206
352,206
348,203
347,199
end box2
446,190
447,189
448,189
450,189
451,190
452,191
452,192
453,199
452,200
450,201
449,202
447,201
445,200
444,199
end box3
443,159
444,158
445,158
446,158
447,158
448,158
449,159
449,160
450,161
450,162
450,163
450,165
449,166
448,167
446,167
445,167
444,166
443,165
end box4
399,177
400,176
401,176
402,176
403,177
405,177
405,178
406,184
405,186
403,187
401,187
400,187
398,186
end box5
446,174
447,174
448,174
449,174
450,174
451,175
452,176
452,181
451,182
450,183
448,183
447,183
446,182
end box6
333,191
333,191
334,190
335,190
336,190
337,190
338,191
338,192
339,193
339,194
339,195
339,197
338,198
336,198
335,198
334,198
333,198
332,197
332,196
end box7
562,161
563,161
564,161
565,161
565,161
566,161
567,162
567,163
567,164
567,165
567,166
566,167
565,168
564,168
563,168
562,167
562,166
end box8
383,189
384,190
385,191
385,192
385,193
385,194
385,196
384,197
383,198
381,198
380,198
379,197
378,196
end box9
352,173
353,173
355,173
356,173
357,174
358,175
358,180
357,181
356,182
354,182
353,182
352,181
end box10
432,186
433,186
435,186
436,186
437,187
438,188
438,193
437,194
436,195
433,195
432,194
431,193
end box11
594,142
598,142
599,143
600,144
600,145
600,146
600,147
600,149
599,150
598,150
596,151
595,150
594,150
593,149
end box12
429,175
430,174
431,174
432,174
433,175
434,176
434,177
435,182
434,183
433,184
431,184
430,184
429,183
end box13
445,145
446,144
447,143
448,143
449,143
450,144
451,145
452,146
453,147
453,148
452,150
452,151
451,152
450,153
448,153
447,153
446,152
445,151
444,150
end box14
527,145
530,145
531,145
532,146
533,147
533,148
533,150
533,152
532,153
531,154
529,154
528,154
527,153
end box15
416,159
417,159
418,159
419,159
420,159
421,160
422,161
422,162
422,163
422,164
422,166
421,167
420,168
418,168
417,168
416,167
415,166
end box16
465,174
465,174
466,173
467,173
468,173
469,173
470,174
470,175
471,176
471,177
470,178
471,180
470,181
468,181
467,181
466,181
465,180
464,180
end box17
464,190
465,190
466,189
467,190
468,190
469,191
469,192
470,193
469,194
470,195
470,197
469,198
468,199
466,199
465,199
464,198
463,197
end box18
443,190
444,189
446,187
447,186
450,186
452,186
454,187
455,189
456,191
457,193
457,196
457,198
457,201
455,203
453,205
450,205
447,204
445,203
443,201
442,199
end box19
416,175
417,175
418,175
419,175
420,175
421,176
421,177
422,182
421,183
420,184
418,184
417,184
416,183
end box20
670,195
671,194
671,192
673,191
675,190
677,190
678,190
680,191
682,193
682,195
683,197
683,198
683,201
682,203
681,205
679,206
677,206
674,206
672,206
671,204
670,202
669,198
end box21
397,187
398,186
401,187
402,188
403,194
402,196
401,196
398,196
396,196
end box22
642,175
643,175
644,175
645,175
646,175
647,176
647,177
647,182
647,183
646,183
644,184
643,184
642,183
641,182
end box23
353,161
354,160
355,160
356,160
357,161
358,162
359,163
359,168
358,169
357,170
355,170
354,170
353,169
end box24
545,165
546,164
547,164
548,164
549,165
549,165
550,166
550,167
550,168
550,169
550,170
550,172
548,172
547,173
546,172
545,171
end box25
593,159
594,158
596,158
597,159
597,159
598,160
598,164
597,165
596,166
595,166
594,166
593,165
end box26
end total27boxes
