609,175
609,175
610,175
611,175
612,174
613,175
613,175
614,176
615,177
615,178
615,179
615,181
613,181
612,182
611,182
610,182
609,181
608,181
608,180
608,179
608,178
end box0
530,173
530,173
534,173
535,173
535,174
536,175
536,176
536,177
536,179
535,180
533,180
532,180
531,180
530,179
529,179
528,178
end box1
488,178
489,176
491,175
492,174
494,174
501,173
504,174
506,176
507,178
507,181
507,184
506,187
503,187
493,187
490,187
488,186
487,183
487,181
end box2
544,174
544,174
545,174
546,174
547,174
547,174
548,174
549,175
549,176
550,177
549,178
549,180
548,180
547,180
546,181
545,180
544,180
543,179
543,179
end box3
834,178
834,176
835,174
836,173
838,173
840,172
841,172
843,172
845,172
847,173
848,175
849,177
849,180
849,182
849,185
846,186
844,186
842,186
839,186
837,186
835,186
834,184
833,181
833,179
end box4
561,173
564,172
565,173
566,173
566,174
566,175
566,176
566,177
565,178
564,178
563,178
562,178
561,178
561,177
560,176
end box5
592,172
592,172
593,172
594,172
595,171
596,172
596,172
597,173
597,174
597,175
597,176
597,177
596,178
595,179
594,179
593,178
592,178
591,177
591,177
end box6
627,174
627,174
628,173
629,173
630,173
631,173
632,174
632,175
633,176
633,177
633,178
633,180
632,181
630,181
629,181
628,181
627,181
626,180
626,179
end box7
494,174
499,173
500,174
501,175
502,176
502,177
502,179
502,181
500,181
498,181
496,181
495,181
493,181
493,180
end box8
1108,223
1107,214
1107,204
1110,190
1116,171
1130,144
1143,135
1159,160
1168,181
1170,199
1168,213
1168,222
1166,230
1161,237
1158,244
1154,251
1152,275
1144,309
1126,310
1118,278
1118,251
1115,243
1110,237
1109,230
end box9
686,182
686,180
687,179
687,177
688,174
690,170
693,168
696,170
698,174
698,177
698,180
698,182
698,183
697,185
697,187
697,190
697,196
694,199
690,198
688,193
687,188
687,186
687,184
687,183
end box10
657,176
657,176
658,175
659,174
660,175
661,175
662,176
662,177
662,178
662,179
662,180
662,181
662,183
661,184
659,184
658,184
657,183
656,181
end box11
480,165
481,165
482,165
483,165
484,165
484,165
485,166
485,167
486,168
485,169
485,170
485,172
483,172
482,172
481,172
480,171
end box12
597,161
598,161
598,162
599,163
599,165
599,167
598,168
596,168
594,168
593,167
592,166
end box13
579,162
580,163
580,163
581,164
581,165
581,166
581,167
580,168
579,168
578,169
577,168
576,168
end box14
628,160
629,160
630,161
630,162
630,163
630,164
630,165
629,166
628,166
627,167
626,166
625,166
end box15
564,163
565,164
565,164
566,165
566,166
566,167
566,168
565,169
564,169
563,169
562,169
561,168
end box16
428,162
429,161
430,160
431,160
432,160
433,161
434,162
435,163
435,168
434,169
433,170
431,170
430,170
429,169
428,168
end box17
550,122
551,122
553,121
554,122
555,123
555,130
554,131
552,131
551,131
550,130
end box18
646,117
647,116
648,115
649,115
650,115
651,116
652,117
653,118
653,123
652,125
651,125
649,126
648,125
647,124
end box19
537,94
538,92
551,92
552,93
552,98
551,100
537,99
537,97
end box20
627,174
627,174
628,173
629,173
630,173
631,173
632,174
632,175
633,176
633,177
633,178
633,180
632,181
630,181
629,181
628,181
627,181
626,180
626,179
end box21
719,188
719,186
719,183
719,179
721,175
725,168
729,166
733,171
735,178
736,182
737,185
736,188
736,191
735,193
734,196
735,202
735,210
730,213
723,212
720,207
720,198
721,194
720,192
719,190
end box22
1103,208
1103,199
1106,190
1110,178
1116,162
1129,143
1141,138
1154,156
1163,174
1166,187
1167,199
1169,208
1168,217
1163,224
1161,234
1157,244
1153,262
1143,276
1125,280
1115,268
1112,244
1110,232
1106,224
1104,216
end box23
498,159
498,159
500,159
500,159
501,160
501,165
500,165
499,166
498,165
497,165
end box24
550,122
551,122
553,121
554,122
555,123
555,130
554,131
552,131
551,131
550,130
end box25
end total26boxes
