643,174
643,174
644,174
645,174
646,173
647,174
647,174
648,175
648,176
648,177
648,178
648,179
647,180
646,181
645,181
644,181
643,180
642,179
642,179
end box0
626,174
627,173
627,173
628,173
629,173
629,173
630,174
630,174
631,175
631,176
631,177
631,178
630,179
629,179
628,179
627,179
626,179
626,178
625,177
end box1
593,172
593,172
594,172
597,172
597,172
598,173
598,174
598,175
598,176
598,177
597,178
596,178
595,179
594,178
593,178
592,177
592,177
end box2
580,174
583,174
584,174
585,175
586,176
586,177
586,178
586,180
584,180
583,180
581,180
580,180
579,180
579,179
end box3
611,172
612,171
613,171
615,171
616,171
617,172
618,173
618,175
618,178
617,179
616,179
614,180
613,179
612,179
611,178
end box4
660,174
660,174
661,173
662,173
663,173
664,174
665,174
665,175
665,176
665,177
665,178
665,180
665,181
663,181
662,181
661,181
660,180
659,179
659,179
end box5
671,177
672,176
673,175
674,175
675,175
676,176
677,177
677,178
678,179
678,180
678,181
678,183
677,184
676,185
674,186
673,185
672,184
671,183
end box6
698,88
699,87
700,87
702,87
703,87
704,89
704,98
702,100
701,100
699,100
697,99
end box7
613,71
616,65
668,64
674,68
672,123
672,131
612,131
end box8
629,161
630,161
631,162
631,163
631,165
631,166
630,167
629,168
628,168
627,168
626,167
end box9
529,162
529,162
530,162
531,162
531,162
532,163
532,163
533,164
533,165
533,166
533,167
532,168
531,168
530,169
529,168
528,168
528,167
end box10
645,159
646,159
647,160
647,161
647,164
647,165
645,166
644,166
643,166
642,165
end box11
691,174
692,173
693,173
694,173
695,174
696,175
697,176
697,181
696,182
695,183
693,184
692,183
691,182
690,181
end box12
594,161
594,161
595,161
596,161
596,161
597,161
598,162
598,163
598,164
598,165
598,166
597,167
596,168
595,168
594,167
593,167
end box13
662,162
663,161
666,162
667,162
667,163
668,168
667,169
666,169
664,170
663,169
662,169
end box14
692,159
697,159
699,159
699,160
700,167
699,168
697,168
694,168
692,168
691,167
end box15
614,164
615,164
616,165
616,166
616,167
616,168
616,169
615,170
614,171
613,171
612,171
611,170
end box16
692,186
693,185
694,185
695,185
696,186
697,187
698,193
697,194
696,195
694,195
693,195
692,194
end box17
497,173
498,172
499,172
500,172
501,173
501,173
502,174
502,176
502,177
502,178
501,179
500,180
499,180
498,180
497,179
496,178
end box18
668,178
669,176
670,175
670,173
672,172
674,171
676,171
678,171
679,172
681,173
682,175
682,177
683,180
683,182
682,184
680,186
678,187
676,187
673,188
671,188
669,186
668,183
668,181
668,179
end box19
575,0
576,-1
592,-2
595,0
595,9
594,12
576,12
574,11
end box20
706,186
707,186
708,186
709,186
710,186
710,187
711,188
711,190
711,192
710,193
709,194
708,195
707,194
706,193
705,192
end box21
597,124
598,124
599,124
600,124
601,124
602,125
602,132
601,133
599,133
598,133
597,132
end box22
595,144
596,143
598,143
599,143
600,144
600,149
600,151
599,151
597,152
596,151
595,150
end box23
707,161
708,161
709,161
710,161
711,161
712,162
712,167
712,169
711,169
709,170
708,169
707,169
end box24
end total25boxes
