595,201
596,196
599,188
604,183
611,182
618,181
625,181
632,182
639,183
644,188
648,195
649,201
648,209
648,217
646,226
642,229
632,228
610,229
601,230
597,226
596,217
597,209
end box0
707,127
708,127
709,126
711,126
712,127
714,127
714,129
715,130
715,131
715,133
714,134
713,135
712,136
710,136
709,136
707,136
707,134
end box1
709,156
710,156
711,155
712,155
713,156
714,157
714,162
714,164
713,165
711,165
710,165
709,164
end box2
710,142
711,142
712,142
713,142
714,142
715,143
715,144
716,145
716,147
715,149
715,150
714,151
712,151
711,151
710,150
end box3
690,157
691,156
692,156
693,156
694,157
695,157
695,158
695,162
695,164
694,164
692,165
691,164
690,164
end box4
822,44
826,42
859,42
864,44
863,51
861,54
823,54
822,51
end box5
562,175
562,175
563,174
564,174
565,174
566,175
566,175
567,176
567,177
567,178
567,179
567,180
566,181
565,182
564,182
563,182
562,181
561,180
end box6
575,172
576,171
577,171
578,171
579,172
579,172
580,173
580,178
580,179
578,179
577,180
576,179
575,178
574,177
end box7
end total8boxes
