527,197
528,194
531,191
533,188
537,187
548,187
552,187
554,190
558,194
559,197
559,202
559,207
558,212
554,213
549,212
536,212
532,212
529,211
528,206
528,201
end box0
596,190
596,188
598,186
599,185
601,184
610,185
612,186
613,188
614,190
614,193
614,196
614,200
612,200
601,200
598,200
597,198
596,195
596,193
end box1
622,188
623,186
623,186
624,186
628,185
629,186
630,187
630,188
631,189
630,191
630,192
629,193
627,193
626,193
625,193
624,193
623,192
622,191
end box2
559,190
560,189
561,189
562,189
563,189
564,190
564,190
565,191
566,192
566,193
566,194
566,196
565,196
563,197
562,197
561,197
560,196
559,195
end box3
504,213
505,211
506,210
508,209
517,209
519,209
521,211
523,213
524,216
523,219
522,222
519,222
509,222
506,222
504,221
504,218
503,216
end box4
592,191
593,190
593,189
594,188
595,188
600,187
601,188
602,189
602,191
602,192
602,194
602,196
600,196
599,197
597,197
596,197
594,197
593,196
592,195
592,193
592,192
end box5
552,192
553,190
554,189
556,188
559,188
561,189
563,189
564,190
565,192
566,194
566,196
566,198
566,200
564,201
562,202
560,202
558,201
556,201
554,200
end box6
596,181
600,181
601,182
602,183
602,184
602,185
602,187
601,187
599,187
597,187
596,187
595,187
595,186
end box7
549,174
550,173
552,173
553,173
554,174
554,175
554,176
555,180
554,181
553,181
551,182
550,181
549,181
end box8
552,160
553,160
553,161
554,162
554,164
553,165
553,167
551,167
550,167
549,167
548,166
end box9
526,174
527,174
528,175
528,176
528,178
528,179
527,180
526,180
525,181
524,180
523,180
end box10
563,143
564,143
565,143
566,143
567,143
568,144
568,151
567,152
565,152
564,152
563,151
end box11
end total12boxes
