522,180
522,178
524,176
526,175
528,175
536,175
538,176
540,178
541,180
542,183
542,186
541,189
537,190
534,189
527,189
524,189
522,188
522,185
522,183
end box0
569,177
570,175
571,173
572,172
574,171
581,171
583,172
585,174
586,176
586,179
586,182
585,184
582,185
580,185
577,185
575,185
573,185
571,185
569,183
569,181
569,179
end box1
541,177
542,175
543,173
544,172
546,171
553,171
555,172
557,174
558,176
558,179
558,181
557,184
555,185
552,185
547,185
545,185
543,185
541,183
541,181
541,178
end box2
504,184
504,182
505,180
507,178
509,178
514,178
517,178
518,179
520,181
521,183
521,186
521,189
520,191
518,192
515,192
510,193
508,193
505,192
504,190
504,188
504,186
end box3
544,174
545,173
546,173
551,173
552,173
553,174
553,176
553,177
553,179
553,181
551,182
550,182
548,182
547,182
545,182
544,181
544,180
end box4
589,178
589,176
590,175
591,173
592,173
594,172
595,172
597,172
599,173
601,174
602,176
602,178
602,180
602,182
602,184
600,185
598,186
596,186
593,186
591,186
590,185
589,183
588,181
588,179
end box5
527,176
527,176
529,175
534,175
535,176
536,177
537,179
537,180
537,182
537,185
535,185
533,185
528,185
527,185
526,183
end box6
561,173
562,172
563,172
565,172
566,172
567,173
568,174
568,175
568,176
568,178
568,179
567,180
566,180
564,181
563,181
562,180
561,179
560,178
end box7
231,194
234,190
240,188
243,191
245,232
240,231
233,230
230,228
end box8
427,190
428,189
429,189
430,189
431,190
432,191
433,192
433,194
433,197
432,198
431,199
429,200
428,200
427,198
426,197
end box9
229,188
233,183
240,181
245,185
253,234
251,244
241,237
231,238
224,244
end box10
546,160
547,160
548,161
549,162
548,163
548,164
548,165
547,166
546,166
544,166
543,166
542,165
end box11
end total12boxes
