511,191
513,188
515,185
517,182
520,182
529,182
533,182
535,184
538,187
539,190
539,195
539,199
539,204
535,205
519,204
514,205
512,203
511,198
511,194
end box0
504,195
504,193
505,191
506,190
508,189
510,189
511,189
513,189
515,190
517,191
518,192
519,194
519,197
519,199
518,201
516,203
514,203
512,203
509,203
507,203
505,202
504,201
504,198
503,196
end box1
520,191
520,189
522,188
523,186
525,185
534,185
536,187
538,189
539,191
539,194
539,197
538,200
536,201
524,201
522,201
520,199
520,196
520,194
end box2
492,194
492,192
494,190
495,189
497,189
504,188
506,189
508,191
509,193
509,196
510,199
508,201
506,202
503,202
496,202
494,201
492,200
491,198
491,196
end box3
499,175
500,175
502,175
503,175
503,175
504,176
504,177
504,178
504,179
504,180
504,181
502,182
501,182
500,182
499,181
498,180
end box4
461,188
462,188
463,187
464,187
465,187
467,187
468,188
468,190
469,191
469,192
469,194
469,196
468,197
466,197
464,198
463,197
461,197
460,196
end box5
510,175
511,175
513,175
513,175
514,175
515,176
515,177
515,178
515,179
515,180
514,181
513,182
512,182
511,182
510,181
510,180
end box6
478,161
488,159
489,161
489,164
488,165
479,164
478,163
end box7
482,176
482,176
483,177
483,178
483,180
483,181
483,182
481,183
480,183
479,183
478,182
end box8
end total9boxes
