65,249
95,226
121,212
145,208
164,207
180,206
194,204
211,203
227,207
253,212
283,224
308,249
317,281
307,302
268,315
236,319
213,318
195,313
179,311
162,313
137,318
103,316
67,302
56,281
end box0
670,195
672,189
676,184
681,181
686,181
691,181
696,181
700,182
707,181
713,183
716,188
719,194
719,201
718,208
714,213
707,215
701,215
696,215
691,215
686,216
679,215
672,213
669,208
669,201
end box1
327,209
336,198
347,191
358,188
369,188
377,189
384,188
392,189
401,189
411,193
423,199
434,210
439,225
437,238
423,245
405,246
394,246
385,246
377,244
369,243
358,243
342,243
330,236
327,224
end box2
677,159
678,159
680,159
681,159
682,160
683,161
683,162
683,164
683,166
682,167
681,168
679,168
678,168
677,167
676,166
end box3
700,141
702,142
702,144
702,147
701,149
700,150
692,149
691,148
end box4
644,159
645,158
646,158
647,158
648,159
649,160
650,166
649,167
648,168
646,169
645,168
644,167
end box5
end total6boxes
