504,194
505,191
507,188
509,185
512,184
516,185
519,184
522,184
527,184
529,187
532,190
533,193
533,198
533,202
532,207
528,209
523,208
519,207
516,207
512,208
508,208
505,206
503,201
504,197
end box0
539,191
539,189
540,188
542,186
544,186
552,186
554,187
555,189
557,191
557,194
557,197
556,200
553,200
550,200
543,200
540,200
539,199
538,196
538,194
end box1
546,176
550,176
551,176
551,177
552,178
552,179
552,180
552,182
551,183
549,183
547,183
546,182
545,182
545,181
end box2
523,195
523,193
524,191
525,189
527,189
529,189
532,189
534,189
536,190
537,192
538,194
538,197
539,199
538,202
536,204
533,204
531,203
528,203
526,203
524,202
523,201
522,199
522,196
end box3
653,190
654,189
655,189
656,189
657,190
657,191
657,197
656,198
655,199
654,199
653,198
end box4
end total5boxes
