455,200
456,195
461,189
465,185
471,184
477,184
482,184
488,185
495,185
498,189
503,195
506,199
506,207
506,215
504,222
497,224
489,222
470,223
462,224
457,222
456,214
456,207
end box0
542,190
542,187
545,183
547,180
551,180
558,180
562,180
566,180
568,184
571,187
573,190
572,195
573,200
573,206
569,207
563,206
550,206
545,206
543,204
542,199
542,195
end box1
500,195
499,191
500,187
503,184
507,184
511,184
514,184
518,185
521,186
523,189
526,191
527,195
528,199
528,203
527,208
524,210
519,211
514,209
511,208
508,208
505,207
end box2
770,187
794,176
808,170
820,167
829,167
836,167
843,166
850,166
860,166
874,168
894,172
913,186
917,204
908,214
883,222
863,220
815,220
796,221
770,215
763,206
end box3
988,160
994,153
1002,149
1010,148
1015,148
1028,148
1034,148
1041,149
1049,153
1056,160
1059,170
1057,177
1046,180
1035,180
1029,180
1024,180
1019,181
1014,181
1007,181
997,181
987,177
986,169
end box4
652,186
653,183
656,180
658,178
661,177
670,178
674,177
676,179
679,182
681,185
681,190
681,194
679,198
675,199
670,198
660,199
656,199
653,197
651,193
651,190
end box5
524,195
524,193
524,191
525,189
527,188
528,187
531,187
532,188
534,190
535,191
536,193
536,195
537,197
537,199
537,201
536,203
533,204
531,204
528,204
526,203
525,201
end box6
516,193
516,190
518,188
520,186
523,186
525,185
528,185
530,186
533,186
535,188
537,190
538,193
539,196
539,200
538,204
535,205
531,206
528,205
525,204
522,204
520,203
518,201
517,198
517,196
end box7
573,181
575,179
580,179
581,180
581,181
582,182
582,184
581,185
580,186
578,186
576,185
575,185
574,185
573,184
573,183
end box8
940,163
941,160
944,157
947,155
951,155
960,156
963,156
967,157
971,160
973,163
974,168
974,173
971,177
966,178
961,177
951,177
947,176
942,176
940,172
940,168
end box9
639,183
639,181
640,180
641,178
643,178
645,177
648,177
650,177
652,178
654,180
654,182
654,185
654,187
653,190
651,190
649,191
646,191
644,191
642,191
640,191
638,189
638,187
638,184
end box10
489,193
490,189
492,187
497,187
500,186
503,187
506,187
509,188
511,191
514,194
516,197
516,201
516,205
516,210
513,213
508,213
503,211
500,210
end box11
625,179
625,178
625,178
626,178
630,177
631,178
632,179
632,180
632,181
632,183
632,184
631,185
629,185
628,185
627,185
626,185
625,184
624,183
624,182
end box12
608,178
609,177
610,176
614,176
615,176
615,177
616,178
616,179
616,180
616,182
615,182
613,182
611,182
610,182
609,182
608,181
608,180
608,179
end box13
653,183
654,181
655,179
656,178
658,178
663,177
665,178
667,178
669,180
669,182
670,185
670,187
668,190
666,191
664,191
659,191
657,191
655,190
653,189
653,187
653,185
end box14
509,190
510,188
513,188
515,187
518,187
520,188
522,190
523,191
524,193
525,195
526,198
526,201
525,204
524,206
521,207
518,207
515,206
513,205
end box15
592,179
593,178
596,177
597,178
598,178
599,179
599,180
599,181
599,183
597,183
596,183
595,183
594,183
593,183
592,183
592,182
592,181
591,180
end box16
655,187
655,186
656,184
658,182
659,181
661,180
664,180
666,180
668,181
670,182
671,185
672,187
672,190
672,193
671,196
669,197
666,197
664,197
661,198
658,198
656,197
654,195
654,192
654,190
end box17
622,182
622,180
624,179
625,177
626,177
633,177
635,178
636,179
637,181
637,184
637,186
636,188
634,189
631,189
628,189
625,190
623,189
622,188
621,185
622,183
end box18
568,176
569,176
569,177
570,178
571,179
570,181
570,182
569,183
567,183
565,182
564,182
563,182
end box19
1044,160
1054,152
1067,150
1105,151
1117,154
1130,161
1136,173
1130,179
1111,181
1062,181
1045,179
1042,171
end box20
641,179
641,178
642,177
646,177
647,178
648,179
648,180
648,181
648,183
648,184
647,185
645,185
644,186
643,185
642,185
641,184
640,183
end box21
660,182
662,179
664,176
666,175
670,175
677,175
681,174
683,176
686,178
688,182
689,186
689,190
687,193
682,194
678,194
675,194
672,193
669,194
666,193
662,192
660,189
660,185
end box22
670,183
669,181
671,179
672,178
674,177
676,177
678,176
679,176
681,177
683,178
684,180
685,182
686,185
686,187
685,190
683,191
680,192
678,192
675,191
673,191
671,190
670,189
669,187
669,184
end box23
556,190
556,188
557,186
559,184
561,183
568,183
571,184
572,185
574,188
575,190
575,193
575,196
575,200
573,201
569,201
561,200
558,199
557,198
556,195
556,193
end box24
606,190
607,188
608,187
609,186
610,185
617,185
618,186
620,188
621,189
621,192
621,194
620,197
618,197
615,197
609,197
607,197
606,196
606,193
606,191
end box25
677,160
678,161
678,162
678,164
678,166
677,167
675,167
672,167
671,166
end box26
667,160
667,160
668,161
668,166
668,166
666,167
664,166
663,166
662,165
end box27
279,251
281,249
282,248
285,247
287,248
289,249
291,251
291,253
292,255
292,258
292,260
291,263
290,265
288,267
285,267
282,267
280,266
278,264
278,261
277,259
277,257
end box28
704,159
705,159
706,159
707,159
708,159
709,160
709,167
708,168
706,168
705,168
704,167
end box29
end total30boxes
