561,268
581,243
602,224
623,211
645,208
666,208
685,210
706,210
731,213
761,217
783,236
793,265
797,297
788,325
767,342
730,344
705,343
685,342
665,346
642,353
615,354
579,345
554,330
552,301
end box0
223,222
223,215
226,207
231,202
240,203
254,203
261,203
268,204
273,209
277,216
280,222
280,231
279,239
276,248
271,251
261,249
254,248
240,249
232,249
228,245
226,237
225,230
end box1
448,226
453,217
461,206
468,199
479,199
490,200
499,200
508,202
519,202
529,206
538,216
539,226
538,238
536,251
530,259
517,260
507,261
499,263
490,263
481,263
467,265
453,264
449,253
450,240
end box2
276,214
277,210
278,207
281,205
285,205
294,205
298,205
300,207
303,210
304,213
305,218
305,222
304,227
300,228
295,227
285,227
281,226
278,224
277,221
277,217
end box3
403,220
403,216
406,213
408,210
410,207
414,206
419,206
423,206
429,206
432,209
433,214
430,233
427,235
423,236
419,237
414,238
409,239
403,238
402,234
402,228
402,223
end box4
408,220
410,215
414,210
419,207
423,205
429,204
434,203
440,204
448,204
454,206
456,213
457,220
454,233
452,239
447,242
440,242
434,243
428,244
421,245
413,246
407,243
406,235
407,227
end box5
386,210
387,207
389,204
391,202
394,201
397,201
400,201
403,201
408,200
412,201
414,205
414,209
403,223
400,224
397,224
393,225
389,224
386,221
385,217
385,213
end box6
-6,282
11,258
32,241
58,235
81,237
98,239
113,238
131,236
152,236
177,243
198,259
215,283
226,314
219,339
190,354
156,355
133,358
114,357
97,356
80,354
54,356
20,355
-4,338
-11,313
end box7
123,242
131,232
141,225
152,222
161,222
184,223
193,222
204,225
215,232
224,242
226,256
223,269
211,276
195,275
137,274
125,267
123,256
end box8
376,209
376,207
377,205
378,204
379,202
381,201
384,200
386,201
389,201
391,203
392,205
391,216
389,218
386,219
384,220
381,220
378,221
376,219
375,215
375,213
375,210
end box9
316,196
320,196
320,196
321,197
322,198
322,199
322,200
322,202
321,202
319,203
318,203
317,202
316,202
315,202
315,201
end box10
294,208
294,206
296,204
298,204
303,204
305,205
307,206
308,207
309,209
309,212
309,214
309,217
307,218
304,219
302,218
300,218
298,217
296,217
294,215
end box11
360,204
360,202
361,201
362,200
363,200
365,199
366,199
368,199
370,199
372,200
372,202
373,204
373,206
373,208
372,210
370,210
368,211
366,211
364,211
363,211
361,211
360,209
359,207
359,205
end box12
278,211
278,209
279,207
280,206
282,205
289,205
291,206
293,207
294,209
295,211
296,214
295,217
294,220
292,221
289,221
287,221
282,221
280,220
278,218
278,216
277,214
end box13
363,203
363,203
364,202
365,202
366,202
367,202
368,203
368,204
368,205
368,206
368,207
368,209
367,209
366,210
365,211
364,210
363,210
362,209
362,208
end box14
309,200
310,198
311,196
313,196
314,195
321,195
323,196
324,197
326,199
326,202
326,205
325,207
322,207
319,207
313,207
311,207
309,206
309,204
308,202
end box15
311,203
312,202
312,202
313,201
316,201
317,201
318,202
319,203
319,204
320,205
319,207
319,208
318,209
317,209
315,210
314,209
313,209
312,208
311,207
end box16
302,205
303,204
304,204
305,204
306,204
307,204
308,205
308,206
309,207
309,208
309,209
309,211
308,212
306,212
305,212
304,212
303,211
end box17
335,199
336,198
336,198
337,197
338,198
338,198
339,198
340,199
340,200
340,201
340,202
340,203
339,204
338,205
337,205
336,205
335,204
335,203
end box18
381,179
386,178
387,179
388,180
388,185
387,186
386,187
383,187
382,186
381,185
end box19
386,188
387,189
388,190
388,195
387,196
386,197
383,197
382,196
381,195
end box20
297,178
300,178
301,178
302,179
302,180
302,181
302,182
302,183
301,184
300,185
299,185
298,185
297,184
297,183
end box21
321,159
321,159
322,160
322,161
322,163
322,164
322,165
320,166
319,166
318,166
317,165
316,164
end box22
297,194
298,193
298,193
299,193
300,193
300,193
301,194
301,194
302,195
302,196
302,197
302,198
301,199
300,199
299,200
298,199
297,199
297,198
end box23
268,189
269,188
270,188
271,188
272,189
272,189
273,190
273,194
272,195
271,196
270,196
269,196
268,195
end box24
end total25boxes
