177,248
198,227
217,209
237,201
257,198
276,198
292,197
311,195
330,199
350,208
377,224
390,247
396,276
389,300
368,316
340,325
313,320
292,308
277,306
257,314
229,321
199,316
175,301
168,277
end box0
638,184
649,178
661,175
668,174
691,174
698,175
712,177
724,184
728,196
722,203
704,205
692,204
667,204
655,205
639,203
636,195
end box1
272,188
281,179
295,176
354,181
368,189
372,202
366,210
345,212
275,208
270,200
end box2
481,196
484,193
486,191
488,189
491,189
501,189
504,190
507,192
509,196
510,200
510,204
507,207
503,208
499,208
493,208
489,209
486,208
482,207
480,204
480,200
end box3
476,198
477,196
478,194
479,193
481,192
483,192
486,192
489,192
491,193
492,195
493,197
493,200
493,202
492,205
489,206
487,206
485,206
482,207
480,207
477,207
476,205
475,202
476,200
end box4
736,180
737,178
738,176
739,175
741,174
743,174
746,174
749,174
751,175
752,177
753,179
753,182
753,185
752,187
750,188
747,189
745,188
742,189
740,189
737,188
736,186
736,184
736,182
end box5
637,192
637,190
638,189
639,187
641,186
643,186
648,185
650,186
653,187
654,190
655,192
655,195
655,198
654,201
651,202
649,203
646,203
643,203
640,204
638,203
636,200
636,197
636,195
end box6
923,214
924,210
925,204
927,198
931,188
938,171
946,164
953,179
957,194
958,202
959,209
962,214
961,219
960,225
958,231
961,246
961,271
949,266
933,264
926,255
927,235
926,227
924,223
923,219
end box7
708,171
713,170
714,171
715,172
716,173
716,174
715,176
715,177
714,178
713,179
710,178
709,178
708,177
end box8
503,189
505,185
507,182
510,180
513,178
517,178
520,177
524,178
528,178
531,181
534,184
536,188
537,193
536,197
533,201
529,204
525,205
520,205
517,205
513,204
509,202
506,200
503,197
502,193
end box9
867,171
868,171
871,171
872,171
872,172
872,181
871,182
869,182
868,182
866,181
end box10
704,188
705,186
706,185
708,184
710,184
711,184
713,184
715,185
716,186
717,188
718,190
719,192
719,194
718,196
716,198
714,199
712,198
709,198
707,198
706,197
705,195
end box11
774,176
774,176
775,175
776,175
777,175
778,176
779,176
779,177
779,178
779,179
779,180
779,181
779,182
777,183
776,183
775,183
774,182
773,181
end box12
817,97
817,95
818,93
819,92
821,91
823,91
824,90
826,91
828,91
830,92
831,94
832,96
831,99
832,101
831,103
829,105
827,106
825,106
822,106
820,105
818,104
817,102
817,100
817,98
end box13
376,158
377,157
378,157
379,157
380,158
381,159
381,164
381,166
380,167
378,167
377,167
376,167
end box14
end total15boxes
