454,206
479,190
503,183
518,179
530,179
540,179
549,179
558,181
570,181
585,184
608,190
633,206
641,229
630,241
600,252
577,250
511,251
489,252
458,242
450,230
end box0
147,192
148,190
149,188
150,187
152,185
153,184
156,184
158,184
160,186
162,187
163,189
165,191
165,194
165,197
163,199
161,201
159,203
156,203
153,203
151,202
149,200
147,198
146,196
146,194
end box1
1127,194
1128,189
1130,187
1132,185
1135,184
1138,184
1141,184
1144,186
1146,188
1147,191
1148,194
1149,197
1148,200
1147,204
1145,207
1142,208
1138,209
1135,209
1131,208
1129,205
1127,203
1127,200
1126,197
end box2
298,161
299,160
300,160
302,160
303,161
304,162
305,170
304,172
302,173
301,174
299,173
297,172
end box3
854,173
855,173
856,173
857,173
858,173
859,174
859,175
859,179
859,181
857,181
856,182
855,181
854,181
end box4
365,0
369,-1
394,0
395,5
395,18
394,23
391,26
382,28
end box5
969,177
974,177
975,177
975,178
976,180
976,183
976,184
975,186
973,186
971,187
970,186
968,186
967,185
end box6
1019,174
1020,173
1021,173
1023,173
1024,174
1025,175
1025,184
1023,185
1022,186
1020,185
1018,184
end box7
804,152
805,152
807,152
809,152
810,153
810,160
809,161
808,162
806,163
805,162
803,162
end box8
911,189
912,188
913,188
915,188
916,189
917,190
918,191
918,198
917,199
915,200
914,201
912,200
910,199
909,198
end box9
952,172
953,172
954,172
955,172
957,172
958,173
957,182
956,183
954,183
953,183
951,182
end box10
313,92
318,89
356,89
363,91
362,100
359,103
316,103
313,99
end box11
18,161
20,160
22,159
24,159
26,159
28,160
29,161
30,163
30,165
31,168
30,170
30,172
28,174
26,176
24,176
21,176
19,175
17,173
17,171
16,169
16,167
end box12
22,160
23,160
24,159
26,160
27,160
28,161
29,162
29,164
29,165
29,167
29,168
28,170
26,171
24,171
23,171
21,170
20,169
20,167
end box13
603,182
604,180
604,179
605,177
607,176
609,175
610,175
612,175
614,176
616,177
617,179
618,181
618,184
617,186
617,188
615,190
613,191
611,191
608,192
606,191
604,189
603,187
603,185
603,183
end box14
608,176
609,176
610,175
611,175
612,175
614,176
615,176
615,177
616,179
616,180
616,182
616,183
615,185
613,185
611,186
610,186
608,185
607,184
607,182
end box15
602,186
603,184
604,183
606,182
610,181
611,181
614,182
615,183
616,185
617,187
617,190
617,192
616,194
614,196
612,197
610,197
607,197
605,197
603,195
602,194
602,189
end box16
299,170
300,169
303,170
304,170
305,171
305,180
303,181
300,181
298,180
end box17
16,170
16,169
17,167
19,166
21,166
22,165
24,166
26,166
28,168
29,169
29,171
29,174
29,176
29,178
27,180
25,181
23,181
20,181
18,180
17,179
16,177
15,173
end box18
597,144
598,143
600,143
602,143
602,145
602,152
601,153
599,154
598,153
597,153
end box19
1020,139
1021,138
1024,138
1025,139
1026,140
1025,149
1024,150
1022,150
1021,150
1019,149
end box20
151,143
152,143
155,142
156,143
157,144
157,153
155,154
153,154
152,154
150,153
end box21
50,139
51,137
51,135
53,133
55,133
58,132
60,132
63,132
65,135
65,148
64,151
61,153
58,153
55,152
53,151
51,149
50,146
50,144
50,142
end box22
1043,135
1044,132
1046,131
1049,131
1052,132
1054,133
1057,133
1058,135
1058,137
1059,139
1059,142
1059,144
1058,146
1056,148
1054,149
1052,151
1049,151
1046,152
1044,149
end box23
1016,142
1016,140
1017,138
1018,137
1021,137
1023,137
1025,137
1027,137
1028,139
1028,142
1028,144
1028,145
1028,147
1028,150
1027,152
1025,153
1023,154
1020,153
1018,153
1017,151
1016,149
1016,147
end box24
147,146
147,144
148,143
149,141
152,141
153,141
155,141
158,141
159,143
160,145
160,147
160,150
160,152
160,154
159,156
156,157
154,158
151,157
149,157
147,155
147,153
147,151
end box25
end total26boxes
