797,180
801,174
807,170
814,169
819,169
831,170
838,168
844,169
851,174
857,180
860,189
857,196
847,198
837,199
833,200
828,200
823,200
818,200
813,199
804,198
796,195
795,188
end box0
914,175
920,166
931,163
940,163
947,164
960,165
965,165
971,166
980,170
992,176
999,187
996,195
980,197
968,197
961,197
956,197
931,195
918,193
914,185
end box1
726,188
732,181
737,175
746,175
752,174
767,175
774,174
781,175
786,181
794,188
797,197
796,206
786,209
774,210
768,210
762,209
757,211
751,210
746,209
735,208
726,205
725,197
end box2
575,189
583,183
592,179
599,179
603,178
621,178
628,178
638,182
646,189
649,199
644,205
631,207
595,209
586,209
573,206
571,199
end box3
868,179
876,172
885,168
893,168
898,168
916,168
923,169
931,172
941,179
947,189
943,197
929,199
917,198
912,198
907,199
902,199
898,198
892,198
880,199
868,197
865,189
end box4
653,216
657,207
666,198
673,190
682,188
693,188
702,188
712,189
724,190
733,195
741,205
743,216
743,229
741,242
737,253
724,254
711,252
701,252
693,254
681,257
667,259
657,255
653,242
652,229
end box5
1006,177
1010,171
1016,168
1022,166
1027,165
1047,164
1054,165
1058,170
1062,177
1064,185
1062,192
1054,196
1047,197
1041,198
1036,198
1031,199
1025,200
1017,200
1009,198
1003,193
1003,185
end box6
653,97
655,94
676,94
679,95
680,118
677,121
655,119
653,117
end box7
657,124
658,123
660,123
665,122
667,123
668,125
668,136
668,139
666,140
663,141
660,140
658,139
657,137
end box8
557,163
558,162
563,162
564,163
565,164
565,171
564,172
562,173
559,173
557,173
556,171
end box9
564,170
565,171
565,178
564,179
559,180
557,179
556,178
end box10
end total11boxes
