538,184
539,181
541,176
544,172
547,171
561,171
566,172
568,176
571,180
572,184
572,189
572,194
572,201
568,203
562,202
547,202
541,202
539,200
539,193
539,189
end box0
220,193
237,181
252,175
266,173
275,172
283,172
290,172
298,173
308,172
321,174
338,180
353,193
358,211
353,224
332,230
311,228
299,227
274,228
261,230
242,230
219,224
215,211
end box1
580,176
583,173
586,171
589,170
591,170
601,170
603,171
607,173
610,176
612,180
611,184
608,187
603,187
599,187
590,187
587,187
582,187
579,184
579,180
end box2
585,177
586,175
587,174
589,173
591,172
599,172
601,173
603,175
604,177
605,180
604,183
603,186
600,186
597,186
590,186
587,187
585,185
584,182
584,180
end box3
603,178
603,176
605,174
606,173
608,172
613,172
615,172
617,173
619,175
620,177
620,180
620,183
619,185
617,186
614,186
612,186
609,186
607,186
605,186
603,184
603,182
603,180
end box4
574,175
575,174
576,174
578,174
579,174
580,175
580,176
581,177
581,178
581,179
581,181
580,182
578,182
577,182
576,182
575,182
574,181
573,180
end box5
570,178
570,176
571,174
572,173
574,173
581,173
583,174
584,175
585,177
586,180
585,182
584,185
582,185
580,186
577,185
576,185
574,185
572,185
570,183
569,181
569,179
end box6
624,177
624,177
625,176
626,176
627,176
628,177
629,177
629,178
630,179
630,180
630,181
630,183
629,184
627,184
626,184
625,184
624,183
623,183
623,182
end box7
596,176
598,173
601,171
604,170
606,170
613,170
616,170
618,171
622,173
625,176
626,180
626,184
622,187
618,187
614,187
611,186
608,187
605,187
602,187
598,186
595,183
595,180
end box8
618,179
618,177
619,175
620,174
622,174
624,174
627,174
629,174
631,175
632,176
633,178
634,181
634,183
633,186
630,187
628,187
625,187
623,187
621,187
619,186
617,185
617,183
617,181
end box9
493,177
495,173
499,171
520,171
524,173
528,176
530,182
528,186
523,188
497,188
492,185
492,181
end box10
971,22
977,18
982,18
988,22
1003,46
1000,60
983,72
977,70
960,59
958,46
end box11
607,157
609,156
610,157
610,157
610,158
611,159
610,160
610,161
610,162
609,162
608,162
607,162
606,161
606,161
end box12
495,178
496,177
497,177
498,177
499,177
500,177
501,178
502,179
503,180
503,181
503,183
502,184
501,186
500,186
498,186
497,186
495,186
495,184
end box13
511,156
512,156
514,156
515,156
516,157
516,164
515,165
513,165
512,165
511,164
end box14
end total15boxes
