275,231
281,213
292,198
310,193
329,192
343,193
356,192
370,194
386,194
402,202
416,215
426,232
428,253
427,274
413,284
388,289
372,290
357,287
343,285
331,284
316,283
289,284
278,271
274,252
end box0
487,187
490,182
495,178
500,175
505,175
509,175
514,175
518,176
524,175
529,177
533,183
537,187
538,194
537,201
533,206
526,207
519,206
509,206
504,207
497,208
490,207
486,201
487,194
end box1
536,177
536,175
537,173
539,172
542,172
550,172
552,173
554,175
556,177
556,180
556,183
555,186
551,187
541,187
538,187
536,185
535,183
535,180
end box2
-2,279
-2,255
2,224
14,200
43,199
73,209
95,218
118,223
137,229
152,243
165,263
170,283
174,308
173,335
170,362
161,384
129,383
99,375
74,376
42,388
8,394
0,371
-1,336
-1,307
end box3
619,165
620,164
621,162
622,161
624,161
631,161
633,161
635,163
636,165
636,168
636,171
635,173
632,174
623,174
620,174
619,173
618,170
618,168
end box4
611,163
615,163
616,163
617,164
617,165
617,166
617,167
617,169
616,170
614,170
613,170
612,170
611,170
610,169
609,168
end box5
577,175
577,175
578,174
582,174
583,175
584,176
584,177
584,178
584,180
584,181
583,182
581,182
580,182
579,182
578,182
577,181
576,180
end box6
608,174
609,173
609,172
610,172
614,171
615,172
616,173
616,174
616,175
616,176
616,178
615,179
613,179
612,179
611,179
610,179
609,178
608,177
608,176
608,175
end box7
554,177
555,175
557,174
558,173
567,173
569,174
571,175
573,177
574,180
574,183
572,186
569,186
559,185
557,186
554,185
553,182
553,180
end box8
481,178
483,174
486,171
490,170
494,170
505,170
509,171
513,173
516,177
517,182
515,187
511,189
502,190
499,190
496,190
493,190
490,189
485,189
481,186
480,182
end box9
end total10boxes
