640,181
641,179
643,178
644,177
646,176
654,176
656,177
658,179
660,181
660,184
660,187
659,190
655,190
645,191
641,191
639,190
639,187
639,184
end box0
673,176
674,175
674,175
675,174
675,174
679,174
680,174
680,175
681,176
681,177
681,178
681,180
679,180
678,180
677,181
676,180
675,180
674,180
673,179
673,178
673,177
end box1
689,176
689,175
690,174
690,174
695,174
696,174
697,175
698,176
698,177
698,179
698,181
696,181
694,181
691,181
690,180
689,180
689,178
689,177
end box2
705,172
707,170
707,170
711,169
712,170
713,171
713,172
713,173
713,174
713,176
712,177
710,177
709,177
708,177
707,177
706,176
705,175
end box3
724,164
728,164
729,164
729,165
730,166
730,167
730,168
730,170
729,171
727,171
726,171
725,171
724,171
723,170
722,169
end box4
641,180
642,179
642,178
643,177
649,177
650,177
651,178
652,180
652,181
652,183
652,185
650,186
648,186
643,186
642,186
641,184
641,183
641,181
end box5
608,182
610,180
610,180
614,180
615,180
615,181
616,182
616,183
616,184
616,186
615,187
613,187
612,187
611,187
610,187
609,186
608,185
608,184
608,183
end box6
656,181
656,179
657,178
662,178
663,179
664,180
665,181
665,182
665,184
665,186
663,186
662,186
660,186
659,186
658,186
656,186
655,185
656,183
end box7
626,175
626,175
627,174
628,174
629,174
630,175
631,175
631,176
632,177
632,178
632,179
632,181
631,181
629,182
628,182
627,182
626,181
625,181
625,180
end box8
648,183
649,181
650,179
651,178
660,178
661,179
663,180
665,182
665,185
665,188
664,190
661,190
658,190
653,190
650,190
648,189
648,187
648,185
end box9
end total10boxes
