670,188
694,172
719,166
738,167
749,167
758,168
765,167
773,168
784,168
800,170
824,173
850,189
858,212
845,223
812,230
733,229
713,229
679,223
669,212
end box0
604,190
614,183
624,180
663,179
674,183
685,190
689,201
684,208
668,210
619,210
604,208
601,200
end box1
488,191
489,188
491,184
494,182
498,181
502,181
505,180
509,181
514,181
517,183
520,187
522,191
522,196
523,202
520,207
516,208
510,208
497,207
493,207
488,205
487,200
488,196
end box2
348,194
361,184
370,176
379,171
389,172
398,172
405,172
413,172
424,171
436,174
452,180
460,193
460,208
455,220
441,227
425,227
413,226
405,228
398,227
391,225
378,227
362,227
348,220
346,209
end box3
368,206
374,199
379,193
386,193
392,192
397,191
402,191
407,192
414,191
421,193
427,199
432,206
433,215
431,222
425,227
415,228
408,228
402,228
397,228
392,228
385,227
376,226
369,222
368,214
end box4
430,199
432,193
436,188
441,186
446,184
451,182
456,182
461,183
467,185
472,187
477,192
479,198
480,205
480,213
476,219
469,221
462,223
456,224
451,223
445,222
438,221
433,217
431,211
431,204
end box5
331,191
332,191
333,191
335,190
336,191
337,192
337,199
337,201
335,202
333,202
332,202
330,201
end box6
348,191
349,190
350,190
351,190
352,190
353,190
354,191
355,192
355,193
355,194
355,195
355,197
354,198
353,199
351,199
350,199
349,198
348,197
end box7
end total8boxes
