-15,276
0,243
18,216
46,204
79,204
107,210
129,211
155,209
182,213
209,224
236,246
252,278
259,316
255,351
235,374
195,383
158,376
130,372
108,372
83,372
45,378
0,377
-14,349
-20,314
end box0
977,283
1008,258
1034,243
1057,236
1078,234
1094,229
1112,225
1132,223
1156,225
1193,227
1221,244
1237,278
1240,314
1227,338
1192,355
1112,357
1092,356
1072,359
1045,362
1011,354
973,340
963,317
end box1
619,177
620,175
621,174
623,173
625,172
633,172
635,173
637,175
638,177
638,180
638,183
637,185
634,186
624,186
621,186
619,185
619,182
619,180
end box2
639,173
640,172
641,172
643,172
644,172
645,173
646,174
646,175
646,176
646,177
646,179
645,180
643,180
642,181
641,180
640,180
639,179
end box3
499,195
501,192
502,189
504,186
507,186
510,185
513,185
516,186
519,186
522,189
524,192
525,195
526,199
526,203
525,207
521,209
517,209
513,208
510,208
507,208
504,207
501,205
499,202
499,198
end box4
636,180
636,178
637,176
638,175
640,175
645,174
647,175
649,176
650,177
651,179
651,182
651,184
650,186
648,187
646,188
639,188
637,187
636,185
636,183
636,181
end box5
389,207
391,200
394,194
398,190
405,189
411,189
416,189
422,189
430,189
435,192
437,200
439,206
439,213
439,220
437,227
430,230
423,231
416,230
411,230
404,232
396,231
390,228
388,221
389,213
end box6
512,195
512,193
512,191
513,189
514,185
516,180
519,179
522,183
523,187
524,190
524,193
524,195
524,196
524,198
524,200
524,204
523,210
520,212
516,211
514,206
513,201
513,199
513,197
512,196
end box7
595,173
596,172
597,172
598,172
599,172
600,172
601,173
602,174
602,175
602,176
602,177
602,179
601,180
600,181
598,181
597,180
596,180
595,179
595,178
end box8
659,160
663,160
664,161
665,162
665,167
664,168
663,169
661,169
660,169
659,168
658,167
end box9
895,78
896,74
899,70
902,70
906,72
907,77
907,95
906,101
903,102
898,102
896,98
896,92
end box10
579,173
580,172
581,172
582,172
583,172
583,173
584,174
584,175
584,176
584,177
584,178
584,180
582,180
581,181
580,180
579,179
578,178
end box11
512,195
512,193
512,191
513,189
514,185
516,180
519,179
522,183
523,187
524,190
524,193
524,195
524,196
524,198
524,200
524,204
523,210
520,212
516,211
514,206
513,201
513,199
513,197
512,196
end box12
504,192
505,190
505,187
505,184
507,180
511,175
515,174
518,179
520,183
521,187
522,189
522,192
522,195
522,197
521,200
521,205
519,210
516,213
510,213
507,208
506,202
506,198
506,196
505,194
end box13
421,210
421,208
421,204
421,198
423,191
428,184
433,184
438,191
441,197
441,203
442,207
442,210
442,213
441,216
440,219
440,224
438,232
435,240
427,239
423,232
422,223
422,218
421,215
421,213
end box14
427,160
428,160
429,160
430,160
431,160
432,161
432,166
432,168
431,169
429,169
428,169
427,168
end box15
548,57
550,56
551,56
553,56
554,57
555,68
554,70
552,70
549,70
548,69
end box16
end total17boxes
