406,210
407,204
413,197
418,192
425,191
438,192
445,193
453,193
458,197
464,204
467,210
467,219
466,228
463,236
456,238
445,235
438,234
425,237
415,239
409,235
407,227
407,218
end box0
538,189
539,187
540,186
542,184
543,184
550,184
552,184
554,186
555,188
555,191
554,193
554,196
551,196
542,197
540,197
538,196
538,193
538,191
end box1
459,189
460,186
461,185
463,184
465,183
468,183
470,184
472,185
474,186
475,188
475,190
476,193
476,195
475,199
473,200
471,201
468,201
465,200
463,200
461,198
460,197
end box2
453,188
453,185
454,181
456,179
460,179
463,179
466,179
469,179
473,179
475,181
477,184
478,188
478,191
478,195
477,200
475,202
470,202
466,201
463,201
460,201
457,199
455,197
end box3
530,187
530,187
531,186
532,186
533,186
534,186
535,186
536,187
537,188
537,189
537,190
537,191
537,193
536,194
534,194
533,194
532,194
531,194
530,193
529,192
529,190
end box4
542,181
543,179
544,178
544,176
546,176
548,175
549,175
551,175
553,176
555,177
556,179
557,180
556,183
557,185
556,187
554,188
552,189
549,188
547,189
545,189
543,188
542,187
542,184
542,182
end box5
541,190
541,189
542,188
542,188
543,187
547,187
548,188
549,189
550,190
550,191
549,193
549,194
548,195
546,195
545,195
544,195
542,195
541,195
541,194
541,192
541,191
end box6
511,179
512,178
513,178
515,178
516,178
517,179
517,180
517,181
517,182
517,184
516,184
515,184
514,184
513,184
512,184
511,183
511,183
end box7
528,178
529,178
531,178
532,178
533,179
533,180
533,181
533,182
533,183
532,184
531,184
530,184
529,184
528,184
527,183
527,183
end box8
573,189
574,189
575,188
576,188
577,188
579,188
580,189
580,196
580,198
578,199
577,199
575,199
573,198
573,196
end box9
293,1
298,0
332,0
338,1
338,8
335,11
295,11
293,8
end box10
443,153
444,152
446,152
447,153
448,154
448,161
447,162
445,163
444,162
443,161
end box11
445,148
446,147
447,147
448,147
449,148
450,149
450,156
449,157
447,157
446,157
445,156
end box12
430,155
431,155
433,155
434,155
435,156
435,163
434,164
432,164
431,164
430,163
end box13
end total14boxes
