989,280
1005,250
1027,226
1052,210
1080,208
1105,202
1130,200
1159,196
1193,201
1228,211
1241,240
1248,277
1249,313
1243,347
1224,374
1190,383
1157,384
1129,385
1101,390
1070,398
1034,398
1000,379
981,352
979,318
end box0
850,206
853,200
857,195
862,192
867,191
872,191
877,191
882,192
888,191
894,193
898,199
900,205
901,212
899,219
896,224
888,225
882,225
877,225
872,226
866,227
858,228
851,226
848,220
849,212
end box1
865,191
878,180
892,174
904,172
912,172
944,172
957,173
973,178
982,191
983,206
978,217
959,222
901,224
886,223
868,218
863,207
end box2
end total3boxes
