601,180
603,177
605,174
608,172
612,173
623,173
626,174
629,176
631,179
632,184
632,189
630,192
625,193
620,192
611,192
607,192
602,192
601,188
601,184
end box0
568,159
571,159
572,159
573,160
574,161
574,162
573,163
574,165
572,165
571,165
570,166
569,165
568,165
567,165
567,164
end box1
159,180
160,177
160,174
160,168
162,162
167,152
173,151
178,158
181,166
181,172
182,176
182,180
182,183
182,187
181,190
181,197
179,207
174,214
165,215
160,206
160,194
160,189
159,186
159,183
end box2
133,180
133,177
132,174
133,168
135,160
140,149
146,145
152,154
155,164
156,171
156,176
155,180
155,183
155,187
154,190
152,195
151,207
148,220
139,219
136,201
135,191
134,188
133,185
133,183
end box3
195,178
195,176
195,175
196,172
197,169
199,165
202,164
205,166
206,170
207,173
207,176
207,178
207,179
207,181
207,183
207,187
206,193
203,195
199,194
196,190
196,185
196,182
196,181
195,179
end box4
506,172
506,170
507,168
508,168
510,169
511,170
511,172
511,173
511,174
511,175
511,176
511,177
511,179
510,181
509,182
507,182
506,179
505,177
end box5
179,174
179,171
180,167
183,162
186,161
189,165
191,170
192,173
192,175
191,178
192,179
191,181
191,184
191,187
190,193
187,197
182,196
180,191
180,185
end box6
170,179
170,177
170,173
171,168
173,163
177,157
182,156
186,163
189,168
189,173
190,176
190,179
190,182
190,185
189,188
189,194
187,200
183,207
176,206
172,201
171,192
171,187
170,184
170,182
end box7
503,174
503,173
503,172
503,170
504,169
506,166
508,165
509,167
511,169
511,171
512,172
512,174
512,175
512,177
511,178
511,180
510,184
508,185
505,184
504,182
503,179
503,177
503,176
502,175
end box8
460,125
461,124
462,124
464,123
465,124
466,124
467,126
467,127
467,128
467,129
467,131
466,132
465,133
463,133
462,133
461,132
460,131
end box9
360,156
361,156
362,156
363,156
364,156
365,157
365,158
366,163
365,164
364,165
362,165
361,165
360,164
end box10
889,126
903,125
904,127
904,137
902,138
890,138
888,136
end box11
19,155
20,154
22,155
23,155
24,156
24,157
25,162
24,163
23,164
21,164
20,164
19,163
end box12
350,141
351,142
352,143
352,146
351,147
350,148
349,149
346,149
345,148
end box13
222,237
223,231
224,223
225,212
231,204
240,201
251,202
260,206
265,214
265,225
266,232
268,238
270,244
270,251
270,260
267,271
261,279
251,280
240,281
230,278
226,268
222,259
221,251
221,244
end box14
224,217
224,210
225,202
227,192
232,179
242,163
254,163
263,177
268,193
271,202
273,210
273,217
272,224
269,230
269,238
269,251
266,270
256,276
240,275
232,265
231,244
230,234
228,229
226,223
end box15
406,157
407,156
408,156
409,156
410,156
410,157
410,164
410,164
408,165
407,164
406,163
end box16
681,106
682,105
685,105
686,106
686,116
685,117
683,117
682,117
680,116
end box17
end total18boxes
