569,196
570,191
575,185
579,181
585,181
591,180
596,180
602,181
608,181
613,184
617,191
619,195
619,203
618,210
617,218
612,221
584,220
574,222
570,219
569,210
570,203
end box0
558,179
560,176
565,176
566,176
568,177
568,179
569,180
568,182
569,184
566,184
565,184
560,184
559,184
558,183
558,181
558,180
end box1
543,179
544,179
548,178
549,179
550,180
550,181
551,182
550,184
550,185
549,186
547,186
546,186
545,186
544,186
543,185
542,184
end box2
555,180
555,179
557,177
559,176
567,176
569,176
571,178
573,180
573,183
573,186
571,188
568,188
559,188
557,189
554,188
554,185
554,183
end box3
607,180
608,178
608,176
609,175
611,175
613,174
614,174
616,174
618,175
620,176
621,178
621,179
621,182
622,184
621,186
619,188
617,188
615,188
612,188
611,188
609,187
608,185
607,183
607,181
end box4
574,174
579,173
580,174
581,175
581,176
581,177
581,178
581,180
580,181
578,181
576,181
575,181
574,180
573,179
end box5
end total6boxes
