592,186
594,183
597,179
600,176
603,175
615,175
621,175
623,178
627,182
628,186
628,191
628,197
627,203
622,204
602,203
597,203
593,202
592,196
592,191
end box0
324,196
328,191
332,187
338,186
342,186
357,186
363,187
368,190
372,196
375,203
374,209
367,212
359,213
354,213
341,214
335,213
327,213
322,209
322,202
end box1
671,173
671,172
673,170
674,169
676,168
684,168
686,169
687,171
688,173
688,176
688,179
687,181
685,182
682,182
677,183
675,183
672,182
671,181
670,178
670,176
end box2
423,189
424,186
427,183
429,181
444,181
447,183
450,185
453,189
453,193
453,198
451,201
446,202
428,201
424,200
422,196
422,192
end box3
624,172
625,171
626,171
628,171
629,171
630,172
630,173
631,174
631,175
631,176
631,178
630,179
628,179
627,179
626,179
625,179
624,178
end box4
642,175
642,175
646,175
647,175
647,176
648,177
648,178
648,179
648,181
647,181
645,182
643,181
642,181
641,181
640,180
end box5
635,181
635,179
636,178
638,177
639,176
646,176
647,177
649,179
650,180
650,183
650,185
649,188
647,188
644,188
639,188
637,188
635,187
634,185
634,183
end box6
608,143
612,143
613,143
613,144
614,145
614,146
614,147
613,149
613,150
611,150
610,150
609,150
608,149
607,149
end box7
550,144
550,143
555,143
557,143
557,145
558,146
558,149
557,150
556,152
555,152
552,152
550,151
550,150
549,149
end box8
631,143
631,143
633,143
634,144
634,144
635,145
635,146
635,147
635,148
634,149
633,149
632,149
631,149
630,149
end box9
611,131
611,130
614,130
615,130
616,131
616,132
617,137
616,138
615,138
613,139
612,138
611,138
610,137
end box10
498,160
499,159
501,159
502,160
503,160
503,161
503,166
503,167
501,167
500,168
499,167
498,166
end box11
547,143
547,141
549,140
556,140
558,141
559,143
559,150
559,153
558,154
555,155
548,155
546,153
546,151
end box12
658,121
659,121
660,121
661,121
662,121
662,122
662,128
662,129
660,130
659,129
658,129
end box13
631,143
631,143
633,143
634,144
634,144
635,145
635,146
635,147
635,148
634,149
633,149
632,149
631,149
630,149
end box14
end total15boxes
