360,219
362,206
368,192
379,185
394,186
407,187
418,186
430,186
443,188
456,194
464,206
467,219
467,235
467,251
462,264
445,267
430,267
419,268
407,266
397,264
382,264
365,263
361,250
360,234
end box0
628,198
630,195
632,193
634,190
636,190
645,190
648,190
650,192
653,195
654,198
654,201
654,206
653,210
650,211
645,211
635,212
631,211
629,209
628,205
628,201
end box1
634,203
635,201
636,200
638,199
640,198
648,198
650,199
651,201
653,203
653,206
652,209
652,212
649,212
639,212
636,212
634,211
634,208
634,206
end box2
653,212
654,211
655,209
656,208
658,207
666,207
668,208
669,210
670,212
669,215
670,217
669,220
667,221
659,221
657,222
654,221
653,219
653,217
653,214
end box3
654,210
655,207
657,204
659,202
662,201
665,201
671,201
675,201
677,203
680,206
681,210
681,214
682,218
680,223
677,225
672,223
661,224
657,224
654,221
654,217
654,213
end box4
555,213
555,211
556,210
558,208
560,208
567,209
569,210
571,211
572,213
573,216
573,219
572,222
569,222
566,222
559,222
557,222
555,221
554,218
553,216
end box5
654,209
654,208
655,207
656,207
658,207
659,207
660,208
661,209
661,210
661,211
661,212
661,214
660,215
658,215
657,216
656,215
655,215
654,214
653,213
end box6
627,202
627,202
628,202
629,202
630,202
631,202
631,202
632,203
632,204
632,205
632,206
632,207
631,208
630,208
629,209
628,208
627,208
626,207
626,207
end box7
578,192
578,192
579,192
580,192
580,192
581,193
581,193
582,194
582,195
582,196
582,197
581,198
580,198
579,198
578,198
577,198
end box8
628,143
629,143
630,143
631,143
632,143
632,144
632,150
631,151
630,151
629,151
628,150
end box9
645,160
646,160
647,160
648,159
649,160
649,160
649,166
648,167
647,167
646,167
645,166
end box10
end total11boxes
