997,214
1010,185
1022,156
1044,136
1073,125
1103,112
1137,96
1184,82
1222,84
1234,124
1247,346
1229,376
1181,372
1136,366
1100,350
1067,339
1022,338
994,326
990,288
991,249
end box0
554,182
554,180
555,179
557,177
559,177
567,177
568,178
570,180
571,182
572,185
572,188
571,191
568,192
565,191
558,191
555,191
553,190
553,187
553,185
end box1
401,195
402,191
405,188
408,186
412,186
421,186
425,186
428,188
432,190
434,194
435,199
435,204
432,208
426,209
422,209
418,208
415,208
412,208
408,207
403,207
400,203
400,199
end box2
596,186
596,184
598,183
600,182
610,181
612,181
614,184
616,186
616,189
615,192
614,195
611,195
598,196
595,195
595,192
594,189
end box3
209,207
225,197
238,190
249,187
259,186
282,187
292,186
306,188
321,194
334,207
338,224
333,237
314,244
295,243
247,242
229,242
211,236
206,224
end box4
591,183
592,181
593,179
594,178
596,178
603,178
605,178
607,180
608,182
608,185
608,188
607,190
605,191
602,191
597,191
595,191
593,191
591,189
590,187
591,185
end box5
450,193
452,190
455,188
457,186
460,186
470,186
473,187
476,190
479,193
479,197
479,201
476,204
472,205
459,204
456,204
452,204
450,200
449,197
end box6
526,192
527,190
528,188
529,187
531,187
538,187
540,188
541,189
543,191
543,194
543,197
542,199
539,200
537,200
530,200
528,199
526,198
526,196
526,194
end box7
594,179
594,179
595,178
599,178
600,179
601,180
602,181
602,182
602,184
602,185
600,186
599,186
597,187
596,186
595,186
594,185
593,184
593,183
end box8
576,178
581,178
582,178
583,179
583,180
583,181
583,182
583,184
582,185
580,185
579,185
578,185
577,185
576,184
575,183
end box9
559,180
560,179
561,179
565,179
567,179
567,180
568,182
568,183
568,185
568,187
567,188
565,188
563,188
562,188
560,188
559,187
558,186
end box10
457,193
457,191
459,189
460,188
462,188
469,187
471,188
473,190
474,192
474,195
474,198
473,200
471,201
468,201
461,201
459,201
457,199
456,197
456,195
end box11
537,182
537,180
539,178
540,177
542,177
549,177
551,178
552,179
553,181
554,184
554,186
553,189
550,190
548,190
546,190
544,190
542,190
539,189
538,188
537,186
537,184
end box12
521,182
522,179
524,176
527,174
530,174
539,174
543,173
545,175
548,178
550,182
551,186
551,191
549,194
544,196
540,196
529,195
526,194
522,193
521,189
521,185
end box13
609,162
610,162
610,162
611,162
612,162
612,162
613,162
614,163
614,164
614,165
614,166
614,167
613,168
612,168
611,169
610,168
609,168
609,167
end box14
end total15boxes
