824,199
824,196
824,191
825,186
827,178
833,168
839,166
845,175
848,184
848,190
849,195
849,199
849,202
849,206
847,209
846,215
845,225
840,237
831,236
827,222
827,212
825,208
824,205
824,202
end box0
463,189
462,187
462,185
462,183
464,179
466,173
470,172
472,176
474,181
474,184
475,186
474,189
474,190
474,192
473,194
473,198
473,205
470,209
466,208
464,200
464,195
463,193
463,191
463,190
end box1
859,198
859,195
859,192
860,187
862,180
867,172
873,170
878,175
881,184
881,190
882,194
882,198
882,201
882,205
881,208
881,215
879,224
874,230
865,230
861,222
860,212
860,207
859,204
859,201
end box2
496,179
497,177
498,175
499,175
501,176
502,177
502,179
502,180
502,181
502,182
502,183
502,185
502,186
501,189
500,190
498,189
497,186
496,184
end box3
641,174
641,173
642,172
643,172
644,172
645,173
646,174
646,175
646,176
646,177
646,178
646,179
645,180
645,182
643,183
642,182
641,181
640,179
end box4
431,183
431,181
431,180
432,178
433,176
435,172
437,170
439,173
441,176
442,179
442,181
442,183
442,184
441,186
441,188
440,190
440,196
438,199
434,198
432,192
432,188
431,187
431,185
431,184
end box5
526,177
526,176
527,175
528,174
529,175
530,176
531,177
531,178
531,179
531,180
531,181
531,182
531,184
530,186
529,187
527,186
526,184
525,182
end box6
629,175
629,174
630,173
631,172
632,173
633,174
634,175
634,176
634,177
634,178
634,179
634,180
634,182
633,184
632,185
630,184
629,182
628,180
end box7
397,178
397,177
398,176
399,176
400,176
401,177
402,178
402,179
402,180
402,181
402,182
402,183
402,185
401,186
399,187
398,186
397,185
396,183
end box8
558,148
559,147
561,147
562,147
563,147
564,148
565,149
565,150
565,151
565,152
565,154
564,155
563,156
561,156
560,156
559,155
558,154
end box9
387,143
388,144
388,151
387,152
380,152
379,151
end box10
611,145
612,144
614,144
615,144
616,145
616,146
616,147
616,149
616,150
616,152
615,152
613,153
612,152
611,152
end box11
377,124
378,122
380,121
383,120
386,120
388,122
388,139
386,142
383,142
380,142
378,141
end box12
561,155
565,155
566,156
566,157
567,162
566,163
565,163
563,164
562,163
561,163
end box13
611,145
612,144
614,144
615,144
616,145
616,146
616,147
616,149
616,150
616,152
615,152
613,153
612,152
611,152
end box14
end total15boxes
