396,203
402,197
408,189
413,185
421,184
428,184
435,184
442,184
450,184
457,188
465,195
469,202
469,213
468,224
463,231
452,233
442,231
435,230
428,229
422,229
411,232
401,230
396,223
395,213
end box0
1203,219
1202,213
1203,206
1205,191
1212,167
1227,146
1236,166
1236,196
1235,209
1234,217
1235,222
1235,227
1235,232
1236,240
1238,255
1238,288
1229,300
1208,293
1200,271
1201,246
1201,236
1201,231
end box1
761,178
761,175
761,172
762,167
764,159
769,150
774,149
780,157
782,165
783,170
784,174
784,178
784,181
784,184
782,188
782,194
781,203
776,211
767,212
763,202
763,191
762,187
761,184
761,181
end box2
end total3boxes
