86,214
123,189
154,178
182,178
200,178
213,179
224,179
238,179
252,180
278,182
312,190
342,214
354,246
337,261
294,273
262,272
175,271
140,275
96,263
77,247
end box0
400,191
408,185
417,182
424,182
453,181
462,184
471,191
475,201
471,208
457,210
421,211
410,211
398,208
397,200
end box1
927,179
928,175
928,169
930,163
934,155
941,138
949,134
957,144
962,156
963,166
963,173
965,179
964,184
963,189
960,195
959,202
957,218
950,231
938,231
932,213
932,197
931,191
928,188
927,184
end box2
858,182
858,180
858,176
858,171
860,163
865,156
870,154
876,161
878,169
879,175
879,179
879,182
879,185
879,188
877,191
877,197
876,206
872,214
863,215
860,205
859,195
859,190
858,188
858,185
end box3
end total4boxes
