592,174
593,173
593,172
594,172
594,172
598,172
599,172
600,173
600,174
601,175
600,177
600,178
599,179
597,179
596,179
595,179
594,179
593,178
592,177
592,176
592,175
end box0
607,175
607,174
608,173
608,173
609,172
610,172
611,172
612,173
613,173
613,174
614,175
614,176
614,177
614,179
612,179
611,180
610,180
609,180
608,179
607,179
606,178
607,177
606,176
end box1
577,173
577,173
578,172
579,172
580,172
581,173
582,173
582,174
583,175
583,176
583,177
583,179
581,179
580,180
579,180
578,180
577,179
576,179
576,178
end box2
562,174
562,174
563,173
567,173
568,174
569,175
569,176
569,177
569,179
569,180
568,181
566,181
565,181
564,181
563,181
562,180
561,179
end box3
526,176
526,175
527,175
528,175
529,175
530,175
531,176
531,177
532,178
532,179
532,180
532,182
531,183
529,183
528,184
527,183
526,183
525,182
524,181
end box4
512,174
512,174
513,173
515,173
516,174
517,174
517,175
518,176
518,177
518,178
518,180
517,180
515,181
514,181
513,181
512,180
511,180
511,179
end box5
556,177
557,175
558,173
559,172
561,172
568,172
570,173
571,174
573,176
573,179
573,182
572,184
569,185
567,184
560,185
558,184
556,183
556,181
556,179
end box6
626,178
626,177
627,176
628,176
629,176
630,176
631,176
632,177
633,178
633,179
633,180
633,181
633,183
632,184
631,184
629,185
628,185
627,184
626,183
625,182
end box7
623,179
624,177
625,176
626,175
627,174
629,173
630,173
632,173
634,174
636,174
637,176
638,178
637,181
637,183
637,185
635,186
633,187
630,187
628,187
626,187
624,186
623,184
623,182
623,180
end box8
495,176
497,174
501,174
501,174
502,175
503,176
503,177
503,178
503,180
501,180
500,181
499,181
498,180
497,180
496,180
495,179
end box9
546,175
546,175
547,174
551,174
552,175
553,176
553,177
553,178
553,180
553,181
552,182
550,182
549,182
548,182
547,182
546,181
545,180
end box10
538,176
538,175
540,173
541,172
543,171
550,172
552,172
554,174
556,176
556,179
556,182
555,185
552,185
549,185
542,185
539,185
537,184
537,181
537,179
end box11
472,174
473,173
475,171
477,171
484,171
487,171
489,172
491,174
492,177
491,180
489,182
486,182
478,182
475,182
472,182
471,179
471,177
end box12
475,176
476,175
476,175
477,174
481,174
482,174
482,175
483,176
483,177
483,178
483,180
482,180
480,181
479,181
478,180
477,180
476,180
475,179
475,178
475,177
end box13
523,176
524,174
525,172
526,171
528,170
530,170
533,170
535,170
537,171
539,173
540,175
540,178
540,180
539,183
537,184
534,184
531,184
529,184
527,185
525,184
523,182
523,180
523,178
end box14
606,176
606,174
607,173
608,172
609,172
615,172
617,172
619,174
619,176
619,178
619,180
619,182
616,183
614,183
612,182
611,183
609,183
607,183
605,181
605,179
605,177
end box15
599,108
600,108
601,109
602,110
602,111
602,112
602,113
602,115
601,116
600,117
598,117
597,117
596,116
595,115
594,114
end box16
681,142
685,142
686,143
687,144
687,149
686,150
685,151
683,151
682,151
681,150
680,149
end box17
680,132
681,131
682,131
683,130
684,130
685,130
687,130
688,131
689,132
690,134
689,135
689,137
689,139
688,140
686,141
684,141
683,141
681,140
680,139
680,137
end box18
642,180
643,179
644,178
645,177
646,177
647,179
648,180
648,181
649,186
648,187
647,189
646,190
644,189
643,187
642,186
end box19
645,148
645,148
646,148
647,148
647,148
648,149
648,149
649,150
649,151
649,152
649,153
648,154
647,154
646,155
645,154
644,154
end box20
593,107
594,106
595,105
597,104
598,104
600,104
602,105
604,106
604,108
605,110
605,111
605,113
604,116
603,117
601,118
599,119
597,118
595,118
593,116
592,114
end box21
678,155
679,155
682,155
683,155
684,156
685,163
684,165
682,166
680,166
679,166
677,165
end box22
544,96
544,95
545,95
546,95
547,95
548,95
549,96
549,97
549,98
549,99
549,100
549,101
549,103
548,103
546,104
545,103
544,103
543,101
end box23
513,159
515,159
516,159
517,160
517,161
517,163
517,164
516,165
515,166
514,166
513,166
512,165
end box24
643,184
645,182
647,182
648,182
650,184
650,186
650,195
649,198
647,199
644,198
643,196
end box25
565,143
566,143
567,144
567,148
566,149
565,149
564,150
563,149
562,149
562,148
end box26
347,173
348,173
349,172
350,172
351,172
352,173
353,174
354,175
354,176
354,177
354,178
354,180
353,181
352,182
350,183
349,183
347,182
347,180
end box27
644,154
645,154
646,154
647,154
648,154
649,155
649,156
649,160
649,162
648,162
646,163
645,162
644,162
end box28
595,126
596,125
598,125
599,126
599,126
600,131
599,132
598,133
597,133
596,133
595,132
end box29
529,130
530,130
531,129
532,129
533,130
533,131
533,136
532,137
531,137
530,137
529,136
end box30
379,143
380,143
381,143
382,143
383,143
384,144
384,149
384,151
383,152
381,152
380,152
379,151
end box31
608,123
609,122
610,122
611,122
612,123
613,124
613,131
612,132
610,133
609,132
608,131
end box32
599,99
600,99
601,99
602,99
603,99
604,100
604,107
603,108
601,108
600,108
599,107
end box33
500,148
501,147
502,147
503,147
504,148
504,148
505,155
504,155
502,156
501,155
500,154
end box34
end total35boxes
