665,196
665,190
670,183
675,179
682,178
702,177
709,178
714,183
718,191
720,196
720,205
720,213
718,223
713,226
702,223
680,225
670,225
667,221
666,212
667,204
end box0
602,200
605,195
610,191
615,189
620,189
638,189
643,191
648,196
652,200
653,207
652,214
646,218
639,219
633,218
619,219
613,219
606,218
602,214
602,207
end box1
1161,186
1165,183
1170,180
1174,179
1189,179
1193,180
1199,182
1204,186
1206,192
1204,197
1197,200
1190,199
1173,199
1166,200
1160,197
1158,192
end box2
426,193
426,191
428,189
429,188
431,187
440,187
443,188
444,191
445,193
446,196
446,199
445,203
442,203
438,203
431,203
428,203
426,201
425,198
425,196
end box3
1020,186
1024,183
1028,181
1032,180
1045,180
1049,181
1054,183
1059,186
1062,192
1060,197
1054,199
1047,199
1030,199
1024,199
1019,196
1018,192
end box4
1121,187
1125,183
1129,181
1132,180
1135,180
1145,180
1149,181
1154,183
1158,186
1159,191
1157,196
1152,198
1146,198
1134,199
1130,199
1124,199
1120,196
1119,191
end box5
898,182
898,180
900,178
901,177
903,177
910,176
912,177
914,179
915,181
915,184
915,187
914,189
912,190
909,190
907,190
904,190
902,190
900,190
898,188
898,186
897,184
end box6
769,179
770,177
771,175
772,174
775,174
781,173
783,173
786,174
787,176
788,179
788,182
788,185
787,188
784,189
781,190
779,189
776,189
774,189
771,188
769,187
769,184
769,182
end box7
866,182
867,180
868,178
869,177
871,177
878,176
880,177
882,179
883,181
883,184
883,187
882,189
880,190
877,190
872,190
870,190
867,190
866,189
865,186
865,184
end box8
512,192
513,191
514,191
515,191
516,191
517,191
518,192
519,193
519,194
519,195
519,196
519,198
518,199
517,199
515,200
514,199
513,199
512,198
511,197
end box9
441,194
441,192
443,191
444,190
445,189
450,188
452,189
453,190
455,192
455,193
456,196
456,198
455,200
453,201
451,202
448,202
447,202
445,201
443,201
441,199
441,197
441,195
end box10
493,191
494,189
499,188
500,189
501,190
501,191
501,192
501,193
501,195
500,196
498,196
496,196
495,196
494,195
493,194
493,193
end box11
839,180
839,180
840,179
841,179
842,179
843,180
844,180
844,181
845,182
845,183
845,184
845,186
844,187
842,187
841,188
840,187
839,187
838,186
838,185
end box12
799,180
800,178
802,177
803,176
812,176
814,176
817,178
818,180
819,183
818,186
817,189
814,189
804,189
802,189
799,188
799,185
798,183
end box13
221,209
223,205
226,202
229,201
232,201
244,201
247,202
251,205
254,208
255,213
254,218
251,222
246,222
231,222
227,221
223,221
221,217
220,213
end box14
265,199
268,195
272,194
275,197
277,222
276,231
273,230
267,229
265,224
end box15
621,126
622,125
623,124
624,124
625,124
626,125
627,126
628,127
628,128
628,129
628,130
628,132
627,133
626,134
624,135
623,134
622,133
621,132
end box16
394,202
395,201
396,200
398,201
399,202
400,203
401,210
400,212
398,213
397,214
394,214
393,212
end box17
758,144
762,144
763,144
764,146
764,151
763,152
762,153
760,153
759,153
758,152
end box18
772,192
773,191
774,191
776,191
777,192
778,193
778,195
778,200
777,201
776,203
775,204
773,203
771,202
771,200
end box19
759,157
760,157
762,157
763,157
764,158
764,165
763,166
761,166
760,166
759,165
end box20
549,143
550,142
552,142
553,143
554,144
555,150
554,151
553,152
551,152
550,152
549,151
end box21
555,143
556,143
557,143
559,143
560,143
560,145
560,152
559,154
557,154
556,154
554,153
end box22
759,157
760,157
762,157
763,157
764,158
764,165
763,166
761,166
760,166
759,165
end box23
773,156
774,156
776,155
777,156
778,157
779,158
779,163
778,164
777,165
775,166
774,165
773,164
end box24
end total25boxes
