593,191
595,186
600,181
604,178
609,178
624,178
630,178
634,181
638,187
641,191
642,198
642,205
639,212
633,213
624,211
608,213
600,214
595,212
593,205
594,198
end box0
456,187
456,185
457,183
458,182
460,181
469,181
471,182
473,185
474,187
474,190
474,193
473,196
471,197
467,197
460,197
457,197
455,195
455,192
455,190
end box1
587,183
587,181
588,179
589,178
591,178
599,177
601,178
602,180
603,182
603,185
602,187
601,189
599,190
597,191
594,191
592,191
590,191
588,191
586,189
586,187
586,185
end box2
553,189
553,187
554,185
555,184
557,183
559,182
562,182
564,183
566,184
567,186
568,188
568,191
568,193
568,196
566,197
563,198
561,197
558,197
556,197
554,196
553,195
553,192
553,190
end box3
673,182
673,180
675,178
676,177
678,176
686,176
688,177
690,179
691,181
691,184
691,187
690,190
687,190
677,191
674,191
672,189
672,186
672,184
end box4
541,145
542,145
547,144
548,145
549,146
549,153
548,154
546,155
543,154
541,154
540,153
end box5
878,147
893,146
893,148
893,153
892,155
878,155
877,153
end box6
593,129
594,128
595,128
596,128
597,129
597,129
598,134
597,135
596,136
595,136
594,136
593,135
end box7
68,205
69,206
69,213
68,214
61,214
60,213
end box8
end total9boxes
