548,188
550,185
552,181
554,179
558,178
567,178
572,178
574,181
577,184
579,187
579,192
579,197
578,202
574,203
568,202
557,202
552,202
549,200
548,196
548,192
end box0
573,179
573,177
574,175
576,174
585,173
588,174
589,176
590,178
590,181
590,184
589,186
587,187
584,187
577,187
575,186
573,185
573,183
573,181
end box1
576,176
577,175
582,175
584,175
584,176
585,178
585,179
585,181
585,183
583,183
582,184
579,184
577,183
576,183
576,182
end box2
590,177
590,176
591,175
591,175
596,174
597,175
598,176
598,177
599,178
599,180
599,181
597,182
595,182
593,182
592,182
591,181
590,180
590,179
end box3
638,179
638,177
639,175
640,174
642,173
644,173
645,172
647,173
649,173
651,174
652,176
653,178
653,181
653,183
652,185
650,187
648,188
646,187
643,188
641,187
639,186
638,185
638,182
638,180
end box4
584,179
584,177
586,175
588,174
596,174
598,175
600,176
601,178
601,181
601,184
600,186
597,186
588,186
586,186
584,185
583,183
583,181
end box5
645,180
647,176
650,174
653,173
656,173
666,173
670,174
674,176
676,179
676,184
675,188
671,190
655,192
652,191
648,190
645,187
644,184
end box6
623,177
623,175
625,173
626,172
628,171
636,171
638,172
639,174
640,176
640,179
640,182
640,185
637,186
627,186
624,185
623,183
622,181
623,179
end box7
528,178
529,174
531,171
533,168
537,169
546,169
551,168
553,170
555,174
557,177
556,182
556,186
555,190
552,192
547,192
536,192
532,191
530,189
528,185
529,181
end box8
1199,240
1200,236
1201,230
1202,223
1206,214
1212,203
1223,196
1231,204
1234,218
1236,227
1236,234
1238,240
1238,245
1237,251
1237,259
1235,269
1232,283
1224,291
1210,289
1202,281
1200,266
1199,256
1198,250
1199,245
end box9
676,128
677,127
678,127
679,127
681,127
681,128
681,136
680,137
678,138
677,138
676,137
end box10
640,176
641,175
642,175
643,175
644,175
645,175
646,176
646,177
647,178
647,179
647,180
647,182
646,183
645,183
643,184
642,184
641,183
640,182
640,181
end box11
778,154
779,154
780,154
782,154
783,154
783,155
784,157
784,162
783,164
782,165
780,165
779,165
777,164
end box12
end total13boxes
