248,190
252,185
258,182
262,181
281,181
286,182
292,185
297,190
300,197
298,203
289,205
281,205
266,205
261,205
253,205
246,202
245,196
end box0
302,188
305,185
309,183
312,182
323,182
327,183
331,184
335,188
337,192
335,196
330,198
325,199
314,199
311,198
306,198
302,196
300,192
end box1
737,139
737,137
738,136
740,135
742,134
744,134
745,134
748,135
750,136
750,138
751,140
751,143
751,145
750,147
749,150
746,151
744,151
741,151
739,150
737,148
737,146
736,142
end box2
692,160
693,159
695,159
696,160
697,161
698,162
698,167
697,169
696,169
694,169
693,169
692,168
691,167
end box3
734,135
735,133
736,132
737,130
738,129
740,128
741,128
743,128
745,129
747,131
748,132
748,134
748,137
748,139
748,141
746,143
744,144
742,145
739,145
737,144
736,142
735,140
734,138
734,136
end box4
724,171
725,171
726,171
727,170
728,171
729,172
729,173
730,178
729,179
728,180
726,180
725,180
724,179
723,178
end box5
596,157
597,157
599,157
599,157
600,157
601,158
601,159
601,160
601,161
601,162
600,163
599,164
598,164
597,163
596,163
596,162
end box6
706,143
707,142
718,141
721,142
721,156
720,157
706,157
705,155
end box7
723,161
724,161
725,161
726,161
727,161
728,162
729,163
729,164
729,166
729,168
728,169
727,170
725,170
724,170
723,169
722,168
end box8
425,157
426,157
428,157
429,157
430,158
430,165
428,165
427,166
426,165
425,165
end box9
596,147
597,147
598,147
599,147
600,147
600,147
601,148
601,149
601,150
601,151
601,152
600,153
599,154
598,154
597,154
596,153
596,152
end box10
691,170
694,169
695,170
696,171
697,172
697,177
696,178
695,179
692,179
690,179
690,177
end box11
674,188
675,187
677,187
678,188
680,188
680,189
681,195
679,196
678,197
676,198
675,197
673,197
672,196
end box12
738,144
738,143
748,143
749,144
750,145
750,147
750,150
749,152
747,153
745,153
743,154
740,153
738,152
737,151
end box13
558,159
558,158
559,158
559,158
560,158
561,159
561,159
561,160
561,161
561,162
561,163
561,163
560,164
559,164
558,164
557,163
end box14
353,159
354,159
356,159
357,159
357,160
357,165
356,166
355,166
354,165
353,165
end box15
end total16boxes
