835,291
872,250
908,228
951,224
984,220
1009,220
1032,222
1057,223
1084,228
1122,234
1161,256
1197,293
1211,342
1197,373
1145,390
1091,392
1058,392
1033,387
1011,384
990,379
956,381
901,387
849,370
830,339
end box0
675,207
681,197
690,185
698,177
710,175
722,176
733,175
744,176
759,176
773,180
784,192
783,206
780,221
777,236
771,247
755,248
722,251
709,254
692,256
677,253
673,239
673,223
end box1
323,225
333,214
344,205
355,200
367,198
377,198
386,197
396,198
409,198
424,201
438,210
443,225
444,241
439,256
427,264
407,264
395,265
368,265
354,266
335,265
323,256
321,242
end box2
738,235
761,212
783,193
803,181
826,182
846,184
864,184
885,180
909,182
938,187
959,205
973,233
979,266
972,294
948,312
912,313
885,310
864,306
845,309
822,316
793,323
756,315
731,298
728,270
end box3
449,193
449,186
454,178
461,175
469,176
488,177
495,177
501,180
506,187
510,193
511,202
511,212
507,219
498,220
489,220
462,218
454,216
450,209
450,201
end box4
629,193
629,190
632,187
634,184
638,181
642,181
645,181
650,181
656,181
660,183
662,188
661,193
654,209
641,212
635,213
630,213
627,209
627,203
628,198
end box5
615,188
616,185
618,183
620,180
622,178
625,178
628,178
632,178
636,178
640,179
642,183
634,200
631,201
628,202
624,203
620,204
616,202
614,199
614,195
614,191
end box6
545,175
545,175
546,174
547,174
548,174
549,175
550,175
550,176
551,177
551,178
551,179
551,181
550,182
548,182
547,182
546,182
545,181
544,181
543,180
end box7
440,206
443,200
449,193
454,190
461,190
472,190
477,191
484,191
490,194
497,199
501,205
504,215
502,223
497,230
488,231
479,229
460,229
452,230
445,228
440,222
439,214
end box8
607,189
608,187
608,186
609,184
611,183
613,182
615,181
617,181
619,182
621,184
622,186
622,188
621,193
621,196
619,197
617,198
615,199
612,199
610,199
608,197
607,195
607,192
607,190
end box9
523,179
523,177
524,176
526,175
528,175
535,175
537,176
539,177
540,179
541,182
541,185
540,188
537,188
534,188
527,187
525,187
523,186
522,184
522,182
end box10
589,179
590,177
591,176
592,175
593,174
595,173
596,173
598,173
600,174
602,174
603,176
604,178
604,181
604,183
603,185
601,186
599,187
596,187
594,187
592,187
590,186
589,185
589,182
589,180
end box11
603,186
604,183
606,181
608,179
611,178
613,178
616,178
619,178
622,178
625,179
628,182
628,186
628,189
627,193
626,196
623,198
619,198
616,198
613,198
610,199
606,198
603,196
602,193
603,189
end box12
621,192
621,190
622,189
622,187
623,185
625,183
628,182
631,183
633,184
635,186
635,189
632,200
630,202
628,204
625,205
622,204
621,200
620,197
620,195
620,193
end box13
-4,274
33,234
67,207
110,200
146,201
173,206
197,209
224,206
254,207
293,215
329,238
365,275
379,326
368,362
317,383
265,388
228,383
198,372
174,370
147,376
105,387
49,386
-2,364
-14,327
end box14
529,175
530,174
534,174
535,175
535,176
536,177
536,178
536,179
536,181
535,182
533,182
532,182
531,182
530,182
529,181
528,180
end box15
633,193
636,188
640,184
645,181
650,179
655,179
660,179
665,179
672,179
678,181
681,187
683,193
682,200
680,206
677,211
660,214
655,215
648,217
640,217
634,215
631,208
632,200
end box16
605,181
605,179
607,178
608,177
609,176
611,175
612,174
614,175
617,175
619,176
620,178
620,180
620,183
619,185
618,187
616,188
615,189
612,189
610,190
608,190
606,189
605,187
604,184
605,182
end box17
562,174
562,174
563,174
564,174
565,173
566,174
566,174
567,175
567,176
567,177
567,178
567,180
566,180
565,181
564,181
563,181
562,180
561,179
561,179
end box18
511,188
512,184
515,182
518,180
521,180
533,180
535,182
539,184
541,187
542,192
542,196
539,200
535,201
517,200
513,199
511,195
511,192
end box19
593,176
593,176
594,175
595,175
596,175
597,175
598,176
598,177
599,178
598,179
598,180
598,182
598,182
596,183
595,183
594,183
593,183
592,182
592,181
end box20
624,192
624,190
625,188
626,187
627,184
629,181
633,178
636,178
639,181
639,186
636,200
635,206
633,208
628,209
625,206
624,201
624,198
624,195
624,193
end box21
576,175
576,175
577,174
578,174
579,174
580,175
580,175
581,176
581,177
581,178
581,179
581,180
580,181
579,182
578,183
577,182
576,181
575,180
575,180
end box22
609,157
610,156
614,156
615,157
616,158
617,159
617,160
617,162
617,163
615,164
614,165
612,165
611,165
610,164
609,163
608,162
end box23
551,129
552,130
553,131
553,132
553,133
553,134
553,136
552,137
551,137
549,137
548,137
547,137
546,136
end box24
643,158
649,158
650,158
650,159
651,166
650,167
648,167
645,167
643,167
642,166
end box25
608,145
608,145
611,144
612,144
613,145
613,146
614,147
614,148
614,149
614,151
613,152
611,152
610,152
609,152
608,152
607,151
end box26
501,157
502,158
503,159
503,164
502,165
501,166
498,166
497,165
496,164
end box27
529,158
529,158
530,158
531,158
531,158
532,159
532,159
533,160
533,161
533,162
533,163
532,164
531,164
530,164
529,164
528,164
528,163
end box28
605,159
606,157
606,155
607,154
609,153
611,153
613,152
614,153
616,153
618,154
619,156
620,158
620,161
620,163
619,166
618,167
615,168
613,168
610,168
608,168
606,166
605,164
605,162
605,160
end box29
562,108
567,108
568,109
569,110
569,112
569,115
569,117
568,118
566,119
564,119
563,119
561,118
560,117
end box30
592,144
592,144
596,143
597,144
597,145
598,146
598,148
598,150
597,151
596,151
594,152
593,151
592,151
591,150
end box31
693,160
694,159
695,159
696,159
698,160
698,161
698,168
697,169
695,170
694,169
693,168
end box32
587,124
588,125
589,126
589,131
588,132
587,133
584,133
583,132
582,131
end box33
609,173
610,172
611,172
612,172
613,172
614,173
614,174
615,175
614,176
614,177
614,178
613,179
612,180
611,180
610,180
609,180
608,179
608,178
end box34
end total35boxes
