603,180
605,177
608,174
611,173
624,173
627,174
631,176
633,180
634,184
634,188
631,191
626,192
613,191
609,191
605,191
603,188
603,184
end box0
324,177
324,175
324,172
324,169
326,165
329,158
333,156
336,162
338,167
339,171
339,174
339,176
339,179
338,180
337,183
337,186
336,194
334,200
328,198
326,190
326,184
325,182
325,180
325,178
end box1
297,174
297,172
297,170
297,168
298,164
301,158
305,156
308,160
309,165
310,169
310,171
310,173
310,175
309,177
309,180
309,183
309,191
305,194
301,193
299,185
298,180
298,178
298,177
297,175
end box2
304,172
303,170
304,168
304,165
305,161
308,154
312,153
315,158
316,163
317,167
317,169
317,171
317,173
316,175
316,177
316,181
315,189
313,194
307,192
305,184
305,179
305,176
304,175
304,173
end box3
196,179
196,177
196,175
197,173
198,170
200,166
203,164
206,167
208,171
208,174
209,176
209,178
209,180
208,182
208,185
208,189
208,195
204,196
199,195
197,191
197,186
196,184
196,182
196,180
end box4
727,204
727,200
727,194
729,187
731,174
738,161
746,163
753,178
755,189
756,196
757,200
758,204
757,208
756,212
755,217
759,230
759,248
749,249
735,250
727,247
729,226
730,216
729,212
728,208
end box5
506,169
507,168
508,168
510,168
511,169
511,170
512,177
511,179
510,180
509,181
507,180
506,179
end box6
882,180
883,178
890,178
892,179
893,181
893,195
891,197
882,196
881,194
end box7
681,106
682,105
685,105
686,106
686,116
685,117
684,118
681,117
680,116
end box8
end total9boxes
