342,202
357,187
372,179
387,175
400,176
410,177
419,175
429,176
441,176
455,180
471,189
489,202
493,223
490,238
468,246
445,247
431,247
420,247
410,245
401,242
388,242
366,243
347,235
342,221
end box0
-19,255
-12,222
8,186
28,163
65,161
102,174
132,177
164,177
192,184
211,204
239,230
246,260
253,299
252,339
243,376
223,397
171,382
133,368
103,369
63,387
4,412
-18,392
-20,342
-18,299
end box1
957,277
978,245
1002,216
1027,198
1058,197
1087,200
1114,199
1145,192
1181,192
1216,203
1238,234
1247,273
1250,316
1246,355
1229,392
1192,399
1146,388
1113,380
1087,378
1055,387
1010,399
972,385
949,357
945,319
end box2
600,193
601,187
607,182
612,179
618,179
633,180
639,180
644,182
648,188
652,193
653,201
653,208
649,214
642,216
609,216
603,214
600,207
600,200
end box3
750,206
757,198
764,189
772,184
781,183
790,184
797,184
805,184
816,184
829,185
838,193
838,205
836,217
834,229
827,236
813,237
805,239
797,240
789,242
780,242
768,242
752,241
746,232
747,219
end box4
640,175
640,173
641,171
642,170
645,170
651,169
653,170
655,171
656,173
657,175
657,178
657,181
656,183
654,185
651,185
649,185
644,184
642,184
640,182
640,180
640,178
end box5
469,188
469,180
475,175
483,175
490,176
503,177
508,177
513,179
518,183
525,189
529,197
528,204
519,208
511,209
504,209
499,208
473,201
470,195
end box6
637,176
638,173
640,170
642,168
645,168
654,167
658,167
660,169
662,172
664,176
664,179
664,184
662,188
659,190
655,189
645,188
642,187
639,185
638,182
638,179
end box7
826,222
840,210
851,199
862,192
874,190
886,189
897,188
908,190
924,189
941,193
955,204
958,221
957,239
953,254
938,263
919,265
907,269
897,271
886,271
874,270
858,270
836,269
822,257
822,241
end box8
574,176
574,174
575,172
576,171
578,171
583,170
585,170
587,171
588,173
589,175
589,178
589,180
588,183
586,184
584,184
579,184
577,184
575,183
574,182
573,180
573,177
end box9
157,204
160,193
168,184
180,181
190,180
199,180
208,180
216,182
225,183
234,188
244,194
251,205
255,218
253,231
246,241
229,242
217,241
208,242
199,242
192,240
182,238
169,236
161,228
158,217
end box10
283,193
294,183
305,177
314,174
323,174
330,176
337,175
343,176
352,175
362,177
374,183
383,193
388,207
384,218
370,224
355,224
345,224
312,225
297,224
284,218
280,207
end box11
734,192
736,187
740,182
745,179
750,178
755,178
760,178
765,178
773,177
779,178
781,185
782,192
781,199
779,204
760,213
755,214
748,217
739,218
733,214
731,207
732,199
end box12
893,267
890,252
893,237
895,211
904,174
926,148
948,158
968,191
979,219
982,239
982,255
981,268
981,279
978,290
975,303
978,330
975,372
956,393
920,394
899,378
898,332
899,304
896,292
894,280
end box13
674,170
675,169
676,169
678,169
679,170
680,171
681,179
680,180
678,181
677,182
675,181
673,180
end box14
676,159
677,158
678,158
679,158
681,159
682,159
683,160
683,162
683,165
683,167
682,168
680,169
678,169
677,169
675,168
674,167
end box15
591,157
595,157
596,158
597,159
597,160
597,162
597,164
596,165
595,165
593,166
592,165
591,165
590,164
end box16
543,132
543,130
544,129
545,127
546,126
548,126
549,125
551,126
553,126
555,128
556,130
556,131
556,134
556,136
555,138
554,140
552,141
550,141
547,141
545,140
544,139
543,137
542,135
543,133
end box17
691,189
692,188
693,188
695,188
696,189
696,191
697,197
696,198
695,200
694,201
692,201
691,199
end box18
546,131
546,130
547,130
548,129
549,129
550,129
551,130
552,131
553,132
554,133
554,134
554,136
553,137
552,138
551,139
549,140
548,139
547,138
546,137
545,136
end box19
690,145
691,144
702,143
703,144
703,147
703,149
702,150
690,149
690,148
end box20
709,159
713,159
714,160
714,161
715,166
714,167
713,167
710,167
709,167
708,166
end box21
647,142
651,142
652,143
653,144
653,145
653,147
653,149
652,150
651,151
649,151
648,151
647,150
646,149
end box22
610,162
610,162
611,161
612,161
613,161
614,162
615,162
615,163
616,164
616,165
616,166
616,168
615,169
613,169
612,169
611,169
610,168
609,168
end box23
788,156
791,155
793,156
794,156
795,157
795,164
794,165
792,165
789,166
787,165
786,164
end box24
573,141
574,141
575,141
576,141
577,141
578,142
578,149
577,150
575,150
574,150
573,149
end box25
end total26boxes
