536,179
538,176
540,174
543,172
546,172
553,171
557,171
559,173
563,176
565,178
565,183
565,187
563,191
559,191
554,191
545,191
541,191
537,190
535,186
536,183
end box0
516,179
516,177
518,175
519,173
521,173
531,173
533,174
535,176
536,179
536,182
536,185
535,189
532,190
529,190
520,190
518,189
516,187
515,184
515,182
end box1
561,179
561,177
562,175
563,174
565,173
567,173
568,173
570,173
572,174
574,174
575,176
576,178
576,181
576,183
576,186
574,187
571,188
569,188
566,187
564,187
562,186
561,185
561,182
560,180
end box2
547,177
547,175
549,174
551,172
553,172
558,172
561,172
562,173
564,175
566,177
566,180
566,183
565,186
562,187
559,187
552,186
549,186
548,185
547,182
547,180
end box3
501,189
501,187
502,186
504,184
505,184
510,183
512,184
513,185
515,187
516,188
516,191
516,193
515,196
513,197
511,197
508,196
506,196
504,196
503,196
501,195
501,192
500,190
end box4
442,185
445,182
449,181
451,180
462,180
464,181
469,182
473,185
474,189
472,193
468,195
463,194
450,194
446,194
442,192
441,189
end box5
530,177
530,176
532,174
533,173
535,172
537,172
540,172
543,172
545,173
546,175
547,177
547,180
547,182
546,185
543,186
541,186
536,186
534,187
531,186
530,184
529,182
530,180
end box6
632,161
636,161
637,161
638,162
638,163
638,164
638,166
638,167
637,168
635,168
633,168
632,168
631,167
630,166
end box7
612,175
612,173
613,172
614,171
615,170
617,170
618,169
620,170
621,171
623,172
624,173
624,175
624,176
624,178
624,181
622,182
620,182
618,182
617,182
615,182
613,181
612,180
612,178
612,176
end box8
567,176
568,175
569,174
570,174
571,174
572,175
573,176
574,177
574,178
574,179
574,181
574,182
573,183
572,184
570,184
569,184
568,183
567,182
566,181
end box9
712,171
713,170
713,169
714,169
715,169
716,170
716,171
716,171
717,172
716,173
716,174
716,175
716,176
715,177
714,177
713,177
712,176
712,175
end box10
502,175
503,175
506,174
508,175
509,175
510,176
510,178
510,179
510,181
510,183
509,184
507,185
505,185
504,185
502,184
501,183
end box11
600,173
601,172
602,171
603,171
604,171
605,172
606,173
606,174
607,175
607,176
607,177
607,179
606,180
605,181
603,181
602,181
601,180
600,179
600,178
end box12
395,158
396,157
398,157
399,157
400,158
400,159
401,160
401,161
401,162
400,164
400,165
398,165
397,165
396,165
395,164
end box13
500,139
501,138
517,137
518,139
518,142
518,144
517,146
501,146
500,144
end box14
499,180
500,178
501,176
502,174
504,174
506,173
508,172
510,173
512,174
514,175
515,177
516,179
516,182
516,185
515,187
513,189
511,190
508,190
505,190
503,190
501,188
499,186
499,184
499,182
end box15
523,175
529,174
530,175
531,176
532,178
532,179
532,181
532,183
530,184
528,185
526,185
525,185
523,184
522,183
521,182
end box16
738,120
739,119
748,119
750,121
750,133
749,135
739,136
737,134
end box17
411,178
411,178
412,177
413,177
414,177
415,178
415,178
416,179
416,180
416,181
416,182
416,183
415,184
414,185
413,185
412,185
411,184
410,183
end box18
566,183
567,182
570,182
571,182
572,183
572,184
573,185
573,186
573,187
573,189
572,190
570,190
569,191
568,190
567,190
566,189
565,188
end box19
581,111
582,110
584,110
585,110
586,111
586,118
584,118
583,119
582,118
581,118
end box20
665,141
666,141
668,141
669,141
670,142
670,149
669,150
667,150
666,149
665,149
end box21
507,155
508,155
510,155
511,155
512,156
512,162
512,163
511,164
509,164
508,164
507,163
end box22
581,111
582,110
584,110
585,110
586,111
586,118
584,118
583,119
582,118
581,118
end box23
516,155
517,154
519,154
520,155
520,155
521,156
521,160
521,162
520,162
518,163
517,162
516,162
end box24
end total25boxes
