5,232
7,193
20,163
55,159
92,167
120,178
147,188
169,200
187,218
203,241
208,267
214,296
212,327
208,356
188,376
157,384
125,384
92,387
59,390
21,390
8,366
end box0
647,198
649,196
652,193
654,191
657,190
670,190
672,192
676,195
678,198
678,203
678,208
676,212
672,213
656,213
651,213
647,212
646,207
647,203
end box1
550,214
552,211
555,208
558,208
570,208
573,209
577,211
580,214
582,218
581,222
577,225
572,225
569,225
561,225
558,224
553,224
550,221
550,218
end box2
651,197
652,195
654,193
655,192
657,192
667,191
669,192
671,194
672,197
672,200
672,204
671,207
668,207
656,208
653,208
651,206
650,203
650,200
end box3
679,176
680,176
680,177
681,178
681,179
681,180
681,182
680,183
679,183
676,183
675,183
674,182
end box4
647,178
648,178
648,179
649,180
649,181
649,182
649,184
648,185
646,185
644,185
643,185
642,184
end box5
669,144
670,143
671,142
672,142
673,142
674,143
675,144
676,145
676,146
676,147
676,148
676,150
675,151
674,152
672,153
671,152
669,152
669,150
end box6
678,190
679,189
680,189
681,189
682,190
682,190
683,191
683,192
683,193
683,194
683,196
683,197
681,197
680,197
679,197
678,196
end box7
641,192
642,191
642,191
643,191
644,191
644,191
645,191
646,192
646,193
646,194
646,195
646,196
645,197
644,197
643,198
642,198
641,197
641,196
640,195
end box8
1019,92
1020,92
1021,91
1023,91
1025,92
1026,92
1026,94
1027,95
1027,96
1027,98
1027,100
1026,101
1024,101
1021,101
1019,101
1018,100
end box9
695,207
697,201
698,193
703,188
711,188
730,189
738,189
743,192
744,201
747,207
747,214
747,222
745,230
739,234
732,235
724,234
717,235
708,237
701,235
697,229
694,222
696,214
end box10
end total11boxes
