353,179
353,177
353,175
355,173
357,173
362,173
364,174
366,175
367,176
368,178
368,181
369,183
368,186
366,187
363,187
361,187
359,187
356,187
354,186
353,185
352,180
end box0
376,175
377,174
378,174
380,174
381,174
382,175
383,176
383,177
383,178
383,179
383,181
382,182
381,182
379,183
378,182
377,182
376,181
375,180
end box1
330,179
331,176
334,173
336,171
340,171
347,172
350,172
353,173
356,176
358,179
359,183
359,187
357,190
353,192
348,191
339,191
336,190
332,189
330,186
330,182
end box2
372,179
372,177
373,175
374,174
376,174
381,173
383,174
385,175
386,176
387,178
387,181
387,183
387,186
384,187
382,187
380,187
377,187
375,187
373,186
372,185
372,182
372,180
end box3
646,204
645,199
645,192
647,183
650,168
658,148
667,154
676,173
680,184
681,193
681,199
682,204
681,209
678,213
676,216
677,224
676,240
670,260
655,265
648,249
649,226
649,218
647,213
646,209
end box4
715,191
715,186
716,179
718,171
722,161
729,142
739,138
748,153
752,167
754,177
754,185
756,191
756,197
754,202
753,208
750,217
748,233
741,250
727,248
720,230
719,213
717,206
715,201
715,196
end box5
679,202
680,197
681,191
682,183
686,173
694,159
702,156
710,169
714,182
715,191
717,196
719,202
718,207
716,212
715,218
716,230
714,247
705,253
691,252
683,242
683,224
683,216
680,212
680,207
end box6
923,72
925,69
963,68
966,72
966,79
965,83
923,83
923,79
end box7
535,121
538,119
570,119
575,121
574,128
572,131
536,131
534,128
end box8
923,65
926,63
961,62
965,65
965,72
964,76
923,76
922,72
end box9
253,205
253,201
254,197
254,191
257,182
263,173
269,173
275,182
278,190
279,196
280,200
280,204
279,208
278,212
277,216
276,222
275,232
270,239
261,237
257,231
256,220
256,214
255,211
253,208
end box10
395,159
395,159
397,159
397,159
398,160
398,165
397,165
396,166
395,165
394,165
end box11
end total12boxes
