796,195
803,188
809,183
814,181
820,181
834,182
840,182
847,183
854,187
860,194
863,203
861,211
852,214
840,214
835,214
830,214
825,214
820,215
813,215
802,214
794,211
794,203
end box0
685,195
688,191
692,186
696,184
701,184
705,183
710,183
714,184
720,183
724,185
728,191
731,195
732,202
731,209
729,215
722,216
715,214
699,215
691,217
686,215
684,209
685,202
end box1
620,177
620,176
622,174
623,173
632,173
634,173
636,175
638,177
638,180
638,183
637,185
634,186
624,186
622,186
620,185
619,182
619,180
end box2
651,191
653,188
656,185
658,182
661,182
665,182
668,182
672,182
676,182
679,184
682,187
684,191
684,196
684,201
681,205
677,206
672,206
660,207
656,206
652,205
651,200
651,196
end box3
525,175
527,172
534,172
535,173
536,175
537,176
536,178
536,181
534,181
527,181
526,181
524,180
525,178
end box4
624,177
626,174
631,174
633,174
633,175
634,177
634,178
634,180
634,182
633,183
631,183
626,182
625,182
624,181
624,179
end box5
522,175
523,173
525,172
526,171
535,170
538,171
540,173
542,175
543,178
542,182
541,184
537,184
527,184
524,185
521,183
521,181
521,178
end box6
551,170
553,170
554,171
554,173
554,174
554,176
554,178
552,178
551,179
548,179
546,178
545,178
end box7
511,176
516,175
517,176
518,177
519,178
519,179
519,181
519,183
517,183
516,183
513,183
512,183
510,182
510,181
end box8
147,192
148,190
149,188
150,187
152,185
153,184
156,184
158,184
160,186
162,187
163,189
165,191
165,194
165,197
163,199
161,201
159,203
156,203
153,203
151,202
149,200
147,198
147,196
146,194
end box9
1130,195
1130,193
1131,191
1132,189
1133,188
1135,187
1138,186
1140,187
1142,188
1144,190
1145,192
1145,194
1145,197
1145,199
1144,202
1143,204
1141,206
1138,206
1135,206
1133,205
1131,203
1130,200
1130,198
1130,196
end box10
299,161
300,160
301,160
303,160
304,161
305,162
306,170
305,172
303,173
302,174
300,173
298,172
end box11
608,177
609,176
610,175
611,175
613,175
614,176
615,177
616,178
617,180
617,181
617,183
617,185
615,186
613,187
611,188
610,187
608,186
607,185
606,184
end box12
604,182
604,180
606,178
607,176
608,175
610,174
613,174
615,175
617,175
619,177
620,179
621,181
621,184
621,187
620,189
618,191
616,192
613,193
610,193
608,192
606,190
604,188
604,186
604,184
end box13
602,187
602,186
604,184
605,183
607,182
609,181
611,181
613,181
614,182
617,183
618,185
619,187
620,190
620,193
618,195
616,197
613,197
611,197
608,197
606,197
604,196
602,194
601,192
601,190
end box14
364,0
367,-1
389,-1
393,0
394,5
393,23
390,26
381,28
end box15
1019,174
1020,173
1021,173
1023,173
1024,174
1025,175
1024,184
1023,185
1021,186
1020,185
1018,184
end box16
911,189
912,187
913,187
915,187
916,189
917,190
918,198
917,200
915,201
914,201
912,201
910,199
909,198
end box17
853,173
856,173
857,173
858,174
858,175
859,180
858,181
857,181
855,182
854,181
853,181
end box18
22,160
23,160
24,159
26,159
27,160
28,161
29,162
29,164
29,165
29,167
29,168
28,170
26,171
24,171
23,171
21,170
20,169
end box19
613,160
614,160
616,160
617,160
618,161
619,162
619,165
619,167
618,168
617,169
615,170
614,169
613,168
end box20
969,178
973,178
974,178
975,180
976,184
975,185
974,187
973,187
971,187
970,187
968,187
968,185
end box21
314,93
318,90
355,90
362,93
361,101
359,104
316,104
314,100
end box22
18,161
20,160
22,159
24,159
26,159
28,160
29,161
30,163
30,165
30,168
30,170
30,172
28,174
26,176
24,176
21,176
19,175
17,173
17,171
16,169
end box23
952,173
953,172
954,172
955,172
957,172
958,173
957,182
956,183
954,183
953,183
951,182
end box24
803,153
804,153
807,153
808,153
809,154
808,163
807,164
805,164
804,164
802,163
end box25
609,125
610,125
611,126
612,127
613,128
614,129
613,131
613,133
612,134
611,135
609,136
608,135
607,134
end box26
285,142
286,141
288,141
290,141
291,142
292,143
292,148
292,149
291,151
289,152
287,152
286,152
284,151
283,150
end box27
641,176
641,176
642,176
643,175
644,175
645,176
645,176
646,177
646,178
646,179
646,180
646,181
645,182
644,183
643,183
642,183
641,182
640,181
end box28
598,144
599,144
601,143
602,144
603,145
603,152
602,153
600,153
599,153
598,152
end box29
607,144
608,143
609,143
610,143
611,144
612,145
612,151
612,152
611,153
609,154
608,153
607,153
end box30
151,143
152,143
155,143
156,143
157,144
157,151
157,153
155,154
153,154
152,154
150,153
end box31
1019,140
1020,139
1023,139
1024,140
1025,141
1025,150
1023,151
1021,152
1019,152
1018,151
end box32
50,139
50,137
51,135
53,133
55,133
58,132
60,132
63,132
65,135
65,148
64,151
61,153
58,153
55,152
53,151
51,149
50,146
50,144
end box33
356,44
358,34
367,35
375,38
382,41
387,45
387,54
387,60
387,64
388,69
387,73
387,79
387,88
382,94
376,98
366,100
358,102
357,88
end box34
613,160
614,160
616,160
617,160
618,161
619,162
619,165
619,167
618,168
617,169
615,170
614,169
613,168
end box35
946,138
948,136
955,136
958,137
959,139
960,152
958,155
956,156
950,157
947,156
945,154
end box36
end total37boxes
