633,183
633,181
635,179
636,178
638,178
645,178
647,179
648,180
650,182
650,185
650,188
649,190
646,191
644,190
637,190
635,190
633,189
633,187
632,185
end box0
690,173
691,172
692,171
696,171
696,171
697,172
698,173
698,174
698,175
698,177
696,177
695,177
693,177
692,177
691,177
690,176
691,175
end box1
652,182
652,180
654,178
656,178
663,178
665,178
667,179
669,181
670,184
670,187
668,189
665,189
657,189
654,189
652,188
651,186
651,184
end box2
594,182
594,182
597,181
598,182
599,182
599,183
600,184
600,185
600,186
600,188
599,189
597,189
596,189
595,189
594,189
593,188
592,187
end box3
622,181
624,179
627,177
629,176
632,176
640,176
642,177
646,178
649,181
650,185
649,188
646,191
641,191
638,191
631,191
628,191
624,190
622,188
621,184
end box4
676,174
677,174
679,174
680,174
681,175
681,176
681,177
681,178
681,179
680,180
679,180
678,180
677,180
676,180
675,179
675,179
end box5
561,180
561,180
562,179
563,179
564,179
565,180
566,180
566,181
567,182
567,183
567,184
567,186
566,187
564,187
563,187
562,187
561,187
560,186
559,185
560,184
end box6
625,181
625,179
627,178
628,177
629,176
636,176
637,177
639,179
640,180
640,183
640,185
639,187
636,187
629,188
626,188
625,187
624,185
624,182
end box7
656,180
657,179
657,178
658,178
664,178
665,179
666,180
666,181
666,183
666,185
664,185
659,185
657,185
656,184
657,182
656,181
end box8
end total9boxes
