578,192
579,189
581,185
583,182
586,182
590,182
593,182
597,182
600,183
602,185
605,189
606,191
606,195
606,200
606,205
602,206
597,206
586,205
582,205
580,203
579,199
579,195
end box0
201,188
203,185
207,182
209,180
212,180
224,180
227,182
231,184
234,187
235,192
235,197
231,200
226,201
221,200
212,200
208,200
203,200
200,196
199,192
end box1
39,188
48,179
58,173
67,171
75,171
82,170
88,169
94,170
101,171
108,174
120,179
131,188
132,200
128,208
116,214
101,213
93,211
87,214
81,215
76,213
68,213
55,212
41,208
37,200
end box2
375,179
376,177
377,176
379,174
381,174
389,174
391,175
392,177
394,179
394,182
394,185
393,188
390,189
387,189
382,188
380,189
377,189
375,187
375,184
375,182
end box3
391,174
391,172
392,171
394,169
395,169
402,169
404,170
405,171
406,173
406,176
406,178
405,180
403,181
400,181
398,181
397,181
394,181
393,181
391,180
391,177
390,175
end box4
610,175
610,175
611,174
613,174
614,175
615,175
615,176
616,177
616,178
616,179
616,181
615,182
613,182
612,182
611,182
610,181
609,181
609,180
end box5
395,173
396,172
396,171
397,171
400,171
401,171
402,172
403,173
404,174
404,175
403,177
403,178
402,179
401,179
399,180
398,180
397,179
395,178
395,177
end box6
596,172
597,171
598,171
600,171
601,171
602,172
602,173
603,174
603,175
603,176
603,178
602,179
601,179
599,180
598,179
597,179
596,178
end box7
590,177
590,175
591,174
593,172
595,172
600,172
603,172
604,173
606,175
608,177
608,180
608,183
607,186
604,187
601,187
594,186
592,186
590,184
589,182
589,180
end box8
414,175
414,174
416,173
420,173
421,173
422,174
423,175
423,176
422,178
422,179
421,180
419,180
417,180
416,180
415,179
414,178
414,177
414,176
end box9
625,176
626,176
626,176
627,175
628,175
629,176
629,176
630,177
630,178
630,179
630,180
630,181
629,182
628,183
627,183
626,183
625,182
625,181
624,180
end box10
379,176
380,175
381,175
382,174
384,174
386,175
387,175
387,176
388,178
388,179
388,181
388,183
387,184
385,184
383,185
382,184
380,184
379,183
378,182
end box11
513,174
513,174
514,173
515,173
516,173
517,174
517,174
518,175
519,176
519,177
519,178
519,180
517,180
516,181
515,181
514,181
513,180
512,180
512,179
end box12
431,172
436,171
437,172
438,173
439,174
439,175
438,177
438,178
437,179
435,179
433,179
432,179
431,178
430,177
end box13
442,173
442,173
445,172
446,173
447,173
447,174
448,175
448,176
448,177
448,179
447,179
445,180
444,180
443,180
442,179
441,179
440,178
end box14
529,173
529,173
530,173
531,173
532,172
532,173
533,173
534,174
534,175
534,176
534,177
534,178
533,179
532,179
531,180
530,179
529,179
528,178
528,177
end box15
562,165
562,165
563,165
564,165
564,165
565,166
565,166
566,167
566,168
566,169
566,170
565,171
564,172
563,172
562,172
561,171
561,170
end box16
663,163
664,163
664,164
665,165
664,167
664,169
664,170
662,170
661,170
660,170
659,169
658,168
end box17
432,158
432,159
433,164
432,165
430,165
428,165
427,164
end box18
365,162
366,162
366,163
367,164
367,165
367,166
367,168
366,169
365,169
363,170
362,169
361,169
360,168
end box19
529,161
529,161
530,161
531,161
531,161
532,162
532,162
533,163
533,164
533,165
533,166
532,167
531,167
530,168
529,167
528,167
528,166
end box20
560,170
560,170
561,169
562,169
563,169
564,170
565,170
565,171
565,172
565,173
565,174
565,176
564,176
563,177
562,178
561,177
560,176
559,175
end box21
513,160
513,160
515,160
516,161
516,161
517,162
517,163
517,164
517,165
516,166
515,166
514,167
513,166
512,166
end box22
442,173
442,173
445,172
446,173
447,173
447,174
448,175
448,176
448,177
448,179
447,179
445,180
444,180
443,180
442,179
441,179
440,178
end box23
481,158
481,158
483,158
484,158
485,159
485,160
485,163
484,164
483,165
482,165
481,165
480,164
end box24
647,162
648,162
649,163
649,167
648,168
647,169
646,169
645,169
644,168
end box25
428,144
429,143
433,143
434,144
434,150
434,151
433,151
430,151
429,151
end box26
498,160
498,160
499,160
500,160
500,160
501,161
501,161
502,162
502,165
501,166
500,167
499,167
498,167
497,166
end box27
495,172
496,171
497,171
498,171
499,172
499,172
500,173
500,174
500,175
500,176
500,177
499,178
498,179
497,179
496,179
495,178
494,177
end box28
353,178
353,177
354,176
355,176
356,176
357,177
358,178
358,179
358,180
358,181
358,182
358,183
358,185
357,186
355,187
354,186
353,185
end box29
465,172
466,172
466,172
467,172
468,172
468,172
469,172
470,173
470,174
470,175
470,176
470,177
469,178
468,178
467,179
466,178
465,178
464,177
464,176
end box30
546,163
546,163
547,163
548,163
548,163
549,164
549,164
549,165
549,166
549,167
549,168
549,169
548,169
547,170
546,169
545,168
545,168
end box31
498,160
498,160
499,160
500,160
500,160
501,161
501,161
502,162
502,165
501,166
500,167
499,167
498,167
497,166
end box32
end total33boxes
