520,217
524,196
542,177
561,164
582,160
604,162
622,164
643,165
664,168
681,179
697,199
703,219
710,246
706,273
698,299
675,303
643,296
623,295
604,296
584,296
554,301
532,297
523,272
521,245
end box0
654,158
655,157
659,156
660,157
661,158
661,165
661,167
659,168
656,168
654,167
end box1
646,155
647,155
654,154
655,155
656,164
655,166
652,166
648,166
647,166
646,165
end box2
607,121
608,120
611,120
612,121
612,131
611,132
609,133
608,132
606,131
end box3
689,156
690,155
692,155
693,156
694,157
694,164
693,165
691,166
690,166
689,165
end box4
494,109
495,108
498,108
499,109
500,119
498,121
497,121
494,121
493,120
end box5
544,106
545,106
548,106
549,106
550,107
549,116
548,117
546,117
545,117
543,116
end box6
end total7boxes
