459,195
458,188
462,182
467,179
474,179
480,179
485,179
491,180
497,180
501,184
505,190
508,195
508,202
509,210
507,218
501,221
492,219
485,218
474,218
467,218
462,215
461,208
461,201
end box0
500,190
501,185
504,183
508,183
515,183
519,184
522,184
525,187
528,190
529,193
530,198
530,203
529,208
525,210
520,211
515,209
512,208
509,208
end box1
584,195
586,190
591,184
596,180
602,181
617,181
624,181
628,184
633,190
636,195
636,202
635,209
631,216
626,218
592,219
588,216
585,209
585,202
end box2
360,205
365,194
375,183
386,178
399,177
410,178
419,177
430,178
443,178
453,184
466,194
471,205
472,222
472,239
466,251
450,254
432,249
382,251
368,250
361,237
359,222
end box3
512,177
512,171
514,165
519,162
525,162
530,162
535,163
540,163
546,163
549,166
551,172
554,177
554,183
554,189
552,195
548,198
541,197
535,196
530,196
525,197
519,196
516,193
514,187
513,182
end box4
652,163
652,161
653,160
654,159
655,158
657,157
658,157
660,157
662,158
663,159
664,161
665,163
665,165
665,167
664,169
663,170
661,171
659,172
657,171
655,171
653,169
652,168
652,166
651,164
end box5
559,159
560,159
561,159
562,159
563,159
564,160
564,161
565,162
565,163
564,164
564,165
564,167
562,167
561,168
560,167
559,167
558,165
end box6
573,179
573,177
573,176
574,174
576,173
578,172
580,171
582,172
583,173
585,175
586,177
586,178
586,181
586,183
586,185
584,187
582,189
580,189
577,188
575,187
574,186
573,184
572,182
572,180
end box7
638,178
639,178
640,178
641,178
642,178
643,179
643,180
644,181
643,182
643,183
643,184
643,186
642,187
640,187
639,187
638,186
end box8
655,163
657,160
658,160
659,160
660,159
661,160
662,161
663,162
663,163
663,164
663,165
663,167
662,168
661,169
659,169
658,169
657,168
656,167
656,166
656,165
end box9
579,175
580,174
581,174
582,174
583,175
584,176
584,177
585,178
585,179
585,180
585,182
584,183
583,184
581,184
580,184
579,183
578,182
end box10
561,174
562,173
563,173
564,173
565,174
566,175
566,176
567,181
566,182
565,183
563,183
562,183
561,182
560,181
end box11
end total12boxes
