590,172
591,171
591,171
592,170
592,170
593,169
595,169
596,170
597,170
597,171
598,172
598,173
598,174
598,176
597,176
595,177
594,177
593,177
592,176
591,176
590,175
590,174
590,173
end box0
86,196
86,194
87,191
87,186
89,179
94,170
99,167
104,174
107,182
107,188
107,192
108,196
107,199
107,202
106,206
105,211
104,222
100,230
92,230
89,217
88,207
88,203
87,201
86,199
end box1
890,200
890,197
890,192
891,187
893,178
899,166
905,165
911,176
914,185
914,191
915,196
915,200
915,203
916,208
914,211
913,217
912,229
907,241
897,240
892,226
892,215
891,210
889,207
889,203
end box2
850,205
850,202
850,198
851,192
854,185
859,175
866,170
872,177
875,187
876,195
876,200
876,205
875,208
875,212
873,215
873,223
872,235
867,242
857,243
853,230
853,218
853,213
852,211
851,208
end box3
505,178
504,176
504,174
504,172
506,168
508,163
511,162
514,166
515,170
516,173
517,176
516,178
516,179
515,181
515,183
515,186
515,193
512,197
508,195
506,187
506,183
505,182
505,180
505,179
end box4
425,182
425,181
425,179
425,177
426,174
428,170
431,168
434,171
435,175
436,178
436,180
436,182
436,183
435,185
435,187
435,190
434,196
432,199
428,197
426,191
426,187
426,186
425,184
425,183
end box5
459,182
460,177
463,172
467,171
469,175
471,180
471,183
471,189
471,191
471,193
470,197
470,204
467,208
463,207
461,199
460,194
end box6
495,175
496,173
497,171
498,171
500,172
501,173
501,175
501,176
501,177
501,178
501,179
501,180
501,182
500,184
499,186
497,185
496,182
495,180
end box7
480,178
481,176
482,174
483,173
485,174
486,176
486,178
486,179
487,180
487,181
486,182
487,184
486,185
485,188
484,190
482,189
481,185
480,184
end box8
559,145
559,144
560,144
562,144
563,144
564,145
564,146
565,147
565,148
565,149
565,151
564,152
563,153
561,153
560,153
559,152
558,151
end box9
696,143
697,143
697,144
698,145
698,146
698,147
698,149
697,150
695,150
694,150
693,150
692,150
691,149
end box10
575,170
576,169
577,168
578,168
579,168
580,169
581,170
582,171
583,172
582,173
582,175
582,176
581,177
580,178
578,179
577,178
576,177
575,176
574,175
end box11
367,140
372,140
373,141
374,149
373,150
371,151
368,151
366,150
365,149
end box12
567,160
568,161
569,162
569,163
569,167
568,168
567,168
564,168
563,168
562,167
end box13
365,124
367,123
370,123
372,124
372,136
371,138
369,138
366,138
365,136
end box14
611,142
612,142
614,142
615,142
615,142
616,147
615,148
614,149
613,149
612,149
611,148
end box15
665,147
666,148
667,149
667,150
667,151
667,153
666,154
664,154
662,154
661,153
end box16
611,142
612,142
614,142
615,142
615,142
616,147
615,148
614,149
613,149
612,149
611,148
end box17
453,22
454,21
455,21
457,21
458,21
458,23
458,30
457,31
455,32
454,31
453,30
end box18
end total19boxes
