85,216
119,194
142,181
165,179
183,179
197,179
208,178
223,177
238,180
267,180
297,189
319,215
328,246
317,264
281,275
247,277
225,275
209,271
196,270
180,272
156,279
120,278
84,266
74,246
end box0
700,181
701,179
702,178
703,176
705,175
714,176
716,177
718,179
719,181
719,184
719,187
718,191
716,191
712,191
704,191
702,191
700,190
700,186
700,184
end box1
581,190
587,184
594,180
601,179
606,178
619,179
624,179
631,180
638,184
646,190
649,199
647,207
636,210
626,210
599,210
589,209
580,206
579,199
end box2
659,172
660,172
664,172
665,173
666,174
667,175
667,176
667,178
667,180
665,180
664,181
662,181
661,181
659,180
658,180
658,179
end box3
544,177
549,176
550,177
551,178
552,179
552,180
552,182
552,184
550,184
549,184
546,184
545,184
543,184
543,182
end box4
523,182
524,180
525,178
526,177
528,177
535,177
537,178
539,179
540,181
540,184
540,187
539,189
537,190
534,190
527,190
525,190
523,188
522,186
522,184
end box5
539,180
540,178
541,176
542,175
551,175
553,176
555,177
556,179
556,182
556,185
555,187
552,188
550,188
544,187
541,187
539,186
539,184
539,182
end box6
694,162
695,163
696,164
696,165
696,166
696,168
695,168
693,168
691,168
690,168
689,167
end box7
3,192
6,189
10,187
30,188
35,189
39,192
41,198
40,202
34,204
4,201
3,197
end box8
705,176
706,175
707,174
712,174
713,175
713,176
714,178
714,179
714,181
714,183
713,184
711,184
709,184
708,184
706,184
705,183
704,182
end box9
651,175
651,173
653,171
654,170
656,169
663,170
665,171
667,172
668,174
669,177
669,180
668,183
665,183
662,183
655,183
653,183
651,181
651,179
650,177
end box10
564,178
567,175
570,172
573,172
586,171
590,172
594,174
597,177
597,182
596,186
592,188
575,189
572,189
568,188
564,186
563,182
end box11
723,174
724,174
728,174
729,174
730,175
731,177
731,178
731,180
731,182
729,182
728,183
726,183
725,183
723,182
722,182
722,181
end box12
590,176
590,174
591,173
592,172
593,171
595,170
596,170
598,170
600,171
601,172
602,174
603,175
603,178
603,180
603,182
601,184
599,184
597,184
594,184
592,184
591,183
589,181
589,179
589,177
end box13
694,177
694,177
695,176
696,176
697,176
698,176
699,177
700,178
700,179
700,180
700,181
700,183
699,184
697,184
696,185
695,184
694,184
693,183
693,182
end box14
561,175
561,175
564,174
565,174
566,175
567,176
567,177
567,178
567,179
567,181
566,182
564,182
563,182
562,182
561,182
560,181
559,180
end box15
572,178
572,176
574,175
575,174
577,174
584,173
587,174
589,176
590,178
590,181
589,184
588,186
585,186
576,187
574,187
572,185
571,183
571,181
end box16
642,171
643,170
644,170
645,170
646,170
647,170
648,171
649,172
649,173
649,174
649,175
649,177
648,178
647,179
645,179
644,178
643,178
642,177
end box17
718,180
719,178
720,176
721,175
723,174
731,174
732,175
734,177
735,179
735,182
735,185
734,187
732,188
729,188
724,188
722,188
720,188
718,186
718,184
718,182
end box18
354,211
353,208
353,204
354,199
355,189
361,177
367,175
373,186
375,197
375,203
376,207
375,211
375,214
374,217
373,220
374,227
373,240
369,250
358,251
355,237
356,223
356,219
354,216
353,214
end box19
264,125
265,124
266,124
268,124
269,125
270,126
270,135
268,136
267,137
265,136
263,135
end box20
83,142
85,141
92,140
95,141
96,143
95,159
93,160
90,161
87,161
84,160
83,158
end box21
825,161
826,161
827,160
828,160
829,161
830,162
830,168
830,169
829,170
827,170
826,170
825,169
end box22
771,159
772,158
773,158
774,158
775,159
775,159
775,165
774,166
773,167
772,166
771,165
end box23
745,158
746,158
746,159
747,160
747,161
746,162
746,164
746,164
744,165
743,165
742,165
741,164
740,163
end box24
920,158
921,157
922,157
923,157
924,158
925,159
926,160
926,165
925,166
924,167
922,167
921,167
920,166
end box25
625,148
629,148
629,148
630,149
630,150
630,151
630,152
630,153
630,155
628,155
627,155
626,155
625,154
end box26
950,124
951,123
953,122
958,121
960,121
963,122
965,123
966,126
966,128
966,131
966,133
965,136
963,138
961,139
958,139
952,139
950,138
949,135
end box27
316,161
317,161
318,161
319,160
320,161
321,162
322,168
321,169
320,170
318,170
317,170
316,169
end box28
346,175
347,174
348,174
349,174
350,175
351,176
351,183
350,184
348,185
347,184
346,183
end box29
775,172
776,171
777,171
778,171
779,172
780,173
780,178
780,179
779,181
777,181
776,181
775,179
end box30
624,157
625,156
627,156
628,157
628,157
629,158
629,162
628,163
627,164
626,164
625,164
624,163
end box31
953,160
954,159
955,159
956,159
957,160
958,161
959,162
959,167
958,168
957,169
955,170
954,170
953,169
952,167
end box32
381,187
382,186
383,186
384,186
385,187
386,187
387,189
387,194
386,195
385,196
383,196
382,196
380,196
380,194
end box33
332,159
333,158
334,158
335,158
336,159
337,160
338,166
337,167
336,168
334,168
333,168
332,167
end box34
823,142
824,142
827,142
828,142
829,143
828,152
827,153
825,153
824,153
822,152
end box35
773,144
774,143
776,143
777,144
778,145
778,152
777,153
775,154
774,153
773,152
end box36
625,148
629,148
629,148
630,149
630,150
630,151
630,152
630,153
630,155
628,155
627,155
626,155
625,154
end box37
end total38boxes
