509,191
510,188
512,184
515,181
519,181
530,181
535,181
537,184
540,188
542,191
542,196
542,201
541,207
537,208
531,207
518,207
513,207
510,205
509,200
509,196
end box0
545,177
550,176
551,177
552,178
553,179
553,180
553,182
553,184
551,184
550,184
547,184
546,184
545,183
544,182
end box1
560,176
564,176
565,176
565,177
566,178
566,179
566,180
566,182
565,182
563,183
562,183
561,183
560,183
559,182
558,181
end box2
540,181
541,179
542,177
543,176
552,176
554,177
555,178
557,180
557,183
557,186
556,188
553,189
551,189
545,188
542,188
541,187
540,185
540,183
end box3
538,191
538,189
539,187
540,186
542,185
547,185
549,186
551,187
552,188
553,190
553,193
553,195
552,198
550,199
548,199
546,199
544,199
541,199
540,198
538,196
538,194
538,192
end box4
649,189
650,187
651,187
653,187
653,189
654,190
654,197
653,198
651,199
650,199
649,197
end box5
end total6boxes
