584,195
585,191
589,185
593,181
598,180
604,180
614,181
621,181
624,184
628,191
630,195
630,202
630,209
628,216
624,219
597,217
588,220
585,217
584,208
585,201
end box0
504,194
507,188
513,183
518,181
524,181
529,181
534,180
539,181
545,181
550,183
556,189
561,194
563,202
562,210
556,216
548,217
540,215
523,216
515,217
509,215
504,209
504,201
end box1
92,207
114,193
132,187
147,185
158,184
166,185
174,185
182,186
194,185
212,185
233,190
250,206
254,227
244,240
217,247
143,247
121,248
93,242
87,228
end box2
226,187
231,173
242,165
258,163
270,164
288,163
297,164
307,164
318,169
329,177
337,188
340,203
338,216
325,223
308,225
297,225
288,225
279,225
271,224
260,224
245,223
232,215
229,202
end box3
318,205
329,195
339,188
349,185
359,185
366,186
373,185
381,185
391,184
404,185
416,192
423,204
425,219
421,231
407,237
391,237
381,237
373,238
366,238
357,239
346,240
329,239
316,232
313,220
end box4
0,210
7,185
31,204
50,226
62,233
71,242
74,253
76,263
78,272
80,282
82,293
81,307
78,324
69,343
54,359
31,370
8,373
1,344
end box5
471,191
474,184
480,181
487,180
509,180
515,181
520,185
525,191
527,198
525,204
518,208
510,209
504,209
491,208
485,208
478,208
472,204
471,197
end box6
482,191
483,187
486,184
490,183
505,183
509,184
513,187
515,190
516,195
515,200
512,203
507,204
502,204
489,203
484,202
482,199
481,195
end box7
663,193
664,190
665,187
667,184
671,183
674,183
677,183
680,183
685,183
688,185
690,188
690,192
690,196
689,200
688,204
685,207
681,207
677,207
674,208
670,208
666,207
663,204
662,200
663,196
end box8
573,180
573,178
574,176
575,175
577,174
579,174
580,173
582,174
584,174
586,175
587,177
588,179
589,182
589,184
588,187
586,188
583,189
581,188
578,188
576,188
574,187
573,186
572,184
572,182
end box9
422,193
423,187
427,182
434,181
440,182
445,182
448,183
452,183
457,183
462,185
467,189
472,194
475,201
475,208
469,213
461,214
454,213
449,213
429,210
424,206
422,200
end box10
406,205
407,198
410,190
416,187
425,188
431,188
436,188
442,189
449,189
455,192
458,199
463,205
465,213
465,222
461,229
453,231
443,230
437,230
431,230
425,229
418,228
412,225
408,219
407,212
end box11
534,181
535,178
538,175
541,174
544,174
551,174
554,174
557,175
561,177
563,181
564,185
563,189
560,192
556,193
552,193
536,191
534,188
534,184
end box12
689,208
689,206
689,203
689,198
691,191
695,180
701,177
706,184
708,195
708,201
708,205
708,208
707,211
707,214
707,217
708,224
707,237
702,242
693,242
690,230
691,219
691,215
690,212
689,211
end box13
299,210
300,206
302,203
305,200
308,198
312,198
315,197
320,197
323,199
326,202
329,205
330,209
330,214
330,218
328,222
324,225
320,227
316,228
311,227
308,226
304,223
301,221
299,218
299,213
end box14
545,155
546,155
548,155
549,155
550,156
551,162
550,163
549,164
547,164
546,164
545,163
end box15
700,141
700,139
701,138
703,137
705,136
707,136
708,136
711,137
712,138
713,140
714,142
714,145
714,147
713,150
712,151
709,153
707,152
704,152
702,152
700,150
699,148
end box16
659,159
662,159
663,159
664,160
665,161
665,166
664,167
663,168
661,168
660,168
659,167
658,166
end box17
end total18boxes
