244,196
244,194
246,192
248,191
249,191
256,191
258,192
260,193
261,195
262,198
261,201
260,203
257,203
254,203
249,203
246,203
244,202
243,200
243,198
end box0
215,194
216,193
216,193
217,192
217,192
221,192
222,192
223,193
223,194
223,195
223,196
223,198
222,199
220,199
219,199
218,199
217,199
216,198
215,197
215,195
end box1
229,195
229,193
232,192
233,191
235,191
242,191
245,191
247,193
249,195
249,198
249,201
247,204
243,204
234,204
231,204
229,203
228,201
228,198
end box2
200,195
200,194
201,193
206,193
207,193
208,194
209,195
209,196
209,198
209,200
207,200
205,200
202,200
201,199
200,199
200,197
200,196
end box3
180,195
180,194
182,193
184,192
192,192
194,192
196,193
198,195
198,198
198,201
196,203
193,203
185,203
182,203
180,203
179,200
178,198
end box4
233,195
233,194
234,193
234,193
235,192
239,192
240,193
241,194
242,195
242,196
242,198
242,200
240,200
239,200
237,201
236,200
234,200
233,200
232,199
233,197
232,196
end box5
239,194
242,191
245,190
247,189
258,189
260,190
265,191
268,194
269,198
268,202
264,203
259,204
256,204
254,204
249,204
246,203
242,203
238,201
237,198
end box6
183,195
183,194
184,193
189,192
190,193
191,194
192,195
192,196
192,198
192,200
190,200
185,200
183,200
183,199
183,197
183,196
end box7
213,195
213,193
215,192
216,191
217,191
223,191
225,191
227,192
228,194
229,197
229,199
227,201
225,202
222,202
220,201
217,202
215,202
213,201
212,199
212,197
end box8
195,195
196,194
198,192
200,192
207,192
209,192
212,193
214,195
215,198
214,201
212,203
209,203
201,203
198,203
196,202
195,200
194,198
end box9
349,177
350,173
353,171
374,171
378,173
380,176
381,181
381,186
378,189
372,189
351,188
348,185
348,181
end box10
413,119
417,116
421,115
426,116
439,132
439,137
439,143
440,153
421,158
401,155
398,152
401,142
401,137
end box11
270,174
271,174
271,175
272,176
272,178
272,180
271,181
269,181
267,181
266,181
265,180
end box12
end total13boxes
