147,193
148,191
149,189
150,188
152,186
153,185
156,185
158,185
160,187
162,188
163,190
165,192
165,195
165,198
163,200
161,202
159,204
156,204
153,204
151,203
149,201
147,199
147,197
146,195
end box0
299,161
300,160
301,160
303,160
304,161
305,162
306,170
305,171
303,173
302,173
300,173
298,172
end box1
854,173
855,173
856,173
857,173
858,173
859,174
859,175
859,179
859,181
858,181
856,182
855,181
854,181
end box2
603,183
603,181
604,179
605,178
607,177
609,176
611,176
613,176
615,177
616,178
618,180
618,182
618,185
618,187
617,190
616,191
613,193
611,193
608,193
606,193
604,191
603,189
602,186
602,184
end box3
804,152
805,152
807,152
809,152
810,153
810,160
809,162
808,162
806,163
805,162
803,162
end box4
969,177
973,177
974,177
975,179
976,183
975,184
974,186
973,186
971,187
970,186
968,186
968,184
end box5
1019,174
1020,174
1021,174
1023,174
1024,174
1025,175
1025,184
1023,185
1021,185
1020,185
1018,184
end box6
18,161
20,160
22,159
24,159
25,159
28,160
29,161
30,163
30,165
30,168
30,170
30,172
28,174
26,175
24,176
21,176
19,175
17,173
17,171
17,169
16,167
end box7
365,0
368,-1
394,0
395,5
395,18
394,23
391,26
382,28
end box8
953,174
954,173
955,173
956,173
958,173
958,174
958,183
957,184
955,184
954,184
952,183
end box9
313,92
318,89
356,89
362,92
362,100
359,103
316,103
313,99
end box10
911,189
912,188
913,188
915,188
916,189
917,190
918,191
918,198
917,199
915,200
914,201
912,200
910,199
909,198
end box11
608,177
609,176
610,176
611,175
613,176
614,176
615,177
616,178
616,180
616,181
616,183
616,185
615,186
613,187
611,187
610,187
608,186
607,185
607,184
end box12
22,161
23,160
24,160
26,160
27,161
28,162
29,163
29,165
29,166
29,168
29,170
28,171
26,172
24,173
23,172
21,171
20,170
20,169
end box13
1132,193
1133,191
1135,190
1140,189
1145,190
1147,192
1148,206
1146,208
1143,209
1140,210
1134,209
1132,207
end box14
320,143
321,143
322,143
324,143
325,143
325,145
326,146
326,147
326,149
326,151
325,152
324,154
322,154
321,154
320,152
end box15
21,171
24,170
26,171
27,171
27,172
28,174
28,175
28,177
28,178
26,179
25,180
23,180
22,180
21,179
19,179
19,177
end box16
598,144
599,143
601,143
602,144
603,145
603,152
602,153
600,153
599,153
598,152
end box17
50,138
51,136
51,134
53,132
55,132
58,131
60,131
64,131
65,134
65,147
64,150
61,152
58,152
55,151
53,150
51,148
50,145
50,143
end box18
1019,139
1020,138
1023,138
1024,139
1025,140
1025,149
1023,150
1021,151
1019,150
1018,150
end box19
151,143
152,143
155,143
156,143
157,144
157,151
157,153
155,154
153,154
152,154
150,153
end box20
356,44
359,34
367,35
375,38
382,41
387,45
387,54
387,60
387,64
388,69
387,73
387,79
387,88
383,94
376,98
366,100
358,101
357,88
end box21
607,143
608,142
609,142
610,142
611,143
612,144
612,151
611,152
609,153
608,152
607,152
end box22
end total23boxes
