744,239
758,224
774,209
788,200
804,198
820,200
833,198
848,201
866,201
884,206
902,220
912,239
913,262
909,285
895,295
864,294
846,292
833,291
820,291
805,295
785,298
755,297
741,287
740,264
end box0
488,194
489,188
493,183
497,180
504,180
519,180
525,180
530,183
533,189
536,194
537,201
537,209
534,214
527,216
520,216
514,215
509,215
504,215
497,215
491,213
490,207
489,201
end box1
531,191
531,187
532,183
535,181
539,181
543,180
546,180
550,180
554,181
556,184
559,187
560,191
560,195
560,199
559,204
555,206
551,207
546,206
543,205
540,204
537,203
534,201
532,198
532,194
end box2
668,206
671,201
674,197
679,195
684,195
688,195
691,195
695,195
700,195
705,196
709,201
712,206
713,212
713,219
709,223
702,224
696,224
692,223
687,223
683,224
676,225
670,223
667,218
667,212
end box3
400,205
412,197
422,191
429,187
437,186
444,186
451,186
458,186
468,185
477,188
490,194
498,204
499,218
496,230
485,237
471,238
424,238
411,237
399,230
397,219
end box4
506,191
507,184
510,179
517,177
523,177
538,177
544,178
549,180
553,186
556,191
557,198
557,205
552,211
546,213
539,213
533,212
528,212
end box5
822,118
823,115
847,114
848,117
848,140
847,144
824,143
end box6
607,160
608,160
609,160
610,160
611,160
612,161
612,168
611,169
609,169
608,169
607,168
end box7
825,138
826,137
844,136
846,137
847,148
845,151
827,152
825,150
end box8
end total9boxes
