774,233
790,210
811,187
835,178
859,179
880,181
898,182
919,180
943,181
971,186
993,205
1000,232
1005,264
998,292
981,315
949,315
858,311
824,322
790,318
771,296
768,267
end box0
937,264
962,236
989,218
1015,208
1037,203
1059,204
1079,206
1100,206
1124,210
1156,214
1185,231
1200,262
1206,299
1196,326
1162,341
1128,347
1102,349
1080,346
1060,346
1038,347
1009,349
970,344
937,329
929,301
end box1
686,203
689,197
693,191
698,187
704,186
711,186
716,186
722,186
730,186
735,189
740,196
743,203
744,211
743,219
741,226
732,228
723,227
716,226
710,227
703,229
693,231
686,228
684,220
685,211
end box2
326,204
333,192
345,185
358,183
369,183
378,183
385,183
393,184
403,184
413,188
425,195
436,205
441,221
438,234
425,241
407,243
395,242
386,242
377,243
369,240
359,240
342,240
330,232
326,220
end box3
173,216
196,199
219,190
237,187
250,186
262,187
273,185
284,187
299,186
319,188
343,196
364,215
367,241
359,257
328,268
304,269
206,267
177,258
169,242
end box4
437,192
437,184
442,177
450,176
474,177
480,177
486,180
491,186
495,192
497,200
496,209
491,215
483,216
475,216
468,215
445,211
441,206
439,199
end box5
end total6boxes
