278,252
287,239
298,223
309,214
325,212
340,213
353,211
368,212
386,212
400,220
416,235
421,250
420,272
418,293
411,306
387,308
367,304
353,303
341,302
328,303
307,306
282,307
274,293
274,273
end box0
444,203
446,200
448,195
450,193
471,192
474,195
477,199
478,203
478,208
478,213
477,219
473,220
454,219
449,220
445,218
444,212
444,208
end box1
556,195
557,193
558,191
559,190
561,189
569,189
570,190
572,192
573,194
573,197
573,199
572,202
569,203
567,203
560,203
558,203
556,201
556,199
556,197
end box2
526,195
526,195
526,194
527,193
530,193
531,193
532,194
532,195
533,196
532,197
532,199
531,199
530,199
528,199
527,199
526,199
526,198
526,197
526,196
end box3
522,197
523,195
524,194
525,193
532,193
534,193
535,195
536,197
537,199
537,201
536,203
533,203
526,203
524,204
522,203
521,200
521,198
end box4
545,193
545,193
546,192
547,193
548,192
549,193
549,193
550,194
550,195
550,196
550,197
550,199
549,199
548,199
547,200
546,199
545,199
544,198
544,198
end box5
end total6boxes
