576,178
577,176
582,176
583,176
584,177
585,178
585,179
585,181
585,183
583,183
581,183
579,183
578,183
576,183
576,182
576,180
576,179
end box0
559,178
559,178
564,177
565,178
566,179
567,180
567,181
567,183
567,185
565,185
563,185
561,185
560,185
558,185
558,184
end box1
502,192
503,189
505,186
508,185
511,185
518,186
521,186
523,187
526,189
528,192
530,196
529,200
527,203
523,204
519,203
516,202
511,202
508,202
504,201
502,199
502,195
end box2
594,176
597,176
598,176
599,177
600,178
600,179
600,180
600,182
598,182
597,182
596,183
595,182
594,182
593,182
593,181
end box3
554,180
555,178
556,176
557,175
559,175
566,175
568,176
569,177
571,179
571,182
571,185
570,187
567,187
564,187
558,188
556,187
554,186
554,184
554,182
end box4
432,188
433,185
435,182
438,180
442,180
453,180
456,182
459,184
461,187
462,192
461,196
459,200
454,201
450,200
438,199
434,198
432,195
431,191
end box5
457,176
458,175
460,173
470,173
472,174
473,176
474,178
474,181
474,184
473,187
471,188
461,188
459,187
457,185
end box6
609,175
611,173
615,174
616,174
617,175
617,176
617,177
617,179
615,179
614,179
613,179
612,179
611,179
610,179
610,178
609,177
609,176
end box7
525,191
525,189
526,187
527,186
529,186
534,186
536,186
537,187
539,189
540,190
540,193
540,195
540,198
537,198
535,198
532,198
529,198
527,198
525,196
525,194
524,192
end box8
545,179
549,179
550,179
550,180
551,181
551,182
551,183
551,185
550,186
548,186
547,186
546,186
545,185
544,185
end box9
627,173
628,173
628,173
629,173
630,173
631,173
631,173
632,174
632,175
632,176
632,177
632,178
631,179
630,180
629,180
628,179
627,179
626,178
end box10
647,126
649,127
649,128
650,130
650,131
650,133
649,135
648,136
646,137
643,137
641,137
640,135
639,134
end box11
600,140
601,140
604,140
605,141
606,147
605,148
604,149
602,149
601,148
600,148
end box12
627,142
631,141
632,142
632,143
632,147
632,148
630,149
629,149
628,149
627,148
end box13
643,155
644,155
645,154
646,154
647,155
647,155
648,156
648,160
647,161
646,162
645,162
644,162
643,161
643,160
end box14
777,109
778,108
779,107
780,107
782,107
783,108
784,109
785,110
785,117
784,118
782,119
781,120
779,119
777,118
776,117
end box15
627,173
628,173
628,173
629,173
630,173
631,173
631,173
632,174
632,175
632,176
632,177
632,178
631,179
630,180
629,180
628,179
627,179
626,178
end box16
644,175
644,175
645,175
646,175
646,175
647,176
647,176
648,177
648,178
648,179
648,180
647,181
646,181
645,182
644,181
643,181
643,180
end box17
637,128
638,126
639,125
649,124
651,125
652,127
652,129
652,134
652,137
650,139
645,139
640,139
638,138
637,135
637,133
end box18
642,145
643,145
644,145
645,145
646,145
647,146
647,147
647,152
647,153
646,154
644,154
643,154
642,153
end box19
483,153
484,153
485,153
486,153
487,153
488,154
487,160
487,161
485,162
484,161
483,161
end box20
600,140
601,140
604,140
605,141
606,147
605,148
604,149
602,149
601,148
600,148
end box21
end total22boxes
