175,219
191,204
212,197
230,197
240,196
249,197
257,196
265,198
276,199
291,201
309,206
328,220
334,240
325,252
300,260
224,261
206,261
180,253
173,241
end box0
538,183
538,181
539,179
541,177
543,177
548,178
550,178
552,179
554,180
554,182
555,185
555,188
554,190
552,191
549,191
547,191
545,191
542,191
540,191
538,189
538,187
538,185
end box1
555,181
556,179
557,177
558,176
560,176
565,176
567,176
569,177
570,178
571,180
572,183
572,186
571,188
568,189
566,189
563,188
562,189
559,189
557,188
556,187
555,185
555,183
end box2
560,178
561,177
562,177
563,177
564,177
565,177
566,178
567,179
567,180
567,181
567,183
568,184
566,185
565,186
563,186
562,185
561,185
560,184
559,183
end box3
180,187
183,186
185,186
186,187
186,188
187,193
187,194
185,196
184,196
181,196
179,196
178,195
end box4
674,174
675,173
676,172
677,172
678,172
679,173
680,174
681,175
681,177
681,180
680,181
679,182
677,183
676,182
675,181
674,180
end box5
752,150
754,147
759,147
762,148
764,152
764,173
763,179
759,179
754,179
751,176
end box6
end total7boxes
