618,176
618,174
619,173
621,171
623,171
631,171
632,172
634,174
635,176
636,179
636,182
635,185
632,186
629,185
624,185
622,186
619,185
617,184
617,181
617,179
end box0
587,176
587,174
589,173
590,172
591,171
593,170
594,170
596,170
598,171
600,172
601,174
602,175
602,178
602,180
601,182
599,183
597,184
595,184
592,184
590,184
588,183
587,182
586,179
586,177
end box1
341,205
341,203
341,200
341,194
343,187
347,178
352,178
357,186
359,194
359,199
360,202
360,205
360,208
359,211
359,214
360,221
359,231
354,236
345,237
341,230
342,217
342,212
341,210
341,208
end box2
249,193
249,191
249,188
249,183
251,178
256,171
260,168
265,175
267,181
268,186
268,190
268,193
268,196
267,199
266,201
266,206
265,215
262,222
255,220
252,210
251,203
251,199
250,197
250,196
end box3
401,177
401,176
402,175
403,175
404,175
405,176
405,177
406,178
406,179
406,180
406,181
406,182
406,184
405,185
403,186
402,185
401,184
400,182
400,181
end box4
256,188
257,186
257,182
258,178
262,171
266,170
269,176
271,181
272,185
272,188
272,190
271,193
271,195
271,197
270,201
270,208
267,214
261,213
259,204
258,199
258,196
end box5
462,191
462,189
462,187
462,184
463,181
466,177
469,176
472,178
474,182
475,186
475,188
474,191
475,192
474,194
474,197
474,201
473,206
470,208
465,208
463,203
463,198
463,195
463,194
462,192
end box6
380,179
380,178
381,176
382,176
383,177
384,178
385,179
385,180
385,181
385,182
385,183
385,185
385,186
384,188
383,189
381,188
380,186
379,185
379,183
end box7
543,141
544,140
547,140
549,140
550,141
551,142
551,144
551,147
551,148
550,150
548,150
546,151
545,151
543,150
542,149
end box8
541,138
543,137
545,136
546,136
548,136
551,137
552,138
552,149
551,151
549,152
547,153
544,152
542,152
541,150
end box9
518,160
519,160
520,161
520,162
520,163
520,164
520,166
519,167
518,167
516,167
515,167
514,167
end box10
641,172
642,170
643,170
645,170
646,171
647,172
647,179
646,181
645,182
644,183
642,182
640,181
end box11
789,126
790,126
791,125
792,125
793,125
794,126
795,127
796,128
797,129
796,131
796,133
795,134
794,135
792,136
791,135
789,135
789,133
end box12
532,157
533,157
533,158
534,159
534,160
534,161
534,163
533,164
531,164
530,164
529,164
528,164
527,163
end box13
800,125
801,123
816,122
817,125
817,133
817,136
815,137
801,137
800,134
end box14
629,144
630,144
630,145
631,146
631,148
631,150
630,151
629,151
627,151
626,151
625,151
end box15
723,144
724,143
727,142
728,143
729,144
730,145
730,146
730,147
730,148
730,150
729,151
728,152
726,152
725,152
724,151
723,150
end box16
643,160
643,160
644,160
645,160
645,160
646,161
646,161
647,165
646,166
645,167
644,167
643,167
642,166
end box17
224,133
225,131
248,130
249,132
249,140
226,141
224,139
end box18
563,146
564,146
565,146
566,145
567,146
567,146
568,147
568,148
568,150
568,151
567,152
566,153
565,153
564,153
563,152
end box19
1185,226
1186,221
1187,216
1187,205
1191,198
1198,192
1209,189
1218,194
1222,203
1223,213
1224,220
1226,226
1226,232
1226,238
1226,247
1225,259
1219,266
1209,270
1197,271
1186,272
1182,259
1182,246
1183,238
1185,231
end box20
676,157
677,156
678,156
679,156
680,157
680,157
680,163
679,164
678,165
677,164
676,163
end box21
end total22boxes
