0,271
38,228
78,204
129,206
164,205
190,208
214,207
239,205
265,212
304,219
350,239
392,276
408,329
393,360
325,370
270,374
241,375
213,363
137,365
76,373
16,358
-2,325
end box0
582,194
583,191
586,187
589,184
593,184
609,184
611,186
615,190
617,194
617,199
618,205
616,210
611,211
592,210
587,210
583,209
581,204
581,199
end box1
342,207
342,200
344,193
351,191
358,191
364,191
369,191
375,192
381,192
386,195
389,202
393,207
394,215
394,222
391,229
384,231
376,231
369,230
364,230
358,229
352,229
346,226
344,220
343,214
end box2
298,196
303,192
307,190
332,189
339,191
343,196
344,202
342,207
303,210
297,207
296,202
end box3
556,193
556,191
557,189
558,188
560,187
562,186
564,186
566,186
568,187
569,188
570,190
571,192
571,195
572,197
571,200
569,202
566,202
564,202
561,202
559,202
557,201
556,199
555,197
555,194
end box4
404,195
407,189
413,184
419,183
425,183
444,183
451,184
456,189
460,195
462,203
461,210
454,215
446,216
423,217
416,218
409,216
403,211
403,203
end box5
349,188
352,185
355,181
358,180
375,180
378,182
383,184
386,188
386,193
385,198
381,201
376,202
353,200
350,197
349,193
end box6
502,194
503,191
505,188
507,186
510,185
513,185
519,185
523,185
526,187
528,190
530,194
530,198
530,202
528,206
524,208
520,208
516,208
513,207
509,207
506,206
503,205
501,201
501,197
end box7
462,191
466,188
471,185
474,184
489,184
492,185
498,188
503,191
503,197
502,202
497,205
492,206
473,204
468,204
463,201
462,196
end box8
655,157
655,156
656,154
657,152
659,151
661,150
664,150
666,150
669,151
671,152
672,155
672,157
672,160
672,163
672,166
670,168
667,169
664,169
661,169
658,168
656,167
655,164
655,162
655,160
end box9
466,173
469,172
470,173
471,174
472,175
473,176
473,180
471,182
470,182
467,182
465,181
465,180
end box10
466,161
467,160
468,160
470,160
471,160
472,161
472,162
473,164
473,167
473,168
472,170
470,171
468,172
467,171
465,170
465,168
end box11
505,194
506,192
507,191
508,189
510,188
512,187
515,187
517,187
519,188
522,189
523,192
524,194
524,197
524,200
523,203
521,205
518,206
515,206
512,206
509,205
507,204
506,202
505,199
505,197
end box12
157,150
158,147
159,143
162,141
165,140
168,140
171,140
174,140
178,141
181,142
183,146
184,150
184,153
184,157
183,162
179,164
175,165
171,166
168,166
164,165
160,163
158,161
157,157
157,153
end box13
575,123
581,119
619,119
625,123
628,130
630,138
629,146
622,151
578,150
573,144
end box14
472,120
479,113
556,112
563,120
564,134
560,141
472,141
470,134
end box15
511,178
511,178
512,178
514,177
515,178
515,178
516,179
516,180
516,181
516,182
516,184
516,185
514,185
513,185
512,185
511,185
510,183
end box16
560,178
561,177
562,177
563,177
564,178
565,178
565,179
566,180
565,182
565,184
565,185
563,185
562,186
561,185
560,185
end box17
656,152
656,150
657,148
658,147
660,146
663,146
665,146
667,146
669,147
670,149
671,151
671,154
671,156
670,159
669,160
666,161
664,161
661,161
659,161
657,160
656,158
655,155
656,153
end box18
607,174
609,174
610,175
611,175
611,176
612,177
611,179
612,181
611,182
609,182
608,183
607,182
606,181
end box19
492,158
493,158
495,158
496,158
497,159
497,160
497,164
497,166
496,167
494,167
493,167
492,166
end box20
639,131
643,131
644,132
645,133
645,134
645,135
645,136
645,138
644,139
643,140
641,140
640,140
639,139
end box21
665,156
666,157
668,158
669,159
669,161
669,162
669,164
669,166
667,168
665,169
663,169
662,169
660,168
659,167
658,165
end box22
461,160
462,158
463,157
465,156
468,156
470,156
472,157
474,159
474,161
475,163
475,166
475,168
474,170
473,173
471,175
468,176
465,175
463,174
461,171
461,169
end box23
492,158
493,158
495,158
496,158
497,159
497,160
497,164
497,166
496,167
494,167
493,167
492,166
end box24
end total25boxes
