317,196
319,189
325,184
332,183
352,185
358,184
364,186
369,190
375,196
378,205
377,213
370,216
359,216
353,216
348,216
343,216
339,216
333,215
323,215
318,211
317,204
end box0
516,217
523,196
541,176
561,164
583,162
604,165
622,168
643,167
664,169
681,179
696,199
705,219
712,247
708,274
699,298
674,302
643,295
623,294
604,295
583,296
554,301
531,297
519,274
517,246
end box1
654,157
655,156
656,156
659,156
660,156
661,157
661,164
661,166
659,167
656,167
654,166
end box2
647,155
649,155
654,154
656,155
657,164
656,166
653,166
649,166
648,166
647,165
end box3
379,159
380,158
382,158
383,159
384,160
385,161
385,166
384,167
383,168
381,168
380,168
379,167
end box4
607,121
608,121
611,121
612,121
612,131
611,132
609,132
608,132
606,131
end box5
494,110
495,109
498,109
499,110
500,120
498,122
494,122
493,121
end box6
543,106
544,106
547,106
548,106
548,116
547,117
545,117
544,117
542,116
end box7
end total8boxes
