144,199
152,181
167,170
188,169
205,171
216,174
225,173
235,174
248,174
263,178
278,187
295,201
303,223
300,239
279,247
253,248
238,247
226,245
170,244
154,235
147,219
end box0
18,197
34,169
57,154
91,154
115,156
131,159
144,163
158,167
173,170
198,171
221,182
246,204
260,234
250,253
213,261
177,259
160,263
146,268
131,269
117,263
98,262
62,265
30,252
21,230
end box1
9,201
9,179
23,167
45,169
64,172
78,174
91,180
106,185
119,194
124,206
128,222
133,238
133,255
127,271
111,278
95,282
80,285
64,285
45,287
27,286
16,273
end box2
410,182
410,180
412,178
413,177
415,177
422,177
424,177
426,179
427,181
427,184
427,187
426,189
423,190
414,190
412,190
410,188
409,186
409,184
end box3
423,182
423,181
425,179
426,178
428,177
435,177
438,178
439,180
440,182
441,185
441,188
440,191
437,191
434,192
429,191
427,192
425,191
423,190
422,187
422,185
end box4
395,178
396,177
396,177
397,176
401,176
402,176
402,177
403,178
403,179
403,180
403,182
402,182
400,182
397,182
396,182
395,181
395,180
end box5
412,179
413,177
413,177
414,176
418,176
419,177
420,178
421,179
421,180
421,182
421,184
419,184
418,184
415,184
413,184
412,184
412,183
412,181
end box6
392,180
392,178
394,177
395,176
402,176
404,176
406,178
407,179
407,182
407,184
406,186
404,187
396,187
394,187
392,186
391,184
391,182
end box7
223,120
224,119
226,118
228,118
230,118
231,119
233,121
234,123
234,125
234,126
234,129
233,131
232,133
230,135
228,135
225,135
223,133
222,131
221,129
end box8
356,154
357,154
360,153
361,154
362,155
362,164
360,165
359,165
357,165
355,164
end box9
300,158
301,157
303,157
304,158
305,159
306,165
305,166
304,167
302,168
301,167
300,166
end box10
360,158
361,157
363,157
364,158
365,159
365,166
364,167
362,167
361,167
360,166
end box11
287,159
288,160
289,161
289,166
288,167
286,167
285,167
284,167
283,167
282,166
end box12
446,174
449,173
450,174
450,174
451,175
451,176
451,177
451,178
451,180
451,180
449,181
448,181
447,181
446,180
445,179
end box13
368,170
370,170
371,171
372,173
371,174
371,178
370,179
368,179
363,179
362,178
end box14
end total15boxes
