606,194
607,191
611,187
613,184
617,184
624,184
628,183
633,184
635,187
639,191
641,194
640,199
641,204
640,210
635,211
629,209
616,210
611,210
607,209
606,203
606,199
end box0
664,192
664,189
668,183
670,178
675,178
691,177
697,178
699,182
701,189
703,192
702,198
702,204
701,212
700,215
673,214
665,216
665,211
665,203
666,198
end box1
1101,188
1104,184
1107,182
1111,181
1114,180
1125,180
1129,181
1134,183
1136,187
1137,192
1135,197
1131,199
1125,199
1113,200
1109,200
1103,200
1100,197
1099,192
end box2
1001,186
1005,183
1008,181
1011,180
1014,179
1024,179
1027,180
1032,182
1035,185
1037,190
1036,195
1031,197
1026,197
1013,197
1010,197
1004,197
1001,194
1000,190
end box3
1171,185
1179,182
1218,182
1228,185
1231,193
1227,199
1216,201
1182,200
1172,198
1168,193
end box4
637,192
637,190
638,188
639,187
641,186
643,185
645,185
646,186
648,187
650,188
651,190
652,191
652,194
652,196
651,199
650,200
647,201
645,201
642,200
640,200
639,198
638,197
638,195
637,193
end box5
1069,190
1073,186
1077,184
1080,184
1093,183
1097,184
1102,186
1106,189
1109,195
1107,200
1101,202
1095,202
1078,202
1072,202
1067,199
1066,195
end box6
971,186
974,183
977,180
980,179
983,179
993,179
996,180
1001,182
1004,185
1006,190
1005,195
1001,198
995,198
982,198
978,198
973,197
970,194
969,190
end box7
1032,187
1035,183
1039,182
1042,181
1045,181
1055,181
1058,182
1062,183
1067,187
1069,191
1067,196
1063,199
1057,199
1044,198
1041,198
1035,198
1031,195
1030,191
end box8
937,187
941,183
945,181
948,180
961,180
964,181
969,183
974,187
976,192
975,197
970,199
963,199
950,199
946,198
941,198
936,196
935,191
end box9
476,189
476,187
478,185
479,184
481,183
488,183
491,184
492,186
493,188
493,191
493,194
492,196
490,197
487,197
480,197
478,197
476,195
475,193
475,191
end box10
872,181
875,177
878,175
881,174
884,174
894,174
897,175
901,177
905,181
906,185
906,190
902,193
896,193
892,193
889,193
886,193
883,193
879,193
874,192
871,189
871,185
end box11
737,178
737,176
738,174
739,173
741,173
743,172
744,172
746,172
748,173
750,174
751,175
752,177
752,180
752,182
751,184
749,186
747,187
745,187
742,186
741,186
739,185
737,183
737,181
736,179
end box12
766,178
766,176
768,175
770,174
772,173
780,173
782,174
785,175
786,178
786,181
786,184
784,187
781,187
771,188
768,188
766,186
765,184
765,181
end box13
771,179
776,175
781,174
800,174
806,175
812,178
814,184
811,188
777,190
771,188
769,184
end box14
979,184
979,182
981,180
983,179
985,179
993,179
995,180
997,182
998,184
999,187
999,190
998,193
994,194
991,194
984,194
981,194
979,192
978,189
977,187
end box15
423,192
424,190
425,189
427,188
436,188
438,188
440,190
442,192
443,195
443,198
441,201
438,201
428,201
426,201
423,200
423,197
422,195
end box16
883,180
883,178
885,177
886,176
888,175
890,175
893,175
895,175
898,176
899,178
900,180
901,183
901,186
899,188
897,189
894,190
892,189
889,189
887,190
884,189
883,188
882,185
882,183
end box17
597,175
598,176
599,177
599,178
599,179
599,180
599,182
598,183
597,184
595,184
594,184
593,183
592,182
end box18
744,156
745,155
747,155
748,156
749,157
750,158
750,163
749,164
748,165
746,166
745,165
744,164
end box19
642,189
643,188
644,187
645,187
646,187
647,188
648,189
649,190
649,191
649,192
649,193
649,195
648,196
647,197
645,197
644,197
643,196
642,195
641,194
end box20
594,190
594,189
595,189
596,189
597,189
598,189
599,190
599,191
600,192
599,193
599,194
599,196
599,197
597,197
596,198
595,197
594,197
593,196
593,195
end box21
332,200
333,199
334,199
336,199
337,200
338,202
338,211
336,213
335,214
332,213
331,211
end box22
745,189
746,188
747,187
748,188
750,189
750,190
751,196
750,197
749,198
747,199
746,199
745,197
end box23
742,147
743,147
745,146
746,147
747,148
748,149
748,154
747,155
746,156
744,157
743,156
742,156
end box24
741,175
742,174
743,173
744,173
745,173
746,174
747,175
748,176
748,177
748,178
748,179
748,181
747,182
746,183
744,183
743,183
742,182
741,181
end box25
483,175
484,176
485,177
485,178
485,180
485,182
484,183
483,183
480,183
479,183
end box26
511,142
512,141
514,141
516,141
516,143
516,150
515,151
513,152
512,151
511,151
end box27
776,125
777,124
778,124
779,124
780,125
781,126
781,133
780,134
778,134
777,134
776,133
end box28
744,156
745,155
747,155
748,156
749,157
750,158
750,163
749,164
748,165
746,166
745,165
744,164
end box29
742,147
743,147
745,146
746,147
747,148
748,149
748,154
747,155
746,156
744,157
743,156
742,156
end box30
end total31boxes
