874,242
899,200
928,166
963,148
1003,143
1037,143
1070,142
1107,139
1149,142
1192,154
1218,192
1235,238
1242,291
1235,338
1208,373
1153,378
1105,371
1069,363
1038,362
1004,368
958,373
907,361
870,337
864,292
end box0
364,227
373,218
381,210
389,205
400,205
408,205
415,204
424,204
434,204
441,210
451,218
461,227
463,241
461,253
453,261
436,262
424,261
416,260
407,261
400,260
389,260
372,260
363,253
362,241
end box1
-3,292
29,255
61,232
103,229
135,230
158,232
179,233
201,233
226,236
263,241
296,261
330,294
343,339
328,366
278,382
231,382
203,383
137,379
104,384
53,386
3,369
-10,339
end box2
444,205
445,198
446,189
452,185
460,184
467,185
474,185
481,186
489,186
495,190
498,198
499,204
499,213
500,221
498,230
491,233
481,232
474,231
467,231
461,231
453,230
447,226
446,219
446,212
end box3
595,180
597,177
599,173
601,171
605,171
614,170
619,170
622,172
625,176
626,179
625,184
625,188
623,192
619,193
615,193
608,193
604,194
600,193
596,192
595,188
595,183
end box4
589,180
589,178
590,177
591,176
592,175
594,174
595,174
597,174
599,174
601,175
602,177
602,179
602,181
602,184
601,186
599,187
597,188
595,188
593,188
591,189
589,187
588,185
588,183
588,181
end box5
590,188
590,186
590,185
591,183
593,182
594,181
597,180
599,180
601,181
603,183
603,185
604,187
603,190
603,192
603,194
602,196
599,197
597,198
594,197
592,197
590,195
589,194
589,191
589,189
end box6
605,177
605,175
606,174
608,172
610,172
618,171
620,172
622,175
623,177
622,180
622,183
621,185
619,187
611,186
609,187
606,186
605,185
604,182
604,180
end box7
853,112
854,109
855,107
856,106
858,105
860,104
861,105
863,106
865,108
865,110
866,112
865,113
865,115
865,117
864,120
862,122
860,122
857,122
855,121
854,119
854,116
853,115
853,113
end box8
788,125
789,123
790,123
792,124
793,125
794,126
795,132
795,134
794,135
792,137
791,137
789,137
787,136
end box9
493,189
494,188
496,187
498,186
500,185
502,186
503,187
505,189
506,191
506,192
507,195
507,197
506,200
505,202
503,203
500,203
497,202
495,201
494,200
end box10
496,190
497,190
498,189
499,189
500,189
501,190
502,191
503,192
504,193
504,194
504,196
504,197
503,199
501,199
499,200
498,199
496,199
496,197
end box11
613,157
613,157
615,157
615,157
616,158
616,158
617,159
617,162
616,163
615,163
614,163
613,163
612,163
end box12
935,6
936,5
939,5
940,6
940,7
940,16
939,17
937,17
936,17
934,16
end box13
524,174
525,168
526,161
529,157
536,157
553,157
560,158
564,161
564,168
566,173
566,179
566,185
564,193
561,197
554,197
547,195
542,196
535,197
529,197
526,192
525,185
526,179
end box14
end total15boxes
