375,192
379,187
384,183
388,181
393,181
397,181
400,181
404,182
409,181
414,183
418,187
423,192
426,199
425,205
419,209
411,209
405,209
400,208
396,209
392,209
386,209
379,208
374,204
374,198
end box0
491,177
491,175
493,173
494,172
496,172
503,172
505,172
507,174
508,176
508,179
508,182
508,185
505,185
502,185
495,185
493,185
491,184
490,181
490,179
end box1
493,176
493,175
494,174
494,173
495,173
499,173
500,173
501,175
502,176
502,177
502,179
502,181
500,181
499,182
497,182
496,182
494,181
493,181
493,180
493,178
493,177
end box2
560,176
561,175
565,175
566,176
567,177
567,178
568,179
567,181
567,182
566,183
564,183
563,183
562,183
561,183
560,182
559,181
end box3
526,175
527,175
528,174
530,174
531,175
532,176
533,177
534,178
534,179
534,181
534,183
532,183
531,184
529,184
528,184
526,183
525,183
525,181
end box4
508,176
508,174
510,173
511,171
513,171
518,171
521,171
523,172
525,174
526,176
526,179
526,182
525,185
522,186
519,186
514,186
512,186
509,185
508,184
507,181
507,179
end box5
542,176
542,175
543,174
543,174
544,173
548,173
549,174
550,175
551,176
551,177
551,179
551,181
549,181
548,181
546,182
545,181
544,181
542,181
542,180
542,178
542,177
end box6
511,173
512,173
513,172
515,172
517,172
518,173
519,174
519,176
519,177
519,179
519,181
518,182
516,182
514,183
513,182
511,182
510,181
509,180
end box7
101,177
106,169
116,165
125,165
152,165
160,165
170,170
178,177
182,188
180,197
166,201
154,201
123,200
112,200
100,196
99,187
end box8
554,178
555,176
556,174
558,173
566,173
568,174
570,175
571,177
571,180
571,183
570,185
567,185
564,185
559,185
556,185
554,184
554,182
553,180
end box9
585,193
587,189
593,184
597,181
602,181
610,181
615,182
620,182
625,184
630,189
633,193
634,200
633,207
630,214
625,215
600,213
592,216
587,214
585,206
585,200
end box10
663,188
665,184
668,181
670,179
674,178
688,178
691,180
694,183
696,187
696,192
696,197
693,201
688,202
672,203
668,203
663,201
662,197
662,192
end box11
635,179
635,177
636,175
637,174
639,173
641,173
644,173
647,173
649,174
650,176
651,178
650,181
650,183
649,186
647,187
645,187
643,187
640,188
638,188
636,187
634,185
634,183
634,180
end box12
575,172
576,172
577,171
578,171
579,171
580,171
581,172
582,173
582,174
582,175
582,176
582,178
581,179
580,179
578,180
577,179
576,179
575,178
end box13
540,177
540,176
542,174
543,173
545,173
552,173
554,173
556,175
557,177
558,180
558,183
556,185
553,185
544,186
542,186
540,185
539,182
539,180
end box14
653,188
654,186
655,184
656,182
657,181
659,180
664,180
667,181
669,182
670,185
669,195
667,196
664,197
662,198
659,198
656,199
654,197
653,195
653,192
653,190
end box15
521,178
521,176
522,174
523,173
525,173
532,173
534,174
536,175
537,177
537,180
537,182
536,185
533,186
531,186
528,185
526,186
524,186
522,185
520,184
520,182
520,180
end box16
653,181
653,179
654,178
656,177
657,176
659,175
660,175
662,175
664,176
666,176
667,178
668,180
667,183
667,185
666,187
665,188
662,188
660,189
658,189
656,189
654,188
653,186
653,184
653,182
end box17
624,173
624,173
625,172
626,172
627,172
628,172
629,173
629,174
630,175
630,176
630,177
630,179
629,179
627,180
626,180
625,180
624,179
623,179
end box18
592,173
592,173
596,172
597,173
598,174
598,175
598,176
598,177
598,179
597,180
595,180
594,180
593,180
592,180
591,179
590,178
end box19
463,173
463,172
464,171
465,171
466,171
467,172
467,173
468,174
468,175
468,176
468,177
468,178
467,179
467,181
465,182
464,181
463,179
463,178
end box20
478,175
478,174
479,173
480,173
481,173
482,174
483,175
483,176
483,177
483,178
483,179
483,181
483,182
482,183
480,184
479,183
478,182
477,180
end box21
38,109
39,107
39,106
40,104
42,102
43,102
46,101
48,102
50,103
51,104
53,106
53,108
53,111
53,113
52,115
51,118
48,119
46,119
43,119
41,118
39,116
39,114
38,112
38,110
end box22
791,176
792,175
793,175
794,175
795,176
796,176
796,177
796,181
796,183
794,183
793,184
792,183
791,182
end box23
294,145
298,145
299,146
300,147
300,152
299,153
298,154
296,154
295,154
294,154
end box24
397,171
398,170
398,170
402,169
403,170
403,171
404,172
404,173
404,174
404,176
403,177
401,177
399,177
398,177
397,176
396,175
end box25
622,161
626,161
626,161
627,162
627,163
627,165
627,166
626,167
625,168
624,168
623,168
622,167
end box26
678,161
678,161
680,161
680,161
681,162
682,162
682,163
682,164
682,165
682,166
681,167
680,167
679,168
678,167
677,167
677,166
end box27
576,160
580,160
580,160
581,161
581,162
581,165
581,166
579,167
578,167
577,167
576,166
end box28
770,138
771,136
781,135
783,137
784,149
782,151
771,152
770,150
end box29
366,158
370,158
371,159
371,160
372,165
371,166
370,167
368,167
367,166
366,166
end box30
575,172
576,172
577,171
578,171
579,171
580,171
581,172
582,173
582,174
582,175
582,176
582,178
581,179
580,179
578,180
577,179
576,179
575,178
end box31
691,158
691,158
693,158
693,158
694,159
695,159
695,160
695,162
695,163
694,164
693,164
692,165
691,164
690,164
690,163
end box32
480,145
480,145
481,145
482,145
482,145
483,146
483,146
484,150
483,151
482,152
481,152
480,152
479,151
end box33
end total34boxes
