675,178
680,160
690,139
704,124
724,120
746,121
764,120
787,120
807,124
818,140
828,161
829,179
832,202
828,224
826,248
812,258
786,255
764,250
746,252
723,258
695,265
678,254
674,228
675,202
end box0
829,278
862,241
895,216
933,208
966,207
991,206
1015,206
1040,208
1068,213
1106,220
1143,243
1174,279
1184,325
1173,357
1125,375
1074,378
1041,376
1014,369
992,371
966,376
929,381
879,378
832,358
821,325
end box1
649,191
649,188
652,185
655,182
658,182
662,182
669,181
674,181
676,183
680,187
680,191
680,196
680,201
679,206
675,208
657,207
653,207
649,205
649,200
648,196
end box2
570,176
570,175
572,173
573,172
575,172
582,172
584,173
586,174
587,176
588,179
588,182
587,184
583,184
580,184
574,185
572,185
570,184
569,181
569,179
end box3
409,173
420,159
440,154
456,154
499,155
509,158
524,165
542,175
551,193
545,205
522,211
503,211
438,211
417,204
410,192
end box4
574,177
575,176
575,175
576,174
577,174
581,174
583,174
583,175
584,177
585,178
584,180
584,182
582,182
581,182
578,182
576,183
575,182
574,181
574,179
574,178
end box5
621,177
622,175
624,174
625,173
627,173
634,173
636,173
638,175
640,177
640,180
640,183
639,186
636,186
626,186
623,186
621,185
621,182
620,180
end box6
239,199
250,181
268,174
288,173
302,174
312,177
321,176
330,177
340,177
355,181
372,188
390,201
398,222
393,236
368,244
347,245
332,244
322,243
250,233
242,219
end box7
625,175
626,174
626,174
627,173
627,173
631,173
632,173
632,174
633,175
633,176
633,177
633,179
632,179
630,180
628,180
627,180
626,179
625,178
625,177
625,176
end box8
433,191
435,183
441,178
450,178
456,178
461,178
466,178
470,179
476,179
482,181
487,186
494,191
498,200
497,208
488,212
479,213
472,213
466,213
450,211
442,210
435,206
433,199
end box9
641,174
641,174
642,173
643,173
644,173
645,173
646,174
646,175
647,176
647,177
647,178
647,180
646,181
644,181
643,182
642,181
641,181
640,180
639,179
end box10
541,179
541,177
542,175
543,174
545,173
547,173
548,173
550,173
552,174
554,175
555,176
556,178
556,181
557,183
556,186
554,187
551,188
549,187
547,187
544,187
543,186
541,184
541,182
540,180
end box11
409,193
410,187
414,182
421,182
426,182
431,182
434,182
438,183
443,183
448,185
452,189
457,194
461,201
460,208
453,212
447,213
440,214
435,213
411,205
409,200
end box12
592,175
593,174
593,174
593,173
594,173
598,172
599,173
600,174
600,175
600,176
600,177
600,179
599,180
597,180
596,180
595,180
594,180
593,179
592,178
592,177
592,176
end box13
560,174
560,174
561,173
565,173
566,174
567,175
568,176
568,177
567,179
568,180
566,181
565,181
563,181
562,181
561,181
560,180
559,179
end box14
677,158
678,159
679,160
679,161
679,162
679,163
679,165
678,166
677,166
675,166
674,166
673,166
672,165
671,164
end box15
545,161
549,161
549,161
550,162
550,163
550,164
550,165
550,167
550,168
548,168
547,168
546,168
545,167
end box16
631,163
632,163
633,164
633,165
633,166
633,167
633,168
632,169
631,170
630,170
629,169
628,169
628,168
end box17
643,162
645,162
645,162
646,163
647,163
647,164
647,165
647,166
647,167
646,168
645,168
644,169
643,168
642,168
642,167
end box18
676,174
677,174
678,174
679,174
680,174
681,175
681,176
682,181
681,182
680,182
678,183
677,182
676,182
675,181
end box19
end total20boxes
