384,205
392,195
401,183
407,172
419,171
432,172
443,172
454,174
467,176
478,180
490,192
494,203
492,220
492,236
486,248
470,250
453,247
442,247
433,244
423,244
405,249
389,248
386,234
385,220
end box0
518,186
519,183
523,179
525,177
529,176
540,176
544,176
547,179
551,182
553,186
554,191
554,197
552,202
547,203
540,201
528,202
523,202
519,201
518,196
517,191
end box1
172,191
177,185
184,182
191,181
195,181
205,182
210,181
216,182
222,186
230,191
234,199
232,205
221,207
211,207
206,207
202,206
199,207
195,207
190,207
181,207
171,205
169,198
end box2
577,188
579,184
584,179
588,176
593,176
597,175
602,175
606,176
612,177
615,179
620,184
624,188
625,196
625,202
621,208
615,209
607,207
591,208
583,210
578,208
576,202
577,195
end box3
750,164
752,160
754,158
757,156
761,156
772,156
775,158
778,160
781,164
782,168
782,173
779,176
774,177
769,176
763,176
760,176
756,176
751,175
749,172
749,168
end box4
240,183
242,180
245,178
260,178
263,178
267,180
270,183
272,187
271,191
267,193
262,194
243,192
240,190
239,187
end box5
220,192
223,188
226,186
230,185
243,186
246,186
251,188
254,192
257,196
256,201
251,204
245,204
241,204
224,203
220,200
219,196
end box6
547,173
547,173
548,173
549,173
550,173
550,173
551,173
552,174
552,175
552,176
552,177
552,178
551,179
550,180
549,180
548,179
547,179
end box7
956,160
959,156
962,154
965,152
968,152
980,152
984,153
988,156
991,159
993,164
991,169
987,172
982,173
977,172
967,173
963,173
958,172
955,169
954,164
end box8
827,158
830,155
833,152
836,151
839,151
849,151
852,152
856,154
860,158
862,163
861,167
857,170
851,170
847,170
844,169
838,170
834,170
829,169
826,166
825,162
end box9
668,170
670,168
672,167
674,167
684,167
687,168
689,170
690,173
689,176
687,178
683,178
672,178
669,178
667,176
667,173
end box10
735,166
736,164
737,163
738,162
739,161
741,161
742,160
744,161
746,161
747,162
749,164
749,166
750,168
750,170
749,172
747,173
745,174
743,174
740,174
738,174
737,173
735,171
735,169
735,167
end box11
245,182
245,180
247,179
249,178
260,178
263,180
264,182
265,185
265,188
263,190
260,191
248,191
245,190
244,187
244,185
end box12
672,171
673,170
674,169
680,169
681,170
682,171
682,172
682,174
682,175
680,175
675,175
674,175
673,175
673,173
672,172
end box13
766,165
766,163
767,161
769,160
772,160
778,159
780,160
782,161
784,163
785,165
786,168
786,171
785,175
782,176
779,176
776,175
773,175
771,175
768,175
766,173
765,170
765,168
end box14
914,162
914,160
916,159
917,158
919,158
926,158
928,159
930,160
932,162
933,165
933,168
931,171
928,171
925,171
918,171
916,171
914,169
913,167
912,165
end box15
606,174
606,172
607,170
609,168
611,168
612,167
615,167
616,167
619,168
620,169
621,171
623,173
623,176
623,179
622,181
620,183
617,183
615,183
612,183
610,182
608,182
606,180
606,178
605,176
end box16
521,178
522,176
523,175
525,174
526,173
533,173
534,174
536,176
537,177
538,180
537,182
536,184
534,185
526,185
523,185
521,184
521,182
521,180
end box17
713,208
714,207
716,206
719,206
721,205
724,207
725,209
726,211
726,218
726,221
724,224
722,225
719,226
716,226
713,224
712,222
711,219
end box18
513,160
513,160
514,160
515,160
515,160
516,161
516,161
517,162
517,163
516,164
517,165
516,166
515,167
514,167
513,166
512,166
end box19
513,172
513,172
514,171
515,171
516,171
517,172
517,172
518,173
519,174
518,175
518,176
518,178
517,178
516,179
515,179
514,179
513,178
512,177
512,177
end box20
561,147
563,146
564,146
565,147
566,147
566,148
567,149
567,150
567,151
567,153
566,154
565,154
563,155
562,154
561,154
560,153
end box21
499,162
499,161
500,160
501,160
502,160
503,161
504,162
504,163
505,164
505,165
505,166
505,168
504,169
503,170
501,171
500,170
499,169
498,168
end box22
642,146
646,146
646,146
647,147
647,148
647,149
647,150
647,151
646,152
645,153
644,153
643,153
642,152
end box23
712,190
713,188
715,188
723,187
724,189
725,191
726,201
724,203
721,203
714,203
712,201
711,199
end box24
578,171
578,171
579,170
580,170
581,170
582,170
583,171
583,172
584,173
584,174
584,175
584,177
583,178
582,178
580,179
579,178
578,178
577,177
end box25
578,161
578,161
579,161
580,161
580,161
581,162
581,162
582,163
582,164
582,165
582,166
581,167
580,168
579,168
578,168
577,167
end box26
391,155
392,154
393,154
394,154
395,155
396,156
396,163
395,164
393,164
392,164
391,163
end box27
end total28boxes
