419,184
420,177
425,170
431,166
439,166
445,166
452,165
458,166
467,166
473,169
478,177
480,184
481,193
480,202
476,210
468,212
459,211
438,212
428,213
421,210
419,201
419,193
end box0
287,211
287,206
287,199
288,191
292,179
301,159
308,163
317,177
323,188
324,198
324,205
325,211
325,216
324,221
321,226
318,231
316,247
311,266
299,269
295,241
294,228
290,224
287,221
287,216
end box1
396,209
396,205
396,201
397,195
399,185
406,174
412,174
418,184
420,195
421,201
422,205
422,209
422,212
422,216
421,220
420,226
419,238
414,249
404,247
400,233
400,222
398,218
397,215
397,212
end box2
1096,225
1095,219
1095,211
1094,198
1099,183
1110,167
1122,161
1134,177
1139,196
1139,208
1138,218
1139,224
1139,231
1138,237
1138,245
1134,253
1132,274
1124,295
1109,291
1100,272
1098,251
1096,243
1096,236
1096,230
end box3
580,125
581,124
583,124
585,124
586,125
586,126
587,128
587,131
586,132
585,134
584,135
582,135
581,135
579,134
579,132
end box4
572,113
573,112
582,111
583,113
583,114
582,116
582,117
572,117
572,115
end box5
576,141
577,141
579,140
580,141
581,142
582,143
582,148
581,149
580,150
578,150
577,150
576,149
575,148
end box6
588,93
589,92
590,92
592,92
593,93
593,102
592,104
590,105
589,104
587,103
end box7
576,141
577,141
579,140
580,141
581,142
582,143
582,148
581,149
580,150
578,150
577,150
576,149
575,148
end box8
end total9boxes
