807,259
821,228
840,201
867,184
896,174
924,170
953,169
984,170
1020,179
1054,190
1066,221
1070,258
1070,295
1060,329
1042,348
1001,352
974,360
950,368
922,379
895,379
864,372
816,362
802,338
802,299
end box0
-10,223
16,182
55,163
106,167
138,170
160,173
178,177
198,179
220,181
256,184
293,200
333,231
350,277
331,301
273,312
228,315
204,317
61,320
11,300
-7,272
end box1
294,206
308,190
324,182
341,180
354,181
363,183
372,182
381,182
392,182
406,186
421,193
441,207
448,227
445,242
422,250
398,250
383,249
372,248
340,247
319,247
299,239
293,225
end box2
724,193
738,184
749,179
758,177
765,177
771,176
776,176
782,177
790,177
798,179
812,183
824,192
827,205
821,214
806,220
754,220
742,219
725,214
722,206
end box3
5,260
4,235
11,211
34,203
59,219
78,233
93,240
107,245
117,257
124,269
127,285
131,301
130,318
128,336
120,356
105,370
82,367
60,370
33,382
12,376
6,347
end box4
442,194
443,188
446,182
453,181
459,181
464,181
469,181
473,182
479,182
484,184
487,189
491,195
493,201
493,208
488,213
481,215
474,215
469,215
464,216
459,214
454,213
449,211
444,207
443,201
end box5
627,182
628,179
631,176
633,174
637,174
648,174
651,176
654,178
656,182
656,186
656,190
654,194
650,195
636,194
632,194
628,193
627,189
627,185
end box6
686,180
692,177
725,176
731,180
733,186
730,191
686,191
684,186
end box7
402,190
404,181
410,177
419,177
439,179
444,179
450,180
457,184
464,190
468,199
466,207
456,211
447,211
405,204
403,197
end box8
508,180
514,176
520,175
540,175
547,176
554,180
557,186
554,191
546,193
509,191
506,186
end box9
775,157
775,156
776,156
777,155
779,155
780,156
781,156
782,157
782,163
781,164
780,165
778,165
777,165
775,164
774,164
774,162
end box10
773,154
774,152
776,152
777,152
779,152
781,153
782,154
783,156
783,163
782,165
780,167
778,167
775,167
773,166
772,164
772,162
end box11
end total12boxes
