559,177
560,176
564,176
565,177
566,178
567,179
567,180
567,182
567,183
565,184
564,185
562,185
561,185
560,184
559,183
558,182
end box0
554,179
555,178
557,176
558,175
560,174
567,174
570,175
571,177
573,179
573,182
573,185
572,188
569,188
566,188
561,188
559,189
556,188
554,187
554,184
554,182
end box1
579,177
579,177
580,176
581,176
582,176
583,176
584,177
584,178
585,179
585,180
585,181
585,183
584,184
583,184
581,185
580,184
579,184
578,183
577,182
end box2
619,188
620,186
621,184
624,183
636,184
639,186
640,188
641,191
641,195
639,197
635,197
622,197
620,196
618,194
618,191
end box3
506,192
506,191
508,189
509,188
511,188
518,188
520,188
522,190
524,192
524,195
524,198
523,201
520,201
517,201
510,201
508,201
505,200
505,197
505,195
end box4
442,190
442,189
444,187
445,186
447,186
454,186
456,186
458,188
459,190
460,193
459,196
458,198
455,198
452,198
446,199
444,199
442,198
441,195
441,193
end box5
591,178
591,178
592,177
593,177
594,177
595,178
595,178
596,179
596,180
596,181
596,182
596,183
595,184
594,185
593,185
592,185
591,184
590,183
end box6
244,207
244,204
244,201
243,195
245,185
251,170
257,170
263,182
265,193
265,199
265,204
265,207
265,210
264,213
264,216
264,223
264,238
259,248
248,248
245,233
246,219
246,215
245,212
244,210
end box7
695,156
697,156
697,157
698,159
698,160
698,162
698,163
696,165
695,165
693,165
692,165
690,164
690,163
end box8
397,157
398,156
400,156
401,157
402,158
403,159
403,160
403,161
403,162
403,164
402,165
401,166
399,166
398,166
397,165
end box9
445,159
446,158
448,158
449,159
450,159
450,160
451,161
450,163
450,164
450,166
448,166
447,166
446,166
445,165
end box10
609,147
610,146
612,146
613,147
614,147
614,148
614,149
614,150
614,151
614,152
614,154
612,154
611,154
610,154
609,153
608,152
end box11
462,144
468,144
469,144
470,145
470,152
469,153
467,153
464,153
462,153
461,152
end box12
660,162
661,162
662,162
663,162
664,162
664,162
665,163
665,164
665,166
665,167
664,168
663,169
662,169
661,169
660,168
end box13
514,175
515,176
515,176
516,177
516,178
516,179
516,180
516,181
516,182
514,183
513,183
512,183
511,182
510,181
end box14
688,157
688,155
689,154
691,153
693,152
695,152
696,152
698,153
701,154
701,156
702,158
702,161
702,163
701,165
699,167
697,168
695,168
692,168
690,168
688,166
687,164
687,160
end box15
478,123
478,121
480,119
486,118
490,118
493,119
493,122
494,124
493,127
493,129
493,132
491,133
486,135
481,134
479,133
478,131
477,128
end box16
406,141
407,142
407,144
407,147
407,148
405,150
404,150
402,151
401,150
399,150
398,149
end box17
691,176
692,175
693,175
695,175
696,176
696,177
697,183
696,184
695,186
694,186
692,186
691,185
end box18
592,143
593,142
594,142
595,142
596,143
596,143
597,148
597,150
595,150
594,150
593,150
592,149
end box19
395,129
396,127
410,126
411,128
412,130
412,135
411,138
397,139
395,137
end box20
649,162
650,162
651,163
651,164
651,166
651,167
650,168
649,169
648,169
647,168
646,168
646,167
end box21
485,176
486,177
486,178
487,179
487,180
487,181
487,183
486,184
484,184
483,184
482,184
481,184
480,183
end box22
468,156
469,157
470,158
470,163
469,164
467,164
465,164
464,164
463,163
end box23
655,147
656,146
666,145
667,147
667,149
667,150
666,152
656,151
656,150
end box24
651,146
652,144
671,144
672,146
672,152
670,154
652,154
651,152
end box25
415,154
416,153
417,153
418,153
419,154
420,155
420,162
419,163
417,164
416,163
415,162
end box26
794,126
796,125
797,125
799,125
800,126
800,137
800,139
798,140
795,140
794,138
end box27
613,113
614,113
616,112
617,113
617,113
617,119
616,120
615,120
614,120
613,119
end box28
623,96
624,96
626,96
627,96
628,104
627,105
625,105
624,104
623,104
end box29
676,125
677,125
678,125
679,124
680,125
681,126
681,133
680,134
678,134
677,134
676,133
end box30
594,132
595,131
596,131
597,131
598,132
598,132
599,139
598,139
596,140
595,139
594,138
end box31
694,140
695,140
698,140
699,140
699,141
700,143
700,148
699,150
698,151
696,151
695,151
693,150
end box32
end total33boxes
