598,195
600,192
604,189
607,188
620,189
623,189
627,191
631,194
632,199
632,204
627,206
622,206
606,205
601,206
597,203
597,199
end box0
587,193
587,191
589,189
590,187
592,187
597,186
600,187
602,188
603,190
604,192
604,195
604,198
603,200
601,202
598,202
593,202
591,201
589,201
587,199
587,197
587,195
end box1
544,176
545,176
545,176
546,176
547,176
547,176
548,176
549,177
549,178
549,179
549,180
549,181
548,182
547,183
546,183
545,183
544,182
543,181
543,181
end box2
604,193
604,191
606,190
608,189
617,189
620,189
622,191
623,193
623,196
623,199
622,201
619,202
607,202
604,201
603,198
603,196
end box3
555,192
555,190
557,189
558,188
567,188
569,188
571,190
572,192
573,195
573,198
572,201
569,201
559,201
557,201
555,199
554,197
554,195
end box4
430,176
430,175
431,174
432,174
433,174
434,175
435,176
435,177
435,178
435,179
435,180
435,181
435,183
434,184
432,185
431,184
430,183
429,181
end box5
638,175
639,175
640,175
641,175
642,175
643,176
643,177
643,182
643,183
642,183
640,184
639,184
638,183
637,182
end box6
481,159
485,159
486,159
486,160
487,161
487,163
487,165
486,166
485,166
483,167
482,166
481,166
end box7
447,176
447,175
448,175
449,175
450,175
451,175
452,176
452,177
453,178
453,179
453,180
453,182
452,183
451,184
449,184
448,184
447,183
446,182
end box8
465,162
465,162
466,162
467,162
467,162
468,162
469,163
469,164
469,165
469,166
469,167
468,168
467,169
466,169
465,169
464,168
end box9
478,176
478,175
479,175
480,175
481,175
482,175
483,176
483,177
484,178
484,179
484,180
484,182
483,183
482,184
480,184
479,183
478,183
477,182
end box10
513,175
513,175
514,174
515,174
516,174
517,175
517,175
518,176
518,177
518,178
518,179
518,180
518,181
516,182
515,182
514,182
513,181
512,180
end box11
603,161
604,162
605,163
605,164
605,166
604,167
603,168
598,168
597,167
end box12
463,175
463,175
464,174
465,174
466,174
467,174
468,175
468,176
469,177
469,178
469,179
469,181
468,182
466,182
465,182
464,182
463,182
462,181
462,180
end box13
496,176
496,176
497,175
498,175
499,175
500,175
501,176
501,177
502,178
502,179
502,180
502,182
501,183
499,183
498,184
497,183
496,183
495,182
495,181
end box14
448,161
448,161
449,161
450,161
450,161
451,161
452,162
452,163
452,166
451,167
450,168
449,168
448,168
447,167
end box15
606,172
607,172
609,172
609,172
610,172
610,173
611,177
610,178
609,179
608,179
607,179
606,178
end box16
601,175
601,175
602,176
602,177
602,178
602,179
602,180
601,181
600,182
599,182
598,182
597,181
end box17
end total18boxes
