592,191
593,188
596,185
598,183
601,183
610,183
613,183
616,185
619,188
620,190
620,195
621,199
619,203
615,204
610,203
600,203
596,203
593,202
592,198
592,194
end box0
395,180
396,178
401,177
402,178
403,179
404,180
404,181
404,183
404,185
402,185
401,185
399,185
398,185
397,185
395,185
395,184
395,182
395,181
end box1
381,177
381,177
382,176
383,176
384,176
385,177
386,177
386,178
387,179
387,180
387,181
387,183
386,183
384,184
383,184
382,184
381,183
380,183
380,182
end box2
457,175
457,174
459,172
460,171
469,171
471,171
473,173
474,175
475,178
475,181
473,183
471,184
461,184
459,184
457,183
456,180
456,178
end box3
450,177
452,174
455,172
457,171
470,171
472,172
476,174
479,177
479,181
479,185
476,188
472,188
459,188
456,188
452,188
449,184
449,181
end box4
577,176
578,176
578,176
579,176
580,176
580,176
581,176
582,177
582,178
582,179
582,180
582,181
581,182
580,182
579,183
578,182
577,182
577,181
end box5
364,179
365,178
369,178
370,179
371,180
371,181
371,182
371,183
371,185
370,186
369,186
367,186
366,186
365,186
364,185
363,184
363,183
end box6
391,180
391,179
393,177
395,176
403,176
405,177
407,178
409,180
409,183
409,186
408,188
404,188
395,189
393,189
390,188
390,185
389,183
end box7
414,176
414,176
415,176
417,176
418,176
418,176
419,177
419,178
419,179
419,180
419,182
418,182
417,183
416,183
415,182
414,182
413,181
end box8
753,135
755,133
757,132
762,131
764,131
767,132
770,134
771,136
772,142
771,145
770,148
768,150
765,151
762,152
759,151
756,151
754,149
752,147
752,142
end box9
750,113
751,111
752,110
753,108
755,107
757,105
760,105
762,105
764,107
767,108
769,110
769,113
770,116
770,119
768,122
766,124
763,126
760,126
757,126
755,124
752,123
751,120
750,118
750,116
end box10
851,98
857,96
895,95
903,98
903,106
898,109
854,109
850,106
end box11
441,173
442,173
445,172
447,172
448,173
448,175
448,180
447,182
446,182
443,182
441,182
440,181
end box12
512,175
512,174
513,174
514,174
515,174
516,174
517,175
517,176
518,177
518,178
518,179
518,181
517,182
516,183
514,183
513,183
512,182
511,181
511,180
end box13
434,173
440,172
441,173
441,174
442,181
441,182
439,182
436,182
434,182
433,181
end box14
480,173
480,172
481,171
482,171
483,171
484,172
485,173
485,174
485,175
485,176
485,177
485,178
485,180
484,181
482,181
481,181
480,180
479,178
end box15
496,174
496,173
497,173
498,172
499,173
500,173
501,174
501,175
501,176
501,177
501,178
501,180
501,181
500,182
498,182
497,182
496,181
495,179
end box16
602,161
603,162
603,163
603,164
603,165
603,167
602,168
600,168
598,168
597,168
596,167
end box17
438,162
439,163
440,164
440,169
439,171
438,171
435,171
434,170
433,169
end box18
438,173
439,172
440,171
449,171
450,172
451,174
451,184
450,186
447,186
440,187
438,185
437,183
end box19
end total20boxes
