495,173
496,172
497,172
499,172
500,172
501,173
502,174
502,175
502,176
502,177
502,179
501,180
500,180
498,181
497,180
496,180
495,179
494,178
end box0
48,202
57,195
67,192
75,192
107,192
118,195
126,202
129,213
124,220
109,222
63,222
49,220
46,213
end box1
491,177
491,175
492,173
493,172
495,172
502,172
504,173
505,174
506,176
507,179
507,182
506,184
504,185
501,185
494,185
492,185
490,183
490,181
490,178
end box2
465,162
466,161
467,161
468,161
468,162
469,163
469,163
469,164
469,165
469,166
470,167
469,168
468,169
467,169
466,169
465,168
end box3
646,104
654,101
697,101
706,103
704,150
698,154
652,155
647,150
end box4
606,159
607,158
608,158
609,158
610,158
611,159
611,160
612,161
612,162
612,163
612,165
611,166
610,166
608,167
607,166
606,166
605,164
end box5
610,173
611,172
612,172
613,172
614,173
614,173
615,174
615,178
614,179
613,180
612,181
611,180
610,179
609,178
end box6
641,176
641,175
642,174
643,174
644,174
645,175
646,176
646,177
646,178
646,179
646,180
646,181
646,183
645,184
643,185
642,184
641,183
640,181
end box7
512,172
513,171
514,171
517,171
518,172
518,173
519,178
518,179
516,179
515,179
514,179
513,179
512,178
end box8
403,162
404,162
405,161
406,161
407,162
408,163
408,170
407,171
405,171
404,171
403,170
end box9
589,186
590,186
591,185
592,185
593,186
594,187
594,194
593,195
591,195
590,195
589,194
end box10
end total11boxes
