326,211
335,201
345,191
355,187
366,186
375,186
384,186
393,186
405,185
415,190
426,200
434,211
436,226
435,241
426,250
407,251
394,249
384,249
375,249
366,249
352,251
333,251
325,241
323,226
end box0
513,191
513,187
514,184
517,181
520,181
530,181
535,181
537,184
539,187
540,191
540,195
541,199
540,204
537,206
531,206
520,205
516,204
514,202
513,198
513,194
end box1
23,207
34,194
48,187
63,184
74,185
100,186
112,185
127,186
142,194
151,208
153,225
148,239
130,245
62,247
42,248
26,240
22,226
end box2
7,219
12,208
16,196
27,190
40,191
50,193
59,193
67,195
78,196
89,200
96,209
98,220
101,232
101,245
94,255
81,258
69,259
59,260
50,259
40,259
26,261
13,257
9,245
7,233
end box3
448,192
449,185
454,179
460,176
484,176
491,176
496,179
500,186
503,192
504,199
504,208
501,215
494,218
485,216
465,217
456,219
451,215
449,207
450,199
end box4
559,179
560,178
561,178
562,178
563,178
564,178
565,179
565,180
566,181
566,182
566,183
566,185
565,186
564,187
562,187
561,187
560,186
559,185
end box5
542,191
543,190
544,189
545,189
546,190
547,190
548,191
548,192
549,193
549,194
548,195
549,197
548,198
547,199
545,199
544,199
543,198
542,197
end box6
574,177
575,176
576,176
577,176
578,176
579,176
580,177
581,178
581,179
581,180
581,181
581,183
580,184
579,185
577,185
576,185
575,184
574,183
end box7
670,194
671,193
672,193
673,193
674,193
674,200
673,201
672,202
671,201
670,200
end box8
end total9boxes
