253,206
265,197
274,191
282,188
290,188
296,188
303,188
309,189
316,189
326,191
337,196
346,206
349,218
347,229
333,233
318,235
311,236
303,236
296,235
289,234
281,234
265,234
253,229
250,219
end box0
373,196
375,193
378,190
380,188
383,187
392,188
396,187
398,189
402,192
404,195
405,200
405,205
402,209
398,210
392,209
382,210
378,210
374,208
372,204
372,200
end box1
573,178
573,177
575,175
576,174
578,173
586,173
588,174
589,176
590,178
590,181
590,184
589,186
587,187
584,187
579,187
577,187
575,187
573,185
572,183
572,181
end box2
267,178
268,178
268,178
269,178
270,178
270,178
271,178
272,179
272,180
272,181
272,182
272,183
271,184
270,185
269,185
268,185
267,184
267,183
end box3
523,145
524,144
525,144
526,144
527,144
528,144
529,145
530,146
530,147
531,148
530,150
530,151
529,153
528,153
526,153
525,153
524,152
523,151
end box4
512,159
515,159
516,159
516,159
517,160
517,161
517,162
517,163
517,164
516,165
515,166
514,166
513,166
512,165
511,164
end box5
543,173
544,172
547,172
548,172
549,173
550,174
550,175
550,176
550,177
550,179
549,180
548,180
546,181
545,180
544,180
543,179
542,178
end box6
413,142
414,142
415,141
417,141
418,142
419,142
420,144
421,145
420,146
420,147
420,149
419,150
418,151
416,151
415,151
413,151
413,149
end box7
478,188
479,186
480,186
482,186
483,188
484,189
485,197
484,198
482,200
481,201
478,200
477,199
end box8
548,163
549,164
550,165
550,166
550,167
550,168
550,170
549,171
548,171
546,172
545,171
544,171
543,170
end box9
401,190
402,190
403,190
404,190
405,190
406,191
406,192
407,193
407,194
407,195
407,197
406,198
405,199
403,199
402,199
401,198
400,197
end box10
458,187
458,184
459,180
462,175
466,174
469,177
470,182
471,186
471,188
470,192
470,194
470,197
470,201
470,209
466,210
461,209
459,204
459,197
end box11
532,159
532,159
533,160
533,161
533,162
533,163
533,164
532,165
531,166
530,166
529,166
528,165
527,164
end box12
480,176
481,175
482,175
483,175
484,176
485,177
486,178
487,179
487,180
487,182
487,183
485,184
484,185
482,186
481,185
480,184
479,183
end box13
301,175
301,174
302,174
304,174
305,174
306,175
306,176
307,177
307,178
307,179
307,181
306,182
305,183
302,182
301,182
300,181
end box14
342,193
342,191
343,189
344,188
346,187
347,185
350,185
352,186
354,187
355,188
356,190
357,192
357,195
357,197
356,200
355,201
353,203
350,203
347,203
345,202
344,200
342,198
342,196
341,194
end box15
428,187
429,187
430,187
432,187
433,187
433,188
434,195
433,197
432,198
430,198
429,198
427,197
end box16
462,173
463,172
464,172
466,172
467,173
468,174
468,175
469,177
469,178
469,180
469,182
468,183
466,184
464,185
463,184
461,183
460,182
end box17
563,161
563,161
564,161
565,161
566,162
566,162
567,163
567,164
566,165
566,166
566,167
565,167
564,167
563,167
562,166
end box18
461,190
463,188
465,188
466,188
467,190
468,192
469,200
468,201
467,204
465,205
462,204
461,201
end box19
611,163
611,163
612,163
613,163
613,163
614,164
614,164
615,165
615,166
615,167
615,168
614,169
613,170
612,170
611,169
610,169
end box20
365,176
366,176
367,176
368,176
369,176
370,177
370,178
371,179
371,180
371,181
371,183
370,184
369,185
367,185
366,185
365,184
364,183
end box21
434,141
435,140
436,140
437,140
438,141
439,142
440,143
440,148
439,149
438,150
436,151
435,150
434,149
end box22
495,159
499,159
500,159
500,160
501,161
500,163
500,165
500,166
498,166
497,166
496,166
495,165
end box23
349,176
350,175
351,175
352,175
353,176
354,177
355,178
355,179
355,180
355,181
355,183
354,184
353,185
351,185
350,185
349,184
end box24
346,190
347,189
348,188
349,188
351,188
352,189
353,190
354,191
354,193
354,194
354,196
354,198
353,199
351,200
349,200
348,200
346,199
345,198
345,196
end box25
285,162
290,161
291,162
292,163
292,164
292,165
292,166
292,168
291,169
290,170
288,170
287,170
286,169
285,168
end box26
465,145
466,144
467,144
468,144
469,145
470,146
471,147
471,148
471,150
471,152
470,153
469,154
467,155
466,155
465,154
end box27
447,158
448,158
449,158
450,157
451,158
452,159
452,160
453,165
452,166
451,167
449,167
448,167
447,166
end box28
434,141
435,140
436,140
437,140
438,141
439,142
440,143
440,148
439,149
438,150
436,151
435,150
434,149
end box29
end total30boxes
