14,219
14,208
17,196
27,191
40,192
51,194
60,194
68,196
77,198
87,203
94,210
98,220
99,232
98,244
94,253
80,256
69,257
60,257
51,257
42,257
30,258
20,253
18,242
end box0
691,185
694,181
699,177
703,175
707,174
712,174
715,174
720,175
725,174
729,176
733,181
737,185
739,192
738,199
734,204
727,204
706,204
699,205
693,204
690,198
691,192
end box1
621,175
622,173
623,171
624,170
626,170
633,170
635,170
637,172
638,174
638,177
638,179
637,182
634,183
625,183
623,182
621,181
621,179
621,177
end box2
591,176
591,175
592,174
592,174
593,173
597,173
598,174
599,175
599,176
600,177
599,179
599,180
598,181
596,181
594,181
593,181
592,180
591,179
591,178
591,177
end box3
587,177
588,175
589,174
591,173
592,172
599,172
600,173
602,174
603,176
604,179
604,181
603,184
600,184
597,184
592,184
589,184
587,183
587,181
587,179
end box4
691,164
695,164
696,164
696,165
697,166
697,167
697,168
697,170
696,171
694,171
693,171
692,171
691,170
690,170
689,169
end box5
624,175
624,174
625,173
625,172
626,172
630,172
631,173
632,174
633,175
633,176
633,178
633,179
631,180
630,180
628,181
627,180
625,180
624,180
624,179
624,177
624,176
end box6
691,172
692,171
693,171
694,171
695,171
696,171
697,172
698,173
698,174
698,175
698,176
698,178
697,179
696,179
694,180
693,179
692,179
691,178
690,177
end box7
608,174
608,173
609,172
609,171
610,171
614,171
615,172
616,173
617,174
617,175
617,177
617,179
615,179
614,179
611,179
609,179
608,179
607,178
608,176
end box8
700,180
701,177
703,175
705,172
708,172
711,172
717,172
720,172
722,174
725,177
727,179
726,183
726,187
725,192
722,193
707,192
703,192
701,191
700,187
700,183
end box9
262,182
262,180
263,178
264,177
266,177
273,177
275,178
276,179
277,181
277,184
277,186
276,189
274,189
272,190
269,189
268,189
265,189
263,189
262,188
261,186
261,183
end box10
605,176
606,174
607,173
609,171
610,171
617,171
619,172
621,173
622,175
622,178
622,180
621,183
618,183
610,183
607,183
605,182
605,180
605,178
end box11
710,163
713,163
714,163
715,164
715,165
715,166
715,167
715,169
714,169
713,169
712,170
711,169
710,169
709,168
709,168
end box12
680,164
681,165
682,165
682,166
683,167
682,168
682,170
681,170
680,170
679,170
678,170
677,170
676,169
end box13
687,177
688,175
689,174
690,172
691,172
693,171
696,171
698,172
700,172
701,174
702,176
702,179
701,181
701,183
699,184
697,185
694,185
692,185
690,185
689,184
687,182
687,180
687,178
end box14
725,161
725,161
726,161
727,161
728,161
729,161
729,161
730,162
730,163
730,164
730,165
730,166
729,167
728,168
727,168
726,168
725,167
724,166
end box15
674,172
676,170
680,170
681,170
682,171
682,172
682,173
682,175
682,176
681,177
679,177
677,177
676,176
675,176
674,175
674,174
end box16
739,161
739,160
740,159
741,159
742,159
743,160
743,161
743,161
743,162
743,163
743,164
743,165
743,166
742,167
741,168
740,167
739,166
end box17
675,128
675,127
676,127
677,127
677,128
678,129
678,134
677,135
676,135
675,135
674,134
end box18
583,131
583,131
584,130
585,131
585,131
586,132
586,132
586,133
587,134
586,135
587,136
586,137
585,138
584,138
583,137
582,137
end box19
614,97
614,96
615,96
616,95
617,96
618,96
618,97
618,98
619,99
619,100
619,101
619,102
618,103
618,104
616,105
615,104
614,103
end box20
468,147
469,146
470,145
471,145
472,145
473,146
474,147
475,148
475,149
475,150
475,151
475,153
474,154
473,155
471,156
470,155
469,154
468,153
end box21
759,122
763,122
764,122
765,123
766,124
767,126
766,129
766,131
765,132
763,133
761,133
760,133
758,132
757,131
757,129
end box22
775,173
776,171
777,171
779,171
780,173
781,174
781,181
780,183
779,185
778,186
776,185
774,183
774,181
end box23
268,158
269,157
271,157
272,157
273,158
273,159
274,160
274,161
274,162
274,164
273,165
271,165
270,165
269,165
268,165
267,164
end box24
284,159
287,159
288,159
289,160
290,161
290,162
290,163
290,164
290,166
289,167
288,167
286,168
285,167
284,167
283,166
end box25
363,146
364,146
367,145
368,146
369,147
370,148
371,149
371,150
371,152
370,153
369,155
368,155
366,155
365,155
363,155
363,153
end box26
431,158
432,157
434,157
435,157
436,158
436,159
437,160
437,161
436,162
437,164
436,165
435,165
433,165
432,165
431,165
end box27
800,142
801,143
802,145
801,148
801,149
799,151
798,151
795,151
793,151
792,150
end box28
755,124
756,122
757,120
759,119
761,119
763,119
765,119
767,119
769,121
769,123
770,125
770,128
770,130
769,132
768,135
765,136
763,136
760,136
758,135
756,134
756,131
755,129
755,127
end box29
469,156
470,156
471,156
472,156
473,156
474,157
474,158
475,163
474,164
473,165
471,165
470,165
469,164
end box30
689,91
690,91
692,90
693,91
694,92
695,98
694,99
693,100
691,100
690,100
689,99
end box31
545,143
546,143
547,143
548,143
549,143
550,144
551,145
551,146
551,148
551,150
550,151
549,152
547,152
546,152
545,151
end box32
647,160
649,160
649,160
650,160
651,161
651,162
651,163
651,164
651,165
650,166
649,167
648,167
647,167
646,166
645,165
end box33
530,159
531,158
532,158
533,158
534,158
535,159
535,160
535,161
535,162
535,163
535,164
535,166
534,166
532,167
531,166
530,165
529,164
end box34
513,174
514,173
515,172
517,172
518,173
519,174
519,175
520,180
519,181
518,182
516,182
515,182
514,181
513,180
end box35
773,171
774,169
775,167
778,166
780,167
782,169
782,172
783,179
783,181
782,184
781,187
778,188
775,188
773,186
772,182
772,180
end box36
556,161
557,160
558,160
559,161
559,161
560,162
560,162
561,163
561,165
561,166
560,167
559,168
558,168
557,168
556,167
end box37
535,139
537,139
537,140
538,142
538,145
538,146
536,148
535,148
533,148
532,148
530,148
530,146
end box38
645,96
646,95
647,95
649,95
649,96
650,104
649,105
647,106
646,105
645,104
end box39
757,139
758,139
759,139
761,139
762,139
763,140
763,142
763,147
762,149
761,150
759,150
758,150
756,149
756,147
end box40
689,107
690,106
692,106
693,107
694,115
693,116
691,117
690,116
689,115
end box41
675,128
675,127
676,127
677,127
677,128
678,129
678,134
677,135
676,135
675,135
674,134
end box42
607,127
607,127
608,127
609,127
609,127
610,128
610,133
609,133
608,134
607,133
606,133
end box43
end total44boxes
