712,224
719,215
726,204
735,197
746,196
757,197
766,196
776,197
789,197
801,201
810,211
813,223
812,238
810,252
804,261
787,262
775,261
766,263
756,265
746,265
733,265
716,263
710,253
710,239
end box0
650,192
651,189
653,186
655,183
658,182
661,182
664,182
668,182
672,181
675,183
677,187
677,191
674,203
671,205
667,205
660,206
656,207
652,207
650,204
650,199
650,195
end box1
637,190
637,188
638,187
639,185
641,184
642,183
645,183
647,183
649,183
652,184
652,187
652,189
651,196
649,197
647,198
645,199
642,200
639,200
637,199
636,196
636,194
637,191
end box2
663,193
663,189
666,186
668,184
672,183
682,183
686,182
690,184
692,188
692,192
692,197
691,201
690,205
686,207
670,208
665,208
663,206
662,201
662,197
end box3
699,208
700,203
705,197
710,193
715,191
721,190
726,191
732,191
741,190
748,192
751,200
749,208
720,233
713,235
703,236
699,231
697,223
698,215
end box4
620,180
621,178
622,176
623,175
625,174
627,174
630,174
633,174
635,175
636,177
637,179
637,182
637,184
636,187
633,188
631,188
629,188
626,189
624,189
622,188
620,186
620,184
620,182
end box5
603,181
603,179
605,177
606,176
608,175
613,175
616,175
618,176
619,178
620,180
620,183
620,186
619,188
617,190
614,190
609,190
607,190
605,189
603,187
603,185
603,183
end box6
625,176
626,175
629,175
630,175
631,176
632,177
633,178
633,179
632,181
633,182
631,183
630,184
628,184
627,184
626,183
625,182
624,181
end box7
609,176
610,176
614,176
615,177
616,178
617,179
617,180
617,182
617,184
615,184
614,185
612,185
611,185
609,184
608,184
608,182
end box8
690,174
695,173
696,174
697,175
698,176
698,177
698,179
698,180
696,181
695,182
692,181
691,181
690,180
689,179
end box9
448,175
449,175
450,175
451,175
452,175
453,176
453,183
452,184
450,184
449,184
448,183
end box10
end total11boxes
