487,196
490,190
495,183
501,179
507,179
514,179
519,179
525,179
533,179
539,182
544,189
548,195
550,205
550,214
546,221
534,221
526,220
519,219
513,220
506,222
498,222
488,220
486,213
487,204
end box0
568,177
569,173
571,170
573,168
577,168
586,168
590,168
592,170
595,173
596,176
597,181
597,185
596,190
592,191
587,191
576,190
573,189
570,188
569,184
569,180
end box1
461,178
462,173
465,169
469,166
474,166
487,166
492,166
497,168
500,173
502,178
502,184
501,189
498,194
493,196
488,196
478,196
473,196
468,196
463,194
461,189
461,183
end box2
543,187
543,183
544,179
547,176
551,176
558,176
562,176
565,177
567,180
570,183
571,186
572,191
572,195
572,201
568,203
563,202
551,201
547,200
545,198
545,193
544,190
end box3
609,177
611,174
614,171
617,170
620,170
629,169
633,170
636,171
640,174
642,177
643,182
642,187
639,191
634,192
630,191
619,191
615,191
611,190
608,186
608,182
end box4
591,177
591,175
591,174
592,172
594,171
596,170
598,170
599,170
601,171
603,173
603,175
604,177
604,179
604,181
604,183
602,185
600,186
598,186
595,186
593,185
592,184
591,182
590,180
590,178
end box5
535,181
536,177
538,175
541,173
545,174
552,174
555,174
558,176
561,178
564,181
565,185
565,189
562,193
558,194
553,193
538,191
535,188
535,184
end box6
635,176
635,174
636,173
637,172
638,171
640,170
641,170
643,171
644,171
646,172
646,174
647,176
647,177
647,179
647,181
645,183
644,184
642,184
640,183
638,183
637,182
636,180
635,179
635,177
end box7
600,175
600,173
601,171
602,170
604,169
606,168
609,168
612,169
613,170
614,172
615,174
615,177
615,179
614,181
612,183
610,183
608,184
605,184
603,184
601,183
600,181
599,179
599,176
end box8
656,157
660,157
661,158
662,159
662,164
661,165
660,166
658,166
657,166
655,165
655,164
end box9
658,140
659,140
661,140
662,140
663,141
663,142
664,147
663,148
662,148
660,149
659,149
658,148
end box10
687,159
687,158
688,158
689,158
690,158
691,158
692,159
692,160
693,161
693,162
693,163
693,165
692,166
691,166
689,167
688,166
687,166
686,165
685,164
end box11
592,158
593,157
594,157
595,157
596,158
596,158
597,159
597,160
597,161
597,162
597,163
596,164
595,165
594,165
593,165
592,164
591,163
end box12
595,175
596,174
597,173
598,173
599,173
600,174
601,175
601,176
602,177
602,178
602,179
602,181
601,182
600,183
598,183
597,183
596,182
595,181
end box13
572,154
572,154
574,154
574,154
575,155
575,155
576,156
576,157
576,158
576,159
575,160
574,160
573,161
572,160
571,160
end box14
685,190
686,189
687,189
688,189
689,190
689,191
689,197
689,199
687,200
686,199
685,198
end box15
572,154
572,154
574,154
574,154
575,155
575,155
576,156
576,157
576,158
576,159
575,160
574,160
573,161
572,160
571,160
end box16
end total17boxes
