359,208
368,194
379,177
391,166
407,164
424,165
437,163
453,166
472,166
487,173
500,190
503,207
501,227
499,247
491,260
469,264
452,265
437,264
424,262
410,263
388,266
364,265
358,249
357,229
end box0
502,193
501,186
503,177
509,173
518,173
525,172
532,172
540,173
547,174
551,180
555,188
558,193
559,202
560,212
559,221
552,224
541,224
532,221
518,221
510,220
505,216
504,208
504,201
end box1
1,242
21,212
43,188
78,184
107,187
129,189
146,192
167,194
190,195
220,200
244,218
271,247
285,284
275,312
241,327
195,325
168,325
148,324
128,327
107,329
80,329
39,328
7,310
0,281
end box2
522,180
520,172
524,165
531,163
539,163
550,164
556,164
562,165
566,169
571,175
575,180
577,188
577,196
573,204
566,205
558,205
end box3
725,205
726,191
739,175
750,162
765,160
783,162
797,162
813,163
831,165
843,174
852,191
854,205
853,224
852,243
848,263
835,267
812,262
766,267
737,275
726,269
726,245
727,225
end box4
671,165
671,163
673,162
674,160
676,160
684,160
686,161
687,163
689,165
689,168
689,171
688,174
685,174
682,174
675,175
672,174
670,173
670,170
670,168
end box5
689,161
689,160
690,159
691,159
695,159
697,159
698,160
699,162
699,163
699,165
699,168
697,168
695,168
693,168
692,168
690,168
689,167
688,166
end box6
705,162
706,161
706,160
707,159
712,159
714,159
715,160
715,162
716,163
715,165
716,167
714,168
712,168
710,168
709,168
707,168
706,167
705,166
705,164
705,163
end box7
606,182
607,180
608,178
609,176
611,176
613,175
617,175
619,176
621,177
622,179
623,181
623,184
623,187
622,190
620,191
617,191
615,191
612,191
610,191
607,190
606,188
606,186
606,184
end box8
534,186
534,180
537,176
543,175
548,175
553,175
558,176
561,179
563,184
567,187
568,191
569,196
570,202
570,210
568,214
561,215
553,212
end box9
674,163
674,162
675,161
676,161
680,161
682,161
682,162
683,164
683,165
683,167
683,169
682,170
680,170
677,170
675,170
674,169
673,168
end box10
621,179
622,177
623,175
624,174
626,173
628,173
631,173
634,173
635,174
637,176
638,178
638,181
638,183
637,186
635,187
632,187
627,187
625,187
623,187
621,185
621,183
621,181
end box11
549,180
552,177
557,177
561,177
564,177
568,178
570,180
572,183
575,186
575,189
576,192
577,197
576,202
574,205
570,206
565,205
561,203
end box12
618,179
619,176
622,174
624,172
627,172
634,172
637,172
640,173
643,176
646,179
646,183
646,187
644,191
639,191
635,190
626,191
622,191
619,190
617,186
617,182
end box13
684,163
685,161
686,160
688,159
690,158
697,159
699,159
702,161
703,163
703,166
703,169
702,172
699,172
696,172
689,172
686,172
685,171
684,168
684,166
end box14
658,164
659,163
663,163
664,163
665,164
665,165
666,166
665,168
665,169
664,170
662,170
661,170
660,170
659,170
658,169
657,168
end box15
701,162
702,161
704,159
705,158
707,158
714,157
717,158
719,160
720,162
720,165
720,168
719,171
716,171
706,171
703,171
701,170
701,167
701,165
end box16
562,184
563,181
565,179
569,178
572,178
575,178
578,179
581,180
583,182
585,185
586,188
586,191
587,195
587,200
584,202
579,203
575,202
572,201
569,201
566,200
end box17
609,177
610,176
611,175
612,175
613,175
614,175
616,175
617,176
618,177
618,179
618,180
618,182
618,184
617,185
615,185
613,186
612,186
610,185
609,184
609,183
end box18
646,164
647,164
648,165
649,166
649,167
649,168
649,170
648,170
646,171
645,171
644,171
643,170
642,169
end box19
548,175
549,170
553,168
558,168
562,169
565,168
569,169
572,170
575,173
579,176
579,179
581,184
581,189
579,194
576,197
570,197
566,196
end box20
645,174
646,173
647,172
648,172
649,172
650,173
651,174
652,175
652,176
652,177
652,178
652,180
651,181
650,182
648,183
647,182
646,181
645,180
end box21
724,143
724,143
725,144
725,148
725,149
723,150
722,150
721,150
720,149
end box22
714,147
715,148
715,148
716,149
716,150
716,151
716,152
715,153
714,153
713,153
712,153
711,152
end box23
681,142
682,143
682,143
682,144
682,145
682,146
682,147
682,148
681,148
680,148
679,148
678,147
end box24
579,160
580,159
581,159
582,159
583,160
583,160
584,161
584,162
584,163
584,164
584,165
583,166
582,167
581,167
580,167
579,166
579,165
end box25
693,147
694,147
694,147
694,148
694,149
694,150
694,151
694,152
693,152
692,152
691,152
690,151
end box26
561,154
562,154
564,154
565,155
565,155
566,156
566,157
566,158
566,159
566,160
566,162
564,162
563,162
562,162
561,162
end box27
end total28boxes
