455,191
455,184
460,179
467,178
474,179
483,179
487,180
492,180
497,182
501,187
507,192
511,199
510,207
504,211
495,212
488,212
483,211
478,211
474,210
462,208
458,204
456,198
end box0
534,180
536,176
539,174
542,173
545,174
555,174
558,175
562,176
565,180
566,184
565,189
562,191
557,192
553,191
542,190
537,190
534,187
534,184
end box1
569,189
569,187
571,185
572,184
574,183
581,184
583,185
584,186
586,188
586,191
586,194
585,196
582,197
579,196
573,197
571,197
569,195
569,193
568,191
end box2
34,226
67,190
107,177
150,179
177,180
195,181
212,181
231,180
251,184
281,189
322,202
361,231
378,274
360,297
299,307
260,314
239,317
108,309
52,295
33,270
end box3
556,180
555,178
557,176
558,175
560,174
565,175
567,175
569,176
570,177
571,179
572,182
572,184
571,187
568,188
566,188
564,187
562,187
560,187
558,187
556,185
555,183
555,181
end box4
588,179
588,177
590,175
591,174
602,173
605,174
606,177
607,179
607,182
607,185
606,188
604,189
592,190
590,189
588,187
587,184
588,182
end box5
643,193
644,190
647,187
649,185
652,185
655,185
658,185
661,185
664,185
667,187
670,190
672,193
672,197
672,201
671,205
666,206
661,205
655,205
651,206
647,206
643,205
642,201
642,197
end box6
621,183
622,181
623,179
624,178
626,177
628,177
631,177
634,177
636,178
637,180
638,182
638,185
638,187
637,190
634,191
632,191
630,191
627,192
625,192
622,191
621,189
621,187
621,185
end box7
569,182
569,180
571,178
572,177
574,177
581,177
583,177
585,179
586,181
586,184
586,187
585,189
583,190
580,190
573,190
571,190
569,188
569,186
568,184
end box8
539,179
539,177
541,175
542,174
545,174
552,174
555,175
557,177
559,179
559,182
559,185
557,188
554,189
551,188
542,188
539,187
538,184
538,182
end box9
634,190
635,187
638,184
640,182
643,181
646,181
649,181
652,181
656,181
659,183
662,186
663,190
664,194
663,198
661,202
657,203
652,203
649,203
646,203
642,204
638,203
634,202
633,198
633,194
end box10
560,175
561,174
564,174
565,174
566,175
566,176
567,177
567,178
567,180
567,181
566,182
564,182
563,182
562,182
561,182
560,181
559,180
end box11
576,177
576,177
577,176
581,176
582,177
583,178
583,179
583,180
583,182
583,183
582,184
580,184
579,184
578,184
577,184
576,183
575,182
end box12
625,188
625,186
626,184
627,183
629,182
631,181
633,181
635,181
637,182
639,183
640,185
641,187
640,190
640,192
640,195
637,196
635,196
633,197
630,197
628,197
626,196
625,194
624,192
624,189
end box13
625,178
626,177
627,177
629,177
630,177
631,178
632,179
632,180
632,181
632,182
632,184
631,185
630,185
628,186
627,185
626,185
625,184
624,183
end box14
636,190
636,188
637,186
638,185
640,183
641,182
644,182
646,182
648,183
650,185
651,187
651,189
651,192
651,194
650,197
648,198
646,199
644,200
641,200
638,200
636,198
635,196
635,194
635,192
end box15
524,179
523,176
525,175
526,174
528,174
533,173
535,174
537,175
539,176
540,178
540,181
540,183
539,186
536,187
534,187
532,187
526,186
524,184
523,183
523,181
end box16
379,190
382,181
391,176
401,177
422,179
428,178
434,180
442,184
452,191
457,201
455,210
443,213
431,213
383,207
380,199
end box17
638,179
639,177
640,176
641,175
642,174
644,173
645,173
647,173
649,174
651,175
652,176
653,178
653,181
652,183
651,185
650,186
648,187
646,187
643,187
641,187
640,186
638,184
638,182
638,180
end box18
527,173
528,172
529,172
530,172
531,172
532,172
533,173
534,174
534,175
534,176
534,177
534,179
533,180
532,180
530,181
529,180
528,180
527,179
end box19
808,113
822,140
819,142
794,141
793,138
end box20
496,158
497,157
499,157
500,158
500,158
501,159
501,160
501,162
501,163
501,164
499,165
498,165
497,165
496,164
495,163
end box21
644,164
645,163
646,163
647,163
648,164
648,164
649,165
649,166
649,167
649,168
649,169
649,171
647,171
646,171
645,171
644,170
643,169
end box22
722,191
723,191
724,190
725,190
726,190
727,191
728,191
729,193
729,198
728,199
727,200
725,201
724,201
722,200
722,198
721,197
end box23
481,157
482,157
483,157
484,157
485,157
485,157
486,158
486,159
486,162
485,163
484,164
483,164
482,164
481,163
end box24
end total25boxes
