985,276
1001,248
1023,221
1047,205
1076,202
1103,207
1128,208
1155,207
1185,209
1215,217
1238,243
1241,275
1245,312
1239,347
1227,375
1195,384
1157,376
1127,365
1104,366
1072,382
1032,394
998,378
979,353
980,315
end box0
887,208
890,203
894,198
898,195
903,195
907,194
912,194
916,195
922,195
927,197
931,202
934,207
934,214
933,221
930,226
923,227
917,227
912,226
907,227
902,228
895,228
889,226
887,220
887,214
end box1
1203,178
1205,175
1209,174
1228,174
1233,175
1236,178
1236,183
1236,187
1231,190
1206,189
1203,187
1203,183
end box2
end total3boxes
