353,221
353,208
358,196
372,192
386,193
397,193
407,192
417,193
428,194
439,200
448,211
452,222
453,237
453,252
449,262
430,264
418,265
407,265
397,264
389,261
364,257
end box0
757,258
796,216
841,186
888,179
926,179
957,181
984,182
1014,180
1045,186
1084,197
1132,223
1177,260
1195,319
1182,358
1120,382
1065,388
1018,375
879,382
823,380
763,356
748,317
end box1
718,208
735,195
747,184
761,179
774,177
785,176
796,174
808,175
824,174
844,177
862,187
869,206
865,226
860,243
842,251
806,254
796,257
784,258
773,257
759,255
733,255
715,246
713,229
end box2
114,266
145,237
171,219
200,213
225,213
244,213
261,212
282,209
306,210
339,215
368,234
393,264
402,303
392,328
351,346
313,350
285,348
262,342
223,342
192,348
152,347
114,328
102,303
end box3
429,196
432,187
440,183
451,184
466,184
474,185
482,186
488,191
491,199
495,206
496,215
495,225
492,233
484,236
475,238
467,237
459,236
451,237
445,234
439,229
end box4
704,195
707,190
711,185
715,182
720,180
725,181
730,181
734,181
742,180
748,182
751,187
752,194
751,201
749,206
745,211
734,214
730,214
725,216
718,217
711,217
705,214
702,208
703,201
end box5
604,182
605,180
606,178
607,177
609,176
611,176
612,175
614,176
616,176
618,177
620,179
621,181
621,184
621,186
620,189
617,190
615,190
613,190
610,190
608,190
606,190
604,188
604,186
604,184
end box6
648,181
649,177
651,175
654,173
657,173
660,173
663,173
666,173
669,173
672,174
675,177
677,181
677,185
677,189
675,193
671,194
667,194
663,194
660,194
657,194
653,193
649,192
648,188
648,184
end box7
620,180
620,178
622,176
623,175
625,175
627,174
630,174
632,174
635,175
636,177
637,179
637,182
637,184
636,187
633,188
631,188
629,188
626,188
624,188
622,188
620,186
620,184
619,182
end box8
634,182
635,179
637,176
640,175
643,174
645,174
648,174
650,174
654,174
657,175
660,178
662,182
662,186
661,190
659,193
655,194
651,194
648,194
645,194
642,194
638,194
635,192
633,189
633,185
end box9
573,178
573,176
574,175
576,174
577,173
582,173
584,173
586,174
587,175
588,177
589,180
589,182
587,185
585,185
582,185
580,185
579,185
577,185
574,185
573,184
572,182
572,180
end box10
615,180
617,177
620,175
622,174
625,173
632,174
635,173
638,174
642,176
644,180
645,184
644,188
641,191
636,191
633,191
630,191
627,191
624,191
621,191
617,190
614,187
614,184
end box11
590,182
590,180
591,179
592,177
594,176
596,175
598,174
600,175
602,176
603,177
604,179
605,181
605,184
605,186
604,188
602,190
600,191
598,191
595,192
593,191
591,189
590,187
590,185
590,183
end box12
513,176
513,175
514,173
515,173
517,173
517,175
518,176
518,177
518,178
518,179
518,180
518,181
518,183
517,185
516,186
514,185
513,183
513,181
end box13
462,171
463,170
464,169
465,169
467,169
468,170
469,171
469,173
469,176
470,178
469,180
467,182
466,182
463,182
462,180
461,179
end box14
707,115
709,112
731,112
733,114
734,138
732,140
708,140
706,137
end box15
634,21
636,17
662,17
664,19
663,45
662,49
637,47
end box16
484,136
485,133
487,132
489,131
494,130
496,131
499,131
502,133
503,135
503,138
504,141
503,144
502,147
500,149
497,150
494,150
491,150
488,150
486,148
484,146
483,143
484,141
end box17
534,63
536,61
560,60
562,62
563,88
562,91
536,89
end box18
601,144
602,145
602,146
602,148
602,150
601,151
599,151
596,151
595,150
end box19
414,145
419,143
421,144
422,144
423,145
423,147
423,148
423,150
423,151
422,153
420,153
418,154
417,154
415,153
414,152
414,150
end box20
596,185
596,184
597,184
598,184
600,183
601,184
602,185
603,186
603,187
603,188
603,190
603,191
602,192
601,193
599,193
598,193
597,192
596,191
595,190
end box21
598,159
602,159
603,159
603,160
604,165
603,166
601,166
600,166
599,166
598,165
end box22
413,141
415,140
419,139
421,139
423,140
425,141
425,143
426,150
425,153
424,155
421,156
419,156
416,155
414,155
412,153
411,151
end box23
650,156
651,156
651,157
652,162
651,163
649,163
647,163
646,162
645,162
end box24
691,174
692,174
693,173
694,173
695,173
696,174
697,175
698,176
699,177
699,178
699,180
699,181
697,183
696,183
694,183
693,183
691,183
691,181
end box25
642,143
643,143
645,143
646,143
647,144
647,145
647,150
647,151
646,152
644,152
643,152
642,151
end box26
593,177
594,176
595,175
596,175
597,175
598,176
599,177
600,178
600,179
600,180
600,181
600,183
599,184
598,185
596,186
595,185
594,184
593,183
end box27
727,161
728,161
729,161
730,161
731,161
732,162
732,168
732,169
731,169
729,170
728,169
727,169
end box28
480,158
484,158
485,159
485,160
486,161
486,163
486,165
485,166
484,166
481,166
480,166
479,165
end box29
end total30boxes
