576,178
577,177
578,176
582,176
583,176
583,177
584,178
585,179
584,181
584,182
583,182
581,183
580,183
579,182
578,182
577,182
576,181
576,180
576,179
end box0
560,176
560,176
561,176
562,176
563,176
563,176
564,176
565,177
565,178
566,179
565,180
565,182
564,182
563,182
562,183
561,182
560,182
559,181
559,181
end box1
609,175
610,174
611,173
614,173
615,174
616,174
617,175
617,176
617,177
617,179
615,179
614,179
613,179
612,179
611,179
610,179
610,178
610,177
609,176
end box2
593,176
594,175
597,174
598,175
599,175
600,176
600,177
599,178
599,180
598,180
597,180
596,180
595,180
594,180
593,179
593,179
593,177
end box3
540,181
540,179
541,177
542,176
544,176
546,176
549,176
551,176
552,177
554,179
555,180
555,183
555,185
554,188
552,189
550,189
547,188
546,188
544,188
542,188
540,187
540,184
539,182
end box4
627,172
628,172
628,172
629,172
630,171
630,172
631,172
632,173
632,174
632,175
632,176
632,177
631,178
630,178
629,179
628,178
627,178
626,177
626,177
end box5
769,171
770,170
771,169
772,170
773,171
774,172
774,179
773,180
771,182
770,181
769,179
end box6
899,106
903,103
907,100
911,99
915,101
919,104
928,134
926,137
891,138
891,133
end box7
526,159
527,158
528,158
529,158
530,159
531,159
531,160
532,161
531,165
531,166
529,166
528,167
527,166
526,166
end box8
658,144
658,144
662,143
663,144
663,145
664,146
664,147
664,148
664,150
663,151
662,151
660,151
659,151
658,151
657,150
end box9
612,159
612,158
613,158
613,158
614,158
615,159
615,159
615,160
615,161
615,162
615,163
615,164
614,164
613,164
612,164
611,163
end box10
648,143
649,143
649,144
650,145
650,146
650,147
650,149
649,150
647,150
646,150
645,150
644,149
end box11
629,145
633,145
634,145
634,146
635,147
634,149
634,151
634,152
632,152
631,152
630,152
629,151
628,150
end box12
656,189
657,188
658,187
660,188
661,189
662,190
661,199
660,200
659,201
657,201
655,199
end box13
530,175
530,175
531,175
532,175
532,175
533,176
533,176
534,177
534,178
534,179
534,180
533,181
532,181
531,182
530,181
529,181
end box14
655,175
656,174
657,173
658,173
659,173
660,174
661,175
661,176
662,181
661,182
660,183
658,184
657,184
656,182
655,181
end box15
526,143
529,142
530,143
532,143
532,145
533,146
532,149
532,150
531,152
530,152
528,153
527,152
525,152
end box16
643,128
644,127
646,127
647,128
648,129
649,135
648,136
647,137
645,138
644,137
643,136
end box17
467,155
468,155
469,155
470,155
471,155
471,156
472,161
471,162
471,163
469,164
468,163
467,162
end box18
end total19boxes
