540,180
540,179
542,177
543,176
545,175
553,175
555,176
556,178
557,180
558,183
558,186
557,189
554,189
544,190
541,189
540,188
539,185
539,183
end box0
446,173
447,173
449,173
450,173
451,174
451,175
452,180
451,181
450,182
448,182
447,181
446,181
end box1
728,174
729,173
730,173
731,173
732,174
733,175
734,176
734,181
733,182
732,183
730,183
729,183
728,182
end box2
677,158
681,158
682,159
683,160
683,165
682,166
681,166
679,167
678,166
677,166
676,165
end box3
398,177
399,176
400,176
401,176
402,177
403,178
403,185
402,186
400,187
399,186
398,185
end box4
end total5boxes
