663,172
664,171
664,170
665,170
669,170
670,170
671,171
671,172
672,173
671,175
671,176
670,177
668,177
667,177
666,177
665,177
664,176
663,175
663,174
663,173
end box0
680,172
681,170
682,170
685,170
685,170
686,171
687,172
687,173
687,174
687,176
685,176
684,176
683,177
682,176
681,176
680,176
680,175
680,174
680,173
end box1
-1,285
20,249
54,233
96,234
124,238
144,240
160,245
177,246
196,247
226,251
259,265
295,292
315,333
300,355
251,370
211,372
61,369
16,351
0,326
end box2
631,169
632,168
632,167
633,167
638,166
639,167
640,167
641,169
641,170
641,172
641,174
639,174
638,174
635,174
633,174
632,174
631,173
631,171
631,170
end box3
698,172
698,172
702,172
703,172
703,173
704,174
704,175
704,176
704,178
703,178
701,179
700,179
699,179
698,178
697,178
696,177
696,176
696,175
end box4
614,170
615,169
615,168
616,167
622,168
624,168
625,170
625,171
624,173
624,175
622,175
616,175
615,175
614,174
614,172
614,171
end box5
647,171
648,170
648,169
649,168
655,169
657,169
658,171
658,172
658,174
658,176
655,176
649,176
648,176
647,175
647,173
647,172
end box6
711,177
712,175
713,174
717,174
718,175
719,176
720,177
720,178
720,180
720,182
718,182
717,182
715,183
714,182
713,182
711,182
711,181
711,179
711,178
end box7
600,173
600,173
601,172
602,172
603,172
604,172
605,173
605,174
606,175
606,176
606,177
606,179
605,180
603,180
602,181
601,180
600,179
599,179
end box8
881,172
881,170
881,168
881,166
882,161
885,156
888,156
891,159
893,164
893,167
893,170
893,172
893,173
893,175
893,177
893,181
892,187
889,190
884,191
882,185
882,179
882,176
882,175
881,173
end box9
519,187
520,186
521,185
522,185
523,185
524,186
525,187
526,188
526,189
526,190
526,191
526,193
525,194
524,195
522,195
521,195
520,194
519,193
end box10
80,7
96,-2
208,-5
218,7
222,28
212,37
87,37
80,29
end box11
794,140
802,139
803,140
803,147
802,148
795,148
794,147
end box12
94,8
107,0
195,0
208,7
210,25
200,31
98,32
92,25
end box13
491,172
492,171
496,171
497,172
497,173
498,174
498,176
498,178
497,179
496,179
493,179
492,179
491,178
end box14
522,175
523,175
524,175
525,175
526,176
526,177
527,178
527,179
527,180
527,182
526,183
524,183
523,184
522,183
521,183
520,182
end box15
472,160
476,160
477,161
478,167
477,168
476,169
474,169
473,168
472,168
end box16
984,51
987,42
995,43
1003,41
1012,43
1015,50
1014,84
1014,93
1011,102
1004,105
995,105
988,101
986,92
end box17
875,135
876,135
878,135
880,135
880,137
880,144
879,145
877,146
876,145
875,145
end box18
137,88
139,78
146,79
154,74
162,75
164,84
164,126
162,136
154,137
145,136
138,134
137,124
end box19
end total20boxes
