279,205
281,202
285,199
306,199
311,201
314,205
314,210
314,215
310,218
282,218
279,215
278,210
end box0
359,199
360,196
360,192
360,187
363,180
368,171
374,168
379,176
382,184
383,190
385,195
384,199
384,202
383,206
382,209
380,214
379,223
375,234
367,233
363,220
362,211
361,208
360,205
359,202
end box1
419,159
420,158
421,158
422,158
424,159
424,159
425,166
424,167
423,168
421,169
420,168
419,167
418,166
end box2
424,172
425,173
426,174
426,179
425,180
423,180
422,180
421,180
420,179
419,179
end box3
end total4boxes
