691,194
698,187
705,181
712,180
718,179
729,178
734,179
742,178
750,180
757,186
764,194
765,203
763,212
754,217
743,217
735,218
729,218
724,218
718,218
711,217
700,216
691,212
690,203
end box0
245,210
249,205
253,200
258,198
263,197
267,197
272,198
276,198
281,198
287,199
292,203
297,210
299,217
298,224
292,228
283,229
277,230
272,229
267,230
262,230
256,229
248,228
243,224
243,217
end box1
577,175
578,175
582,174
583,175
584,176
584,177
584,178
584,179
584,181
583,182
581,182
580,182
579,182
578,182
577,181
576,180
end box2
506,181
506,179
507,178
509,177
511,176
518,176
520,177
522,179
523,181
524,184
524,187
523,190
520,190
517,190
510,190
507,190
505,189
505,186
505,184
end box3
817,124
833,123
834,125
834,145
819,146
817,144
end box4
834,123
836,121
849,121
849,124
849,143
835,143
833,141
end box5
222,157
223,156
225,156
226,157
227,158
228,164
227,165
226,166
224,167
223,166
222,165
end box6
547,187
548,187
549,186
551,186
553,186
554,187
554,194
553,195
552,196
550,197
549,196
547,195
547,194
end box7
499,174
500,173
501,173
502,173
503,174
504,175
505,176
505,181
504,182
503,183
501,184
500,183
499,182
end box8
626,159
630,159
631,160
631,161
632,162
632,164
632,166
631,167
630,167
628,167
627,167
626,167
625,166
end box9
end total10boxes
