457,190
457,188
459,187
460,185
462,185
467,185
470,185
472,186
473,188
474,190
475,193
474,196
474,199
471,199
468,199
463,199
461,200
458,199
457,198
456,195
456,193
end box0
588,180
588,178
589,177
591,175
593,175
601,175
603,176
604,178
605,180
606,183
606,186
605,189
602,190
599,189
592,190
589,189
587,188
587,185
587,183
end box1
432,191
434,188
436,186
438,185
441,185
448,185
451,184
453,186
457,188
459,191
460,195
459,199
457,202
453,202
449,202
440,202
437,202
433,201
431,198
431,195
end box2
442,191
442,189
443,187
444,186
446,186
448,185
449,185
451,185
453,186
455,187
456,188
457,190
457,193
457,195
456,198
454,199
452,199
450,199
447,199
445,199
443,198
442,197
442,194
441,192
end box3
426,191
426,189
427,188
428,186
430,185
432,185
435,185
437,185
439,187
440,188
441,190
441,193
441,195
440,198
438,199
436,199
431,199
429,200
427,199
426,197
425,195
425,192
end box4
1171,237
1172,228
1173,218
1177,206
1184,190
1196,164
1217,139
1235,152
1240,187
1240,212
1234,287
1230,317
1215,339
1193,333
1181,302
1176,278
1172,266
1170,255
1169,246
end box5
610,174
610,174
611,173
612,173
613,173
614,174
614,174
615,175
615,176
615,177
615,178
615,179
614,180
613,181
612,181
611,181
610,180
609,179
end box6
588,187
589,185
590,183
591,182
593,181
600,181
602,182
603,184
605,186
605,189
605,192
604,194
601,195
599,194
592,195
590,195
588,194
588,191
588,189
end box7
458,181
458,179
460,178
461,176
463,176
468,176
470,176
472,177
474,179
475,181
475,184
475,187
474,189
472,190
469,190
464,190
462,190
460,190
458,188
457,186
457,184
end box8
496,158
500,157
501,158
502,159
502,160
502,161
502,162
502,164
501,165
500,166
498,166
497,165
496,165
495,164
end box9
483,163
484,163
484,164
485,165
485,166
485,167
485,169
484,170
483,170
481,170
480,170
479,169
end box10
451,162
452,162
452,163
453,164
453,165
453,166
453,168
452,169
450,169
449,169
448,169
447,168
446,168
end box11
495,174
495,174
496,173
497,173
498,173
499,174
499,174
500,175
500,176
500,177
500,178
500,179
500,180
498,181
497,181
496,181
495,180
494,179
end box12
629,163
631,163
631,163
632,163
633,164
633,165
633,166
633,167
633,168
632,169
631,170
630,170
629,170
628,169
end box13
481,175
481,175
482,174
483,174
484,174
485,175
486,175
486,176
487,177
487,178
487,179
487,181
486,182
485,182
483,183
482,182
481,181
480,180
end box14
621,147
622,148
623,149
623,152
622,153
621,154
616,154
615,153
614,152
end box15
317,174
321,173
322,174
322,175
323,180
322,181
320,181
319,181
318,181
317,181
316,180
end box16
415,161
417,161
418,161
419,162
419,166
418,167
417,167
416,168
415,167
414,167
end box17
564,144
564,144
565,144
566,144
566,144
567,145
567,150
566,150
565,151
564,150
563,150
end box18
334,143
335,143
336,143
337,143
338,143
339,144
338,151
338,152
336,152
335,152
334,151
end box19
end total20boxes
