397,207
403,197
412,189
421,184
432,184
441,184
448,184
457,185
467,185
477,189
486,198
492,207
493,221
492,234
484,241
468,243
457,243
449,245
440,244
433,241
422,241
407,241
399,233
397,221
end box0
697,207
704,198
713,189
722,185
732,185
741,185
748,185
756,186
768,185
779,187
790,195
792,207
792,220
791,234
783,241
768,242
757,241
748,242
740,243
731,244
718,245
704,243
696,235
695,221
end box1
673,204
674,198
676,193
681,189
686,187
692,186
697,186
703,187
711,187
716,189
716,197
717,204
716,215
714,222
710,226
703,226
697,227
691,228
684,229
677,228
672,224
671,217
672,210
end box2
614,155
615,155
617,155
618,155
619,156
620,157
620,162
619,163
617,163
616,164
615,163
614,163
613,162
end box3
end total4boxes
