224,234
234,212
251,188
273,180
301,179
322,181
341,180
362,180
382,185
401,197
425,216
435,236
442,268
439,296
424,314
393,322
364,317
342,308
323,305
305,306
275,314
240,315
226,295
223,266
end box0
668,191
671,185
677,180
682,177
689,177
704,177
711,177
717,179
722,185
727,191
729,199
728,208
722,213
712,213
688,213
680,214
671,213
666,207
667,199
end box1
734,220
752,201
774,185
795,178
813,177
830,179
844,178
862,175
880,180
906,182
926,197
936,219
939,247
930,268
910,282
881,284
829,283
810,289
786,294
752,291
733,275
729,250
end box2
856,256
876,207
908,172
953,157
999,152
1035,148
1073,142
1112,139
1159,147
1202,165
1235,205
1253,252
1261,312
1251,364
1218,397
1161,411
1113,409
1072,400
1036,394
1003,391
955,393
897,385
864,358
853,310
end box3
555,178
555,176
557,174
558,173
560,173
567,173
569,174
571,175
572,177
572,180
572,183
571,185
569,186
566,186
563,185
562,185
559,186
557,185
555,184
555,182
555,180
end box4
411,170
415,157
419,143
430,136
445,136
458,136
469,135
482,136
496,136
508,143
517,156
519,169
518,185
518,202
514,216
499,221
483,221
470,218
458,217
447,216
432,216
418,213
413,200
411,185
end box5
627,179
628,176
631,173
634,172
637,172
644,172
648,172
650,173
654,175
656,179
657,183
657,187
654,191
649,191
645,191
636,191
632,191
628,190
626,187
626,183
end box6
561,174
562,173
565,173
566,173
567,174
568,175
568,176
568,177
568,179
568,180
567,181
566,181
564,182
563,181
562,181
561,180
560,179
end box7
541,178
541,176
542,174
543,173
545,172
547,172
550,172
552,172
554,174
555,175
556,177
556,180
556,182
556,185
554,186
551,187
549,186
546,186
544,186
542,185
541,184
540,181
540,179
end box8
606,176
606,174
607,173
608,171
610,170
612,169
614,169
616,169
617,170
619,171
620,173
621,175
621,178
621,180
620,183
619,184
616,185
614,185
611,185
609,185
607,183
606,181
606,179
606,177
end box9
534,177
535,174
537,171
539,169
542,169
550,170
554,169
556,171
559,174
561,177
562,181
562,185
559,188
556,190
551,189
542,189
538,189
535,187
534,184
534,180
end box10
1172,219
1175,206
1183,197
1195,187
1212,180
1230,170
1239,188
1244,305
1232,318
1211,307
1194,304
1178,302
1172,283
1172,266
end box11
619,178
619,176
620,175
621,174
622,173
624,172
625,171
627,172
629,173
630,174
631,176
631,178
631,179
631,181
631,183
629,185
628,186
626,186
623,186
621,186
620,184
619,183
619,181
619,179
end box12
801,162
801,160
802,159
803,157
804,156
806,155
808,155
809,156
811,156
813,158
813,160
814,162
813,163
813,165
813,168
812,170
810,171
808,171
805,171
803,170
802,169
801,167
801,165
801,163
end box13
661,158
662,158
662,159
663,160
663,162
663,164
662,165
660,165
659,165
658,165
657,164
656,164
end box14
805,158
806,158
807,157
808,157
809,157
811,157
812,158
812,159
813,161
813,162
813,164
812,165
811,167
810,167
808,168
807,168
805,167
804,166
804,164
end box15
609,174
610,173
611,172
612,172
613,172
614,173
615,174
616,175
616,176
616,177
616,178
616,180
615,181
614,182
612,183
611,182
610,181
609,180
end box16
628,159
629,159
630,160
630,161
630,162
630,163
630,164
629,165
628,166
627,166
626,166
625,165
625,164
end box17
610,148
614,148
614,148
615,149
615,150
616,151
615,152
615,153
615,154
613,155
612,155
611,155
610,154
609,153
end box18
end total19boxes
