715,206
721,195
731,184
742,178
754,176
765,175
776,174
786,176
801,176
814,181
825,192
827,206
826,221
823,236
814,245
796,246
784,247
775,251
765,251
755,249
741,250
723,248
716,238
714,223
end box0
759,263
781,236
809,217
836,209
860,209
881,213
897,215
918,212
939,214
965,221
994,237
1012,264
1022,299
1016,325
987,346
951,346
919,339
827,346
789,347
760,326
753,299
end box1
664,193
665,190
667,187
669,185
672,184
675,183
678,183
681,183
686,183
689,185
692,188
691,192
675,207
671,208
666,207
664,204
664,200
664,196
end box2
672,194
673,189
677,184
682,182
687,181
691,181
696,181
700,182
706,181
711,183
714,188
716,194
715,199
713,205
710,209
705,211
700,211
695,212
691,213
686,214
679,214
675,211
672,206
672,200
end box3
640,191
640,189
641,188
642,186
643,186
645,185
646,184
648,184
651,185
653,186
653,188
653,190
652,197
651,198
649,199
646,199
644,199
642,200
640,199
639,197
639,194
639,192
end box4
559,180
559,178
560,177
562,175
563,175
570,175
572,176
573,178
574,179
574,182
574,184
573,187
571,187
568,187
563,187
560,187
559,186
559,183
558,181
end box5
626,177
626,177
627,176
629,176
630,176
631,177
631,178
632,179
632,180
632,181
632,183
631,184
629,184
628,184
627,184
626,184
625,183
624,182
end box6
605,181
605,179
606,177
607,176
609,176
614,175
616,176
618,177
619,179
620,180
620,183
620,185
619,188
617,189
615,189
610,189
608,189
607,188
605,186
605,184
605,182
end box7
554,189
554,187
556,185
557,184
568,183
570,184
572,187
573,189
573,192
574,195
573,199
570,199
559,199
556,199
554,198
553,194
553,192
end box8
621,180
621,178
622,177
624,175
625,175
630,175
632,175
634,176
635,177
636,179
636,182
636,184
635,186
633,187
631,188
628,187
626,188
624,188
622,187
621,186
621,183
621,181
end box9
576,174
576,174
577,173
578,173
579,173
580,174
581,174
581,175
581,176
581,177
581,178
581,180
580,180
579,181
578,181
577,181
576,180
575,179
end box10
578,164
579,164
580,164
581,164
581,164
582,164
583,165
583,166
583,167
583,168
583,169
582,170
581,171
580,171
579,171
578,170
578,169
end box11
564,162
566,162
567,162
568,163
568,164
568,165
568,166
568,167
567,168
566,169
565,169
564,168
563,168
563,167
end box12
611,159
614,158
615,159
615,159
616,160
616,161
616,162
616,163
616,165
616,166
614,166
613,166
612,166
611,165
610,164
end box13
542,158
543,157
545,157
546,158
547,158
547,159
547,160
547,161
547,162
547,163
547,164
545,165
544,165
543,165
542,164
end box14
643,160
644,159
645,159
646,159
647,160
648,160
648,161
649,162
648,163
648,164
649,166
648,167
646,167
645,167
644,167
643,166
642,165
end box15
end total16boxes
