445,180
446,177
447,174
449,172
452,171
461,171
465,171
466,174
469,177
470,180
469,183
469,187
469,192
466,193
461,192
451,193
447,193
445,191
445,186
445,183
end box0
723,183
743,173
757,168
766,166
773,166
780,165
785,165
791,166
799,166
811,167
829,170
843,182
845,197
836,205
815,210
748,210
726,206
720,198
end box1
307,187
309,182
314,177
319,175
325,175
338,175
344,175
349,177
354,182
358,187
359,195
359,202
354,207
346,208
324,207
317,208
310,206
307,201
307,194
end box2
-3,285
18,248
52,232
94,233
122,236
143,239
159,244
177,244
196,246
226,250
260,264
295,292
315,333
300,356
252,371
212,374
58,371
14,352
-3,326
end box3
681,170
682,170
682,170
684,170
684,170
685,170
686,171
686,172
686,173
686,174
686,175
685,176
684,176
683,176
682,176
681,176
680,175
680,175
end box4
667,170
667,170
671,170
672,170
672,171
673,172
673,173
673,174
673,176
671,176
670,177
669,177
668,176
667,176
666,176
665,175
end box5
698,171
698,171
699,171
701,170
702,171
702,171
703,172
703,173
703,174
703,175
703,177
702,177
701,177
700,178
699,177
698,177
697,177
697,176
end box6
613,171
614,170
615,169
621,169
622,170
623,171
623,172
623,174
623,176
621,176
616,176
614,175
614,175
614,173
end box7
415,176
416,173
419,170
421,168
424,167
433,168
437,167
439,169
442,172
444,175
444,180
444,184
442,188
438,189
434,189
423,189
419,189
416,187
415,183
415,179
end box8
483,188
483,186
485,184
486,183
488,182
495,182
497,183
499,185
500,187
501,190
500,193
499,195
497,196
487,196
485,196
483,194
482,192
482,190
end box9
714,174
714,174
718,173
719,174
720,175
720,176
720,177
720,178
720,180
719,181
717,181
716,181
715,181
714,181
713,180
712,179
end box10
519,186
520,186
521,185
522,185
523,185
524,186
525,187
526,188
526,189
526,190
526,191
526,193
525,194
524,195
522,196
521,195
520,194
519,193
end box11
79,7
92,0
187,0
201,6
202,26
191,32
84,32
77,25
end box12
701,157
701,158
701,163
701,163
699,164
697,164
696,163
end box13
685,159
686,160
687,160
687,161
687,163
687,164
686,165
685,165
684,166
683,165
682,165
end box14
475,159
476,159
477,160
477,161
477,163
477,164
476,165
475,166
474,166
473,166
472,165
end box15
986,61
984,50
987,42
996,44
1003,41
1012,43
1016,49
1015,94
1011,102
1004,105
995,104
988,100
985,92
985,84
end box16
875,135
876,135
879,135
880,135
880,137
880,144
879,145
877,146
876,145
874,145
end box17
137,88
139,79
146,80
154,76
162,77
165,85
164,128
162,137
154,138
145,137
138,135
136,125
end box18
end total19boxes
