580,196
581,191
587,185
592,181
599,181
616,181
623,181
628,184
633,191
635,197
636,205
635,213
632,219
625,221
616,219
610,218
605,219
598,221
589,222
583,220
580,212
581,204
end box0
653,176
653,174
654,173
656,171
666,170
668,171
670,174
671,176
671,179
671,182
670,185
668,186
657,186
654,186
653,184
652,181
652,179
end box1
561,187
562,187
566,187
567,188
568,189
569,190
569,191
569,193
569,194
567,195
566,196
564,196
563,196
562,195
560,194
560,193
end box2
805,174
806,173
807,173
808,173
809,174
810,175
811,176
811,179
811,181
810,182
809,183
807,184
806,183
805,182
end box3
481,86
495,83
507,86
507,108
495,112
end box4
683,190
684,189
686,188
688,186
690,186
692,187
694,188
695,189
696,191
696,193
696,196
696,198
696,200
694,202
692,204
690,204
687,204
685,203
683,201
683,199
end box5
590,162
594,162
594,162
595,163
595,167
594,168
593,169
592,169
591,169
590,168
589,167
end box6
670,157
671,156
680,156
682,158
683,170
681,172
670,173
669,171
end box7
581,128
585,128
586,129
587,130
587,131
587,133
587,135
586,136
585,137
583,137
582,137
581,136
end box8
671,159
678,158
679,159
680,160
680,167
679,168
677,169
673,169
672,169
671,167
end box9
793,206
794,205
795,204
797,205
797,206
798,207
798,212
798,214
797,215
795,216
794,215
793,214
end box10
663,27
665,27
667,26
668,26
671,27
672,28
673,30
674,35
673,37
673,39
672,41
669,43
667,43
664,43
662,42
660,40
660,38
end box11
580,140
584,140
585,141
585,142
586,147
585,148
584,148
582,149
581,148
580,148
end box12
599,109
600,109
602,109
603,109
604,110
604,117
603,118
601,118
600,118
599,117
end box13
end total14boxes
