597,206
604,199
612,189
619,183
629,181
638,181
647,181
656,181
666,183
674,188
685,197
690,206
691,219
689,233
684,242
668,242
655,239
638,241
628,243
614,245
601,243
596,233
596,220
end box0
377,204
380,199
383,193
387,190
393,189
398,189
403,189
408,190
414,190
420,192
423,198
426,204
428,211
427,218
424,223
415,224
409,225
403,224
398,225
392,225
386,224
378,223
375,218
376,210
end box1
575,196
577,192
581,187
585,183
589,181
595,180
600,180
605,181
614,180
621,181
623,188
604,216
600,218
594,221
586,223
578,223
573,219
572,211
574,203
end box2
4,224
35,185
69,160
114,157
148,159
174,162
196,166
220,166
246,168
283,175
317,196
354,230
371,278
357,308
306,326
258,329
223,325
151,321
112,329
60,332
13,309
0,275
end box3
396,173
396,167
400,161
405,158
411,157
428,157
435,157
440,161
443,168
445,173
446,180
445,187
442,194
436,197
429,196
405,195
400,192
397,186
396,180
end box4
557,196
559,192
562,188
566,184
570,182
574,182
579,182
583,182
591,181
597,182
599,189
583,214
579,216
573,218
567,219
560,219
556,215
554,209
555,202
end box5
395,195
395,189
397,183
402,180
408,180
413,180
418,180
423,180
429,180
434,183
437,189
438,194
438,201
439,208
437,215
433,218
424,216
418,215
403,213
399,211
397,200
end box6
535,191
536,188
537,185
540,183
543,182
552,182
556,182
559,183
561,187
563,191
563,195
562,199
561,203
557,204
552,204
546,204
542,204
539,204
535,202
534,198
534,194
end box7
418,191
419,187
422,185
427,185
434,185
438,185
442,186
444,188
447,192
448,195
449,200
449,205
448,210
445,213
439,213
435,212
431,211
end box8
444,176
445,174
446,173
448,172
453,173
455,173
457,174
458,175
459,177
459,180
459,182
458,184
456,186
454,186
452,186
448,185
446,185
444,183
end box9
454,180
455,178
456,176
457,175
459,174
466,175
468,176
469,177
470,179
471,182
471,184
470,187
468,188
465,188
458,188
456,187
454,186
454,184
454,182
end box10
462,176
463,176
467,176
468,177
469,178
469,179
470,180
470,182
470,183
468,184
467,185
465,185
464,185
463,184
462,183
end box11
402,163
404,159
407,156
411,155
428,155
433,156
437,159
439,163
439,168
439,174
436,177
409,178
404,177
402,173
401,168
end box12
550,196
551,192
553,189
555,186
558,185
562,185
565,185
569,185
574,185
578,186
580,191
580,195
577,208
574,211
569,211
565,212
561,213
557,212
552,211
550,209
549,204
549,200
end box13
502,162
503,162
503,163
504,164
504,165
504,166
504,168
503,169
501,169
500,169
499,169
498,168
497,168
end box14
513,156
516,155
517,155
518,156
518,157
519,158
519,160
519,162
518,163
517,163
515,164
514,163
513,163
512,162
end box15
344,158
349,158
350,159
351,160
351,167
350,168
348,169
345,169
343,168
342,167
end box16
end total17boxes
