147,231
160,213
178,198
196,191
214,192
229,192
242,192
258,189
274,191
291,199
312,213
327,231
334,256
328,277
311,294
283,296
260,290
212,290
191,293
170,288
151,273
145,255
end box0
570,207
571,201
578,195
583,191
590,190
597,190
602,191
608,192
616,191
621,195
626,202
630,207
632,216
631,225
628,233
619,234
608,231
589,234
579,236
571,234
569,225
570,216
end box1
420,207
428,196
437,189
448,187
458,187
465,187
472,185
480,186
489,186
498,191
510,197
520,207
525,221
523,234
511,241
493,242
481,241
473,241
434,237
423,231
418,220
end box2
91,206
102,198
111,192
119,188
127,188
147,188
157,187
169,189
181,194
187,206
188,219
183,229
171,234
156,234
147,234
127,236
117,237
103,235
90,230
87,220
end box3
625,195
626,190
631,185
636,183
642,182
646,183
651,183
655,183
661,183
666,185
669,191
673,195
675,203
675,210
672,216
664,217
656,215
651,215
646,215
640,217
633,217
627,215
624,209
625,202
end box4
533,192
534,189
536,185
540,183
543,183
550,183
553,183
557,183
560,185
564,189
566,192
566,197
566,202
564,207
560,208
554,207
550,207
547,207
543,207
539,206
536,205
534,201
533,197
end box5
626,144
627,143
628,143
629,143
631,144
632,144
632,145
633,151
632,153
630,153
628,154
627,153
625,153
624,152
end box6
673,157
676,156
678,156
679,157
680,158
680,165
679,166
677,166
675,167
674,166
672,166
671,165
end box7
598,144
599,144
601,144
602,144
603,145
604,151
603,152
602,153
600,153
599,153
598,152
end box8
end total9boxes
