512,182
513,179
515,177
517,175
519,174
525,174
528,174
531,174
532,176
535,179
536,182
536,185
536,189
536,194
533,195
528,194
518,194
515,194
513,192
512,188
512,185
end box0
459,177
459,175
460,173
461,172
463,171
468,171
470,172
472,173
473,174
474,176
475,179
474,181
474,184
471,185
469,185
467,185
465,185
463,184
461,184
459,183
459,180
458,178
end box1
429,176
430,173
433,169
436,167
440,168
449,168
453,168
456,170
460,173
462,176
463,181
462,186
460,190
455,192
450,191
439,190
435,190
431,189
429,185
429,181
end box2
494,173
495,173
499,173
501,173
501,174
502,176
502,177
502,179
502,181
500,181
499,182
497,182
496,182
494,181
493,181
493,180
end box3
593,176
594,175
594,175
595,174
595,174
596,173
599,174
600,174
601,175
601,176
602,177
601,179
601,180
600,181
598,181
597,181
596,181
595,181
594,180
593,179
593,178
593,177
end box4
506,176
506,175
508,173
509,172
511,171
513,170
516,170
519,171
521,172
522,174
523,176
523,179
523,181
522,184
520,185
517,185
512,186
510,186
507,185
506,184
505,181
506,179
end box5
653,178
653,176
654,174
655,173
657,172
659,171
663,171
665,172
667,173
668,175
669,177
669,180
668,182
668,185
666,186
663,187
661,187
658,187
656,187
654,185
653,184
652,182
652,179
end box6
490,177
491,175
492,173
493,172
495,172
502,171
505,172
506,174
507,176
507,179
507,182
506,184
504,185
501,185
496,185
494,185
492,185
490,183
489,181
489,179
end box7
481,175
482,174
483,174
485,174
486,175
487,175
487,176
488,177
488,178
488,179
488,181
487,182
485,182
484,182
483,182
482,182
481,181
480,180
end box8
721,177
722,175
723,173
724,172
726,171
731,170
734,171
736,172
737,174
738,176
738,179
738,182
737,184
735,186
732,186
730,186
727,186
725,186
723,185
721,183
721,181
721,179
end box9
578,172
578,172
579,171
580,171
581,171
582,172
582,172
583,173
584,174
584,175
583,176
583,178
582,178
581,179
580,179
579,179
578,178
577,178
577,177
end box10
677,173
678,172
679,172
681,172
682,172
683,173
684,174
684,175
684,176
684,177
684,179
683,180
682,181
680,181
679,180
678,180
677,179
676,178
end box11
817,170
817,168
819,167
820,166
822,166
829,166
831,166
833,168
835,170
835,173
835,176
833,178
831,179
821,179
819,179
817,178
816,175
816,173
end box12
673,177
673,175
674,173
675,172
677,172
682,171
684,171
686,172
688,174
689,176
689,179
689,181
688,184
686,185
683,185
678,185
676,185
674,185
673,183
672,181
672,178
end box13
474,176
474,174
476,172
477,171
479,171
486,171
488,172
489,173
491,175
491,178
491,181
490,183
488,184
485,184
478,184
476,183
474,182
474,180
474,178
end box14
462,175
463,174
464,173
465,174
466,174
467,174
468,175
469,176
469,177
469,178
469,179
469,181
468,182
467,182
465,183
464,182
463,182
462,181
461,180
end box15
508,172
508,172
509,171
510,171
511,170
512,171
513,171
514,172
515,173
515,174
515,175
515,176
515,178
514,179
513,179
511,180
510,180
509,179
508,178
507,177
end box16
683,178
683,176
684,175
685,173
687,172
689,172
692,172
694,173
696,173
697,175
698,177
698,180
698,182
697,184
695,186
693,186
691,186
688,186
686,186
684,185
683,184
683,181
683,179
end box17
375,207
382,203
416,204
425,207
428,214
424,218
377,217
373,213
end box18
638,178
638,176
639,175
640,174
641,173
643,172
645,171
646,172
648,173
650,174
650,176
651,178
651,180
651,182
650,184
649,185
647,187
645,187
642,187
640,186
639,185
638,183
637,181
637,179
end box19
609,174
609,174
610,173
611,173
612,173
613,174
613,174
614,175
614,176
614,177
614,178
614,179
613,180
612,181
611,181
610,181
609,180
608,179
608,179
end box20
544,161
545,160
546,160
547,161
547,161
548,161
548,162
549,163
549,164
549,165
549,166
548,167
547,168
546,168
545,168
544,167
end box21
646,158
647,158
648,159
648,160
648,161
648,162
648,163
647,164
646,164
645,164
644,164
643,164
643,163
end box22
548,146
549,146
550,147
551,148
551,149
551,150
550,152
550,153
548,153
547,153
546,153
545,152
end box23
712,159
713,160
714,161
714,162
714,164
714,166
713,167
712,167
710,168
709,167
708,167
707,166
end box24
657,185
659,184
662,184
664,185
665,187
665,195
664,197
663,198
661,199
658,198
657,197
656,195
end box25
644,183
645,182
646,182
648,182
649,183
650,184
650,191
649,193
648,194
647,195
645,194
643,193
end box26
531,160
531,160
533,160
533,160
534,161
534,161
535,162
535,163
535,164
535,165
534,166
533,166
532,167
531,166
530,166
end box27
641,96
645,92
686,92
690,96
692,104
689,109
641,108
640,104
end box28
560,158
560,158
561,158
562,158
562,158
563,159
563,159
563,160
563,161
563,162
563,163
563,164
562,164
561,164
560,164
559,163
end box29
710,196
713,193
718,191
722,193
725,198
725,224
723,230
719,230
713,229
709,227
end box30
857,140
858,139
859,139
860,139
861,140
862,140
862,141
862,142
862,144
862,145
861,146
860,147
859,147
858,147
857,146
856,145
end box31
732,161
733,162
733,163
734,164
734,165
734,166
734,168
733,169
731,169
729,169
728,169
727,168
end box32
414,193
415,192
416,192
417,192
418,193
419,193
419,194
420,195
419,196
419,197
419,199
419,200
417,200
416,200
415,200
414,199
413,199
end box33
610,143
610,143
612,143
613,144
614,148
613,149
612,149
611,150
610,149
609,149
end box34
822,112
822,112
823,112
824,112
824,112
825,113
825,118
824,119
823,119
822,118
821,118
end box35
527,131
528,131
529,131
530,131
531,131
531,131
531,137
530,138
529,138
528,138
527,137
end box36
693,92
694,91
695,91
696,91
697,92
698,93
697,99
697,101
695,101
694,101
693,100
end box37
560,158
560,158
561,158
562,158
562,158
563,159
563,159
563,160
563,161
563,162
563,163
563,164
562,164
561,164
560,164
559,163
end box38
511,126
512,125
513,125
514,125
515,125
515,126
516,133
515,133
513,134
512,134
511,133
end box39
544,161
545,160
546,160
547,161
547,161
548,161
548,162
549,163
549,164
549,165
549,166
548,167
547,168
546,168
545,168
544,167
end box40
626,114
627,113
628,113
629,113
630,114
630,115
630,120
629,121
628,121
627,121
626,120
end box41
857,140
858,139
859,139
860,139
861,140
862,140
862,141
862,142
862,144
862,145
861,146
860,147
859,147
858,147
857,146
856,145
end box42
end total43boxes
