347,226
351,217
358,205
367,199
378,199
389,200
398,199
409,200
419,201
425,208
435,218
441,225
441,240
440,253
437,265
422,266
407,262
398,262
389,262
380,262
367,264
353,264
349,252
349,239
end box0
434,194
435,191
437,187
438,184
441,184
456,184
457,187
459,190
460,194
460,197
460,202
459,206
457,208
440,208
437,208
435,205
434,197
end box1
524,195
524,193
525,192
526,190
528,190
530,189
531,189
533,189
535,189
537,190
538,192
539,194
539,197
539,199
538,202
536,203
534,203
531,203
529,203
527,203
525,203
523,201
523,199
523,196
end box2
364,171
365,171
366,170
368,170
370,171
371,171
371,172
372,174
372,177
372,178
370,180
369,180
367,181
366,180
364,180
363,178
end box3
563,195
564,194
565,194
566,194
567,195
567,195
568,196
568,200
568,202
566,202
565,203
564,202
563,201
562,200
end box4
363,189
364,188
365,187
366,187
367,187
368,188
369,189
370,190
370,195
369,196
368,197
365,197
363,196
363,195
end box5
end total6boxes
