341,191
344,185
347,180
352,179
358,179
363,179
367,179
371,179
376,179
381,181
386,185
391,191
393,198
393,205
387,210
379,210
372,211
367,210
362,210
358,210
351,210
344,208
340,204
340,197
end box0
420,191
422,188
426,185
428,183
432,183
445,183
448,185
452,188
454,191
455,196
455,201
452,205
447,206
431,206
426,206
422,205
420,200
419,196
end box1
500,177
503,174
506,171
510,170
525,170
529,171
534,173
537,177
539,183
538,188
533,191
527,191
512,191
508,191
502,190
499,187
498,182
end box2
408,182
408,180
410,178
411,177
422,177
424,178
426,180
428,182
429,185
428,189
427,192
424,192
420,192
413,192
410,192
408,190
407,188
406,185
end box3
449,174
450,170
453,166
456,165
460,164
474,164
477,166
480,169
481,173
482,178
482,183
479,186
474,188
470,188
466,188
463,188
459,188
456,187
451,185
449,182
449,178
end box4
136,215
158,196
177,181
194,174
213,174
229,174
242,174
258,172
277,173
300,178
325,190
342,215
351,244
347,268
319,281
285,283
260,279
242,277
228,277
210,279
189,281
160,275
135,263
128,242
end box5
842,30
843,20
846,9
854,2
863,-2
874,-3
884,-4
894,-1
904,2
910,10
915,20
917,30
918,40
917,51
915,63
906,69
893,71
883,74
874,74
863,72
853,66
848,59
844,49
843,39
end box6
541,164
541,162
542,160
543,159
545,158
547,157
549,156
551,157
553,158
554,159
555,161
556,163
556,166
556,168
555,170
554,172
551,174
549,174
546,174
544,173
542,171
542,169
541,167
541,165
end box7
821,127
822,125
823,123
825,123
828,122
830,123
833,124
834,126
835,128
835,135
834,138
833,140
831,142
828,143
825,142
823,141
821,139
820,136
end box8
545,159
546,159
547,158
548,158
549,158
551,158
552,159
553,160
554,162
553,163
553,165
553,167
552,168
550,169
548,169
547,169
545,168
544,167
544,165
end box9
684,119
697,118
698,120
698,134
697,136
685,137
683,135
end box10
end total11boxes
