-7,277
-8,254
-3,225
12,208
39,210
65,214
85,219
107,221
128,226
145,239
160,258
162,280
168,306
165,333
163,359
143,370
113,367
87,360
66,361
40,370
8,375
-3,361
-6,303
end box0
438,196
441,190
445,184
452,182
458,182
473,183
479,183
486,184
491,189
495,196
497,205
497,213
491,218
481,218
474,219
468,219
463,219
457,218
451,218
442,217
437,212
437,204
end box1
714,207
726,196
737,185
749,181
760,180
771,180
780,180
790,181
804,180
817,183
834,192
841,206
840,224
836,239
824,250
805,248
760,249
744,252
725,251
712,241
711,225
end box2
-10,251
-7,229
9,216
34,215
52,216
67,220
78,220
89,223
103,224
117,230
130,240
146,255
156,277
154,295
137,307
110,308
11,308
0,293
-7,274
end box3
891,182
925,155
961,142
992,139
1013,141
1029,140
1043,141
1059,139
1077,141
1109,143
1144,155
1177,182
1191,220
1172,239
1121,252
1084,250
987,250
951,251
901,239
882,220
end box4
305,210
310,200
317,191
328,187
339,187
355,187
365,187
376,186
386,190
395,200
400,210
401,224
400,238
394,247
378,248
365,247
356,247
347,248
338,247
327,247
313,245
306,236
305,223
end box5
501,190
501,186
503,182
506,180
510,180
513,181
516,180
519,181
523,181
525,183
528,186
530,190
531,194
531,198
529,203
525,204
520,204
516,204
513,203
510,203
506,202
503,200
502,197
501,193
end box6
485,192
485,188
486,184
489,183
493,183
496,183
499,183
502,183
505,183
508,186
511,188
512,192
512,196
512,200
511,204
508,206
503,207
499,206
496,205
493,204
490,203
487,201
end box7
469,194
470,189
471,185
474,182
479,182
486,182
490,182
494,183
497,186
500,189
501,193
503,198
502,203
501,208
497,211
492,212
487,210
483,210
479,209
472,205
471,201
470,198
end box8
1052,201
1070,180
1089,166
1109,161
1128,162
1142,162
1155,160
1172,156
1191,156
1215,161
1233,176
1246,199
1253,227
1247,248
1225,267
1200,272
1175,269
1157,266
1140,266
1123,267
1099,270
1070,266
1049,249
1043,228
end box9
523,188
523,185
524,184
526,183
528,182
531,182
533,183
534,184
536,185
537,187
538,189
538,192
538,194
538,197
536,199
533,199
531,200
528,199
526,199
524,197
523,195
end box10
919,171
947,153
975,148
995,148
1006,147
1025,146
1034,148
1046,148
1064,149
1091,154
1120,172
1127,196
1114,211
1076,218
963,220
926,212
914,198
end box11
546,160
550,160
551,161
552,162
552,163
552,164
552,165
552,167
551,168
550,169
548,169
547,169
546,168
545,167
end box12
end total13boxes
