555,205
555,201
562,195
566,191
571,191
587,192
594,192
597,195
602,202
605,205
606,213
605,221
603,228
597,229
570,229
560,232
556,229
555,220
556,213
end box0
217,208
240,193
258,183
272,178
284,178
296,179
305,178
316,179
330,178
348,181
368,189
388,207
391,229
385,246
359,254
333,253
316,251
305,250
268,252
241,254
216,246
210,230
end box1
338,179
339,171
346,167
353,166
380,166
387,167
394,172
398,179
399,187
398,195
390,199
380,200
375,201
345,198
338,194
337,187
end box2
443,195
447,190
451,186
455,185
460,184
464,184
467,184
471,185
476,184
481,185
486,190
490,195
493,202
492,208
486,212
479,213
472,213
468,212
463,212
459,213
452,214
446,212
441,207
441,201
end box3
420,191
421,187
423,184
426,183
429,182
432,182
435,181
438,182
442,182
446,183
449,186
449,191
449,195
448,199
446,202
443,204
439,205
435,205
432,205
428,205
425,204
421,202
420,198
420,194
end box4
34,11
36,2
47,0
95,0
108,2
112,11
111,22
108,31
96,33
48,33
37,30
35,22
end box5
end total6boxes
