926,209
927,204
932,196
936,191
943,190
950,189
957,189
964,190
972,191
975,196
979,204
982,209
982,218
981,226
980,235
975,238
964,235
942,236
932,238
928,235
927,225
927,217
end box0
6,229
45,197
81,183
121,184
145,183
163,184
178,185
195,187
213,191
246,192
284,204
320,232
335,273
316,292
260,302
219,301
119,303
73,309
23,293
2,273
end box1
807,197
808,194
811,191
814,189
817,189
826,189
829,189
832,190
836,193
838,196
838,201
838,206
836,210
831,210
826,209
816,209
812,209
808,209
806,205
806,201
end box2
985,198
986,195
988,192
990,190
993,189
1002,189
1005,190
1007,192
1010,195
1011,198
1011,201
1012,206
1011,210
1007,211
1003,211
992,211
989,210
986,209
985,205
985,201
end box3
867,193
867,191
869,190
870,189
871,188
878,188
879,189
881,191
882,192
882,195
882,197
881,199
879,200
876,200
871,200
869,200
867,199
867,196
866,194
end box4
759,206
762,203
766,202
768,201
771,201
779,201
781,202
785,203
789,206
791,210
790,214
786,216
781,216
777,216
775,215
770,216
767,216
763,215
759,213
758,210
end box5
887,189
887,188
888,187
889,187
891,187
892,187
893,188
893,189
894,190
894,191
894,192
894,194
893,195
891,195
890,195
889,195
888,195
887,194
886,193
end box6
869,192
869,191
869,191
870,190
870,190
874,190
875,190
875,191
876,192
876,193
876,194
876,196
874,196
873,196
872,197
871,197
870,196
869,196
869,195
869,194
end box7
768,208
768,206
770,205
771,204
772,204
774,203
775,203
777,203
778,204
780,204
781,206
782,208
783,210
783,212
782,214
780,215
777,215
775,215
774,215
772,215
770,214
768,213
768,211
767,209
end box8
834,194
835,192
836,191
838,190
840,189
842,189
843,190
845,190
847,192
848,193
849,195
849,198
849,200
849,203
847,204
844,205
842,205
839,204
837,204
835,203
834,201
834,197
end box9
740,206
743,202
748,200
751,200
764,200
767,201
772,202
777,205
779,211
778,215
771,217
766,218
745,217
739,214
738,210
end box10
980,194
980,192
981,190
983,189
985,188
994,188
997,189
998,191
999,194
1000,197
999,200
998,203
996,204
993,205
987,204
985,204
982,204
980,202
979,199
979,197
end box11
851,194
851,192
852,190
853,189
855,189
860,188
862,189
864,190
865,192
866,193
866,196
866,198
865,201
863,202
861,202
858,202
857,202
854,202
853,201
851,199
851,197
850,195
end box12
579,208
585,202
592,198
599,197
604,197
622,196
630,197
637,201
644,208
646,217
644,224
633,227
624,228
618,228
613,228
608,228
603,228
597,228
587,228
577,224
576,217
end box13
568,205
583,194
596,188
607,186
616,186
623,185
630,185
637,186
646,185
658,187
672,193
685,205
689,220
684,231
666,238
649,237
630,236
623,237
616,235
604,237
587,238
569,231
564,221
end box14
808,179
812,179
812,179
813,180
814,181
814,182
814,183
814,185
813,185
811,186
810,186
809,186
808,185
807,184
end box15
881,192
881,190
883,189
884,188
885,187
892,187
893,188
895,190
896,191
896,194
896,196
895,199
893,199
890,199
887,199
884,199
882,199
881,198
881,195
880,193
end box16
741,193
743,190
747,187
751,186
766,186
770,187
775,189
778,193
779,199
778,203
773,206
744,206
740,203
740,198
end box17
857,190
857,190
858,189
859,189
860,189
861,190
862,190
862,191
863,192
863,193
863,194
863,196
862,196
860,197
859,197
858,197
857,196
856,196
856,195
end box18
1200,114
1200,111
1202,108
1204,106
1207,105
1210,104
1213,104
1216,105
1219,105
1223,107
1225,110
1225,114
1225,117
1224,121
1223,124
1220,127
1217,128
1213,129
1210,129
1206,128
1203,126
1201,124
1200,120
1200,117
end box19
1083,158
1086,157
1088,158
1089,158
1090,159
1090,161
1090,162
1090,164
1089,165
1088,167
1087,167
1085,168
1084,167
1082,167
1081,166
1081,164
end box20
838,190
839,189
840,189
841,189
842,189
843,189
844,190
844,191
845,192
845,193
845,194
845,196
844,197
843,198
841,198
840,197
839,197
838,196
end box21
779,191
779,191
780,192
781,193
781,194
781,195
781,197
780,198
778,198
776,198
775,197
774,197
end box22
1048,140
1049,137
1069,136
1071,138
1071,159
1069,162
1049,161
end box23
839,177
840,176
842,176
843,177
843,177
844,178
845,179
845,180
845,181
845,183
844,183
842,184
841,184
840,184
839,183
838,182
end box24
789,190
792,190
793,190
794,191
794,192
794,193
794,194
794,195
793,196
792,196
790,196
789,196
788,195
788,195
end box25
1081,158
1081,156
1082,155
1084,154
1087,153
1089,153
1092,154
1093,155
1094,157
1095,159
1094,162
1094,164
1094,166
1092,168
1090,169
1088,169
1085,169
1083,169
1081,167
1081,165
end box26
1041,164
1042,164
1043,165
1043,166
1043,167
1043,168
1043,169
1042,170
1041,170
1040,171
1039,170
1038,170
1038,169
end box27
801,190
801,190
802,190
803,190
804,190
804,190
805,191
805,191
806,192
806,193
806,194
806,195
805,196
804,196
803,197
802,196
801,196
801,195
end box28
786,143
787,142
788,142
789,142
790,143
790,151
790,152
788,152
787,152
786,151
end box29
end total30boxes
