286,209
292,203
297,197
303,195
309,194
325,194
333,194
340,195
346,201
351,209
353,218
352,227
344,231
332,231
327,232
320,232
315,231
309,232
302,231
291,230
284,227
284,218
end box0
434,194
436,191
438,188
440,186
443,186
452,186
455,186
458,187
461,190
463,193
464,198
464,203
462,207
458,207
452,206
442,207
438,207
434,206
433,202
433,198
end box1
587,178
588,176
590,174
591,173
594,173
602,173
604,173
607,176
608,178
608,181
608,185
607,188
604,188
593,188
589,188
587,187
587,184
587,181
end box2
150,197
150,195
152,194
153,192
156,192
164,191
167,192
169,194
170,197
170,200
170,203
169,206
165,207
162,207
157,207
154,208
151,208
149,206
149,203
149,200
end box3
209,196
209,195
211,193
212,192
221,192
223,193
225,194
227,196
227,199
227,202
226,204
222,205
213,205
211,205
208,204
208,201
207,199
end box4
473,179
474,177
475,176
477,175
479,174
487,174
489,175
491,177
492,179
492,182
492,185
491,188
488,189
485,189
480,188
478,188
476,188
474,187
473,184
473,182
end box5
558,179
558,177
559,175
560,174
562,173
564,173
565,172
567,173
569,173
571,174
572,176
573,178
574,181
574,183
573,186
571,187
568,188
566,187
563,187
561,187
559,187
558,185
557,183
557,180
end box6
160,197
160,195
162,193
163,192
166,192
172,191
174,192
176,193
177,195
179,197
179,200
179,203
179,206
176,207
173,208
170,207
167,207
165,207
162,206
160,205
160,202
159,200
end box7
612,175
612,175
613,174
614,174
615,174
616,174
617,175
617,176
618,177
618,178
618,179
618,181
617,182
615,182
614,182
613,182
612,181
611,181
end box8
478,174
479,173
483,173
484,174
485,175
485,176
485,177
485,179
485,180
484,181
483,181
481,182
480,181
479,181
478,180
477,179
end box9
734,107
734,105
735,103
737,101
739,100
741,99
744,98
746,99
749,100
752,102
753,104
754,107
754,110
754,113
753,116
750,118
747,120
744,121
741,120
738,119
736,117
734,115
733,112
733,110
end box10
709,61
711,56
776,56
779,61
778,74
777,80
710,80
711,73
end box11
513,159
517,159
518,160
519,161
519,162
519,163
519,164
519,166
518,167
517,168
515,168
514,168
513,167
512,166
end box12
544,161
548,161
549,161
549,162
550,163
550,164
550,165
550,167
549,168
548,168
546,169
545,168
544,168
543,167
end box13
468,173
469,174
470,175
471,177
471,178
471,180
471,183
469,184
467,184
464,184
462,183
461,182
460,181
end box14
544,173
545,172
547,172
548,173
549,173
549,174
549,179
549,180
547,180
546,180
545,180
544,179
543,179
end box15
530,173
531,172
533,172
534,173
534,173
535,174
535,178
535,180
533,180
532,180
531,180
530,179
529,178
end box16
448,145
452,145
453,146
454,147
454,148
454,151
454,152
453,153
452,154
450,154
449,154
448,153
447,152
end box17
412,172
413,171
415,171
416,171
417,172
417,173
418,178
417,179
416,179
414,180
413,179
412,179
end box18
457,178
457,176
458,174
460,172
462,172
472,172
474,173
476,175
477,178
477,181
477,185
476,188
474,190
470,190
461,189
459,188
457,186
456,183
456,181
end box19
462,188
463,188
464,187
466,187
468,188
469,188
469,189
470,191
470,194
470,196
469,197
467,197
465,198
464,197
462,197
461,196
end box20
530,163
531,163
533,163
534,163
534,163
535,164
536,165
535,166
535,167
535,168
535,170
533,170
532,170
531,170
530,169
end box21
511,174
511,174
515,174
516,174
516,175
517,176
517,177
517,178
517,180
516,181
514,181
513,181
512,181
511,181
510,180
510,179
end box22
452,158
453,159
454,160
454,161
454,163
454,165
453,166
452,166
450,167
449,166
448,166
447,165
end box23
42,174
48,173
50,173
51,174
51,176
51,177
51,179
51,180
49,181
48,182
46,182
45,182
43,181
42,181
42,179
end box24
572,185
573,184
577,184
578,184
579,185
580,186
580,193
579,194
577,195
575,195
574,195
572,194
571,193
end box25
42,170
43,169
45,169
46,169
48,169
50,169
52,171
53,173
53,174
53,176
53,179
52,181
51,183
49,184
47,184
44,184
42,183
41,182
40,179
end box26
692,157
693,157
694,157
695,157
696,157
697,158
697,159
697,160
697,162
697,163
696,164
695,165
694,166
693,166
692,164
end box27
462,161
466,161
466,161
467,162
468,163
468,164
467,165
467,167
467,168
465,168
464,168
463,168
462,168
end box28
691,141
692,140
693,140
694,140
695,141
696,142
696,149
695,150
693,151
692,150
691,149
end box29
384,160
385,159
387,159
388,160
389,160
389,161
389,165
389,166
387,167
386,167
385,167
384,166
end box30
447,172
448,171
450,171
451,172
452,172
452,173
452,174
453,175
452,176
453,178
452,179
450,179
449,179
448,179
447,178
446,177
end box31
514,148
518,147
519,148
519,149
520,150
520,152
520,154
519,155
518,156
516,156
515,155
514,155
end box32
644,148
644,148
645,148
646,148
647,148
648,148
648,148
649,149
649,150
649,151
649,152
649,153
648,154
647,155
646,155
645,155
644,154
644,153
end box33
678,159
679,158
680,158
681,158
682,158
683,159
683,160
684,161
683,163
683,165
683,166
681,166
680,167
679,166
678,165
677,164
end box34
478,188
478,187
479,187
480,187
481,187
482,187
483,188
483,189
484,190
484,191
484,192
484,194
483,195
481,195
480,196
479,195
478,195
477,194
477,193
end box35
121,174
124,174
125,174
126,175
127,176
127,177
127,179
127,181
126,182
125,183
123,183
122,183
121,182
120,181
end box36
563,186
564,185
567,184
568,185
569,186
570,187
571,188
571,189
570,191
570,192
569,193
568,194
566,194
565,194
564,193
563,192
end box37
203,192
204,191
205,191
207,191
208,191
209,192
210,193
210,194
210,195
210,196
210,198
209,199
208,200
206,200
205,200
204,199
203,198
202,197
end box38
581,139
582,138
584,138
585,139
586,140
586,147
585,148
583,149
582,148
581,147
end box39
663,172
664,171
665,171
666,171
667,172
667,173
667,177
667,178
666,179
665,179
664,179
663,178
end box40
462,161
466,161
466,161
467,162
468,163
468,164
467,165
467,167
467,168
465,168
464,168
463,168
462,168
end box41
579,162
579,162
581,162
581,162
582,163
582,163
583,164
583,165
583,166
583,167
582,168
581,169
580,169
579,169
578,168
end box42
530,163
531,163
533,163
534,163
534,163
535,164
536,165
535,166
535,167
535,168
535,170
533,170
532,170
531,170
530,169
end box43
217,151
218,149
220,149
223,148
225,148
228,149
229,152
228,166
226,168
223,169
220,168
218,167
216,164
end box44
end total45boxes
