322,217
326,206
333,197
344,194
355,194
365,194
373,194
381,194
391,195
400,200
410,208
417,218
419,232
418,245
410,251
392,253
382,255
373,254
364,254
357,253
348,250
332,249
325,242
323,230
end box0
173,234
191,214
210,202
231,200
247,200
260,202
271,200
283,202
297,202
316,206
335,217
358,235
364,259
358,278
328,284
298,283
284,286
272,287
260,286
249,282
235,281
203,284
179,276
173,258
end box1
691,205
698,195
707,185
715,177
726,176
736,177
746,177
756,177
769,178
781,182
791,192
794,204
792,218
790,233
784,243
768,243
755,243
746,244
736,246
725,247
711,248
695,246
690,235
690,220
end box2
420,195
419,188
423,181
429,179
437,180
443,180
448,181
453,181
460,181
465,183
468,190
472,195
474,203
474,211
471,217
462,219
455,219
448,217
443,217
437,218
430,217
424,215
421,209
421,202
end box3
522,188
522,186
524,184
526,182
528,182
537,182
540,183
542,186
543,188
544,191
544,195
543,198
539,199
535,198
528,198
525,198
522,197
522,194
521,191
end box4
636,181
637,179
638,178
640,176
642,176
650,176
652,176
654,179
655,181
655,184
655,187
654,190
651,191
648,191
643,191
641,191
638,191
636,189
636,186
636,184
end box5
556,186
556,184
559,182
561,181
571,181
574,181
576,183
578,186
578,189
578,193
576,196
572,195
562,195
559,196
556,195
555,192
554,189
end box6
556,181
556,179
558,177
559,176
561,175
566,175
568,175
570,176
572,178
573,180
573,183
573,186
572,188
570,189
567,189
562,189
560,189
558,189
556,187
556,185
556,183
end box7
620,179
620,178
622,176
623,175
625,175
632,175
635,175
637,177
638,179
638,182
638,185
636,187
633,187
630,187
626,187
624,188
621,188
619,187
619,184
619,182
end box8
543,176
548,175
549,176
550,177
550,178
551,179
550,181
551,182
549,183
547,183
546,183
545,183
544,183
543,182
542,181
end box9
622,178
622,177
623,176
623,176
624,175
628,175
629,176
630,177
631,178
631,179
631,181
631,182
629,183
627,183
626,183
625,183
624,183
622,183
622,182
622,180
622,179
end box10
593,174
593,174
597,174
598,174
598,175
599,176
599,177
599,178
599,180
598,180
596,181
595,181
594,181
593,180
592,180
592,179
end box11
538,181
538,179
539,177
540,176
542,176
549,176
551,177
552,178
553,180
554,183
553,185
553,188
550,189
548,189
545,188
544,188
542,188
540,188
538,187
537,185
537,182
end box12
498,192
499,189
500,186
502,184
505,184
508,184
511,184
514,184
517,184
519,186
521,189
522,192
523,195
523,199
522,204
519,205
515,205
511,204
508,204
505,204
502,203
499,201
499,198
498,195
end box13
578,176
578,176
579,175
580,175
581,175
582,176
582,176
583,177
584,178
584,179
584,180
584,182
583,183
581,183
580,183
579,183
578,182
577,182
end box14
467,195
467,191
469,187
471,185
475,184
479,184
482,185
485,185
489,185
492,188
495,191
496,195
497,199
497,203
496,208
492,211
487,210
482,210
479,210
475,209
471,208
468,206
467,202
467,198
end box15
638,187
638,186
640,184
641,182
643,182
651,182
653,183
654,185
656,187
656,190
656,193
655,196
652,196
649,196
647,196
644,197
642,197
639,196
637,195
637,192
637,190
end box16
609,175
610,174
610,174
611,174
612,174
612,174
613,175
614,175
614,176
614,177
614,178
614,179
613,180
612,180
611,181
610,180
609,180
608,179
608,179
end box17
560,174
560,174
564,173
565,174
565,175
566,176
566,177
566,178
566,180
565,181
563,181
562,181
561,181
560,181
559,180
558,179
end box18
570,181
570,179
571,177
572,176
574,176
576,175
577,175
579,176
581,176
583,177
584,179
585,180
585,183
585,185
584,188
582,189
580,189
578,189
576,189
574,188
572,188
570,186
570,184
570,182
end box19
487,193
488,189
490,186
492,184
496,184
499,184
502,184
505,184
509,184
511,186
514,189
516,193
517,197
517,201
515,206
511,208
506,208
502,207
499,207
495,206
492,205
489,203
487,200
487,196
end box20
526,182
526,180
527,179
529,177
531,177
539,177
541,178
542,180
543,182
544,185
544,188
543,191
540,192
537,191
530,191
528,191
526,189
525,187
525,185
end box21
653,183
653,181
654,179
655,178
657,177
659,176
661,176
663,176
665,177
667,178
668,180
668,182
668,185
668,187
668,190
666,191
663,192
661,192
658,193
656,192
654,191
653,189
652,187
652,184
end box22
506,191
507,189
508,187
510,187
512,186
514,185
516,186
517,187
519,189
519,191
520,193
520,195
520,197
520,200
519,202
517,203
514,202
511,202
509,201
508,200
507,198
end box23
641,177
641,176
642,176
645,175
646,176
648,176
648,178
649,179
649,180
649,182
649,184
647,184
646,185
644,185
643,185
641,185
640,184
640,183
end box24
530,178
535,177
536,178
537,179
538,180
538,181
538,183
538,185
536,185
535,185
531,185
529,185
529,183
end box25
412,177
412,176
413,176
414,175
415,176
416,176
416,177
417,178
417,179
417,180
417,181
417,182
416,183
416,184
414,185
413,185
412,184
411,182
end box26
563,163
564,163
565,164
565,165
565,166
565,167
565,168
564,169
563,170
562,170
561,169
560,169
560,168
end box27
647,161
648,161
648,162
649,167
648,168
647,168
644,168
643,168
end box28
430,141
430,140
431,139
435,139
436,140
437,141
437,146
436,147
434,147
432,147
431,147
430,146
end box29
end total30boxes
