717,177
717,175
719,173
720,172
722,171
730,171
731,172
733,174
734,176
734,179
734,181
733,185
731,185
721,185
719,185
717,183
717,181
717,179
end box0
725,165
730,165
731,166
731,167
732,168
732,170
732,172
730,172
728,172
726,172
725,172
724,171
723,170
end box1
688,176
689,175
689,175
690,174
690,174
694,174
695,174
696,175
696,176
696,177
696,178
696,180
695,181
693,181
692,181
691,181
690,180
689,180
688,179
end box2
641,175
642,174
643,173
647,173
648,173
648,174
649,175
649,176
649,177
649,179
647,179
646,179
644,179
643,179
642,179
641,178
641,177
641,176
end box3
684,177
684,175
685,174
687,173
688,172
695,172
696,173
698,175
699,176
699,179
699,181
698,184
696,184
693,184
690,184
688,184
686,184
684,183
683,180
683,178
end box4
707,166
708,164
712,164
713,165
714,166
714,167
714,168
714,170
712,170
708,170
707,170
706,169
end box5
658,175
658,174
660,173
664,173
665,173
666,174
666,175
666,176
666,177
666,179
665,180
663,180
661,180
660,180
659,179
658,178
658,177
end box6
675,173
675,173
678,172
679,173
680,173
680,174
681,175
681,176
681,177
681,179
680,179
678,180
677,180
676,180
675,179
674,179
673,178
end box7
705,174
706,173
706,173
707,172
707,172
711,172
712,172
713,173
713,174
713,175
713,176
713,178
712,178
710,178
709,179
708,179
707,178
706,178
705,177
705,176
705,175
end box8
740,170
740,170
744,170
745,170
745,171
746,172
746,173
746,174
746,176
745,176
743,177
742,177
741,176
740,176
739,176
738,175
end box9
705,177
705,175
706,174
708,172
709,172
716,172
718,173
719,174
720,176
721,179
720,181
720,184
717,184
708,184
706,184
705,183
704,181
704,178
end box10
694,162
695,163
696,164
696,165
696,166
696,168
694,168
693,168
691,168
690,168
689,167
end box11
725,175
725,174
726,173
726,173
727,172
731,172
732,173
733,174
733,175
733,176
733,178
733,179
732,180
730,180
729,180
728,180
727,179
726,179
725,178
725,177
end box12
654,176
654,175
656,174
658,173
666,172
668,173
670,174
671,176
672,179
672,182
670,184
667,184
659,184
656,184
654,183
653,181
653,179
end box13
719,167
720,166
721,165
723,163
731,163
733,164
735,165
736,167
737,170
737,173
735,175
732,175
723,176
721,176
719,174
718,172
718,170
end box14
744,164
745,165
746,165
746,166
746,167
746,168
746,169
745,170
744,170
743,170
742,170
741,170
741,169
end box15
858,131
858,128
859,126
864,124
866,123
869,123
871,123
877,126
878,128
879,131
879,134
879,137
878,141
876,143
872,143
869,144
866,144
863,143
860,142
858,140
858,137
858,134
end box16
759,144
762,143
763,143
764,144
765,145
765,146
765,147
765,148
765,150
764,151
763,151
761,152
760,151
759,151
758,150
end box17
511,159
512,158
514,158
515,158
516,159
516,160
517,161
517,162
517,163
517,165
516,166
515,166
513,167
512,166
511,166
510,165
end box18
607,158
608,157
610,157
611,157
612,158
612,159
612,163
612,165
611,165
609,166
608,165
607,165
end box19
609,174
610,173
611,173
612,173
613,173
614,174
614,175
615,176
614,177
614,178
615,180
614,181
612,181
611,182
610,181
609,180
608,180
end box20
592,162
593,161
594,161
595,161
596,162
596,162
597,163
597,164
597,165
597,166
597,167
596,168
595,169
594,169
593,169
592,168
end box21
576,172
577,172
578,171
579,171
580,172
581,173
581,174
581,179
581,180
580,181
578,181
577,181
576,180
end box22
529,159
530,159
531,159
532,158
533,159
533,159
534,160
534,161
534,162
534,163
534,164
534,165
532,166
531,166
530,166
529,165
528,164
end box23
613,146
614,147
615,148
615,149
615,150
615,151
615,153
614,154
613,155
611,155
610,155
609,154
608,153
end box24
707,115
707,114
708,114
709,114
710,114
711,114
712,115
713,116
713,117
713,118
713,119
713,121
712,122
711,123
709,123
708,123
707,122
706,121
end box25
562,143
563,143
565,143
566,143
567,144
568,145
568,146
568,147
568,148
568,150
567,151
566,152
564,152
563,152
562,151
561,150
end box26
774,175
774,174
775,173
776,173
777,173
778,174
779,175
779,176
780,177
779,178
779,179
779,181
779,182
778,183
776,184
775,183
774,182
773,181
773,180
end box27
544,160
545,159
547,159
548,159
549,160
549,161
550,162
550,163
550,164
550,166
549,167
548,167
546,168
545,167
544,167
543,165
end box28
825,169
826,168
827,168
829,168
830,168
830,170
830,177
829,179
827,179
826,179
825,177
end box29
756,160
757,160
759,159
760,160
760,160
761,161
761,162
761,163
761,164
761,165
760,166
759,167
758,167
757,167
756,166
755,165
end box30
646,159
647,160
647,160
648,161
648,162
648,163
648,164
647,165
646,165
645,165
644,165
643,164
end box31
401,159
402,158
404,158
405,159
406,159
407,161
408,162
408,165
407,166
406,167
405,168
403,168
402,168
401,167
400,166
end box32
789,159
790,158
791,158
792,158
793,159
793,159
794,160
794,164
793,165
792,166
791,167
790,166
789,165
end box33
592,172
593,172
594,171
595,172
596,172
596,173
597,174
597,178
596,179
595,180
594,181
593,181
592,179
end box34
368,164
369,164
370,163
371,164
372,164
373,165
374,166
374,169
374,171
373,173
372,173
370,174
369,173
368,172
367,171
end box35
367,173
368,173
370,173
371,173
372,174
373,175
373,180
372,181
370,181
369,182
368,181
367,181
366,180
end box36
757,171
757,171
758,170
759,170
760,170
761,170
762,171
762,172
762,173
762,174
762,175
762,176
761,177
760,178
759,179
758,178
757,177
756,176
end box37
589,142
593,142
594,143
594,144
595,149
594,150
593,151
591,151
590,151
589,150
end box38
543,145
545,145
546,145
547,145
548,146
549,147
550,148
549,149
549,151
549,152
548,153
547,154
545,154
544,154
543,153
542,152
541,151
end box39
835,160
836,158
837,157
839,156
841,155
843,155
844,155
847,156
849,157
849,159
850,161
850,164
850,166
849,168
848,170
845,171
843,172
840,171
838,171
836,169
835,167
835,165
835,163
end box40
675,113
676,113
677,113
678,112
679,113
680,121
679,122
677,122
676,122
675,121
end box41
739,142
739,142
741,142
741,142
742,143
742,148
741,148
740,149
739,148
738,148
end box42
607,158
608,157
610,157
611,157
612,158
612,159
612,163
612,165
611,165
609,166
608,165
607,165
end box43
693,130
694,130
695,129
696,129
697,130
697,130
697,136
696,137
695,137
694,137
693,136
end box44
589,142
593,142
594,143
594,144
595,149
594,150
593,151
591,151
590,151
589,150
end box45
708,125
709,125
710,124
711,124
712,125
712,125
712,131
711,132
710,132
709,132
708,131
end box46
end total47boxes
