447,187
450,184
453,181
456,179
460,179
469,179
473,179
477,180
481,183
484,187
485,193
485,198
482,202
475,202
470,202
459,202
454,202
449,201
446,197
446,192
end box0
317,188
321,185
325,183
329,182
342,182
345,183
351,185
356,188
359,194
357,199
351,202
344,201
340,201
328,200
322,200
316,198
315,194
end box1
964,239
960,226
963,212
965,190
975,157
996,119
1013,123
1032,164
1043,193
1044,213
1045,228
1043,240
1042,250
1038,260
1036,270
1037,293
1038,338
1021,363
986,366
970,342
970,295
971,272
969,260
966,250
end box2
135,209
135,204
136,199
138,191
142,182
148,170
156,172
163,183
167,192
169,199
170,204
172,209
172,214
171,219
170,225
172,239
168,250
159,253
146,254
137,250
137,233
137,224
135,219
135,214
end box3
880,254
881,248
881,240
883,229
889,218
898,205
909,206
918,217
924,230
926,240
926,248
928,254
929,261
928,268
927,276
924,285
920,300
911,314
897,312
889,296
887,280
883,273
881,267
880,260
end box4
900,241
901,235
901,227
902,216
907,202
917,187
929,187
938,202
943,216
946,226
946,234
948,241
949,248
948,255
947,264
944,275
941,292
931,306
915,305
905,290
904,270
902,261
900,254
900,247
end box5
733,112
733,110
734,109
748,108
750,110
750,112
750,115
750,117
749,120
735,121
733,119
732,117
end box6
726,110
726,108
727,107
729,106
731,106
732,105
734,105
737,106
738,107
739,109
740,111
740,114
740,116
739,118
738,120
735,121
733,121
730,121
728,120
726,119
726,117
725,115
725,113
end box7
493,159
494,158
496,158
497,159
498,160
498,167
497,168
495,169
494,168
493,168
end box8
727,126
734,124
735,125
736,126
737,128
737,131
736,133
735,134
733,135
728,134
727,133
726,132
end box9
680,141
681,142
682,143
682,144
682,146
682,148
681,149
680,149
678,150
677,149
676,149
675,148
end box10
738,94
739,94
742,94
743,94
744,95
745,96
745,98
745,101
745,103
744,104
742,105
740,105
739,105
737,104
736,103
end box11
509,138
510,135
512,134
514,134
517,133
519,134
522,134
524,136
524,139
524,146
524,149
523,152
520,153
517,154
514,153
511,153
509,150
509,148
end box12
64,20
65,6
102,7
104,18
106,81
103,93
65,91
66,75
end box13
510,129
511,128
522,127
525,128
526,131
525,142
524,144
513,144
510,143
509,140
end box14
727,111
727,110
728,109
733,109
735,109
736,110
737,112
736,113
736,115
736,117
735,118
733,118
731,118
730,118
728,118
727,117
727,116
end box15
388,196
388,193
389,190
390,186
392,179
396,171
401,169
406,177
409,183
410,188
411,192
411,196
411,199
410,202
409,205
409,212
407,221
403,226
395,225
391,219
390,209
390,204
389,201
388,199
end box16
577,156
578,155
579,155
580,155
581,156
582,157
582,164
581,165
579,166
578,165
577,164
end box17
end total18boxes
