550,205
550,200
555,194
559,190
588,191
592,194
596,200
598,204
598,212
599,220
597,227
592,229
554,231
549,229
549,219
551,212
end box0
497,195
500,193
502,189
504,187
507,186
522,186
524,188
527,192
529,195
529,200
529,205
528,210
524,211
506,210
501,211
498,210
498,204
497,200
end box1
804,197
811,191
820,188
826,188
847,188
854,188
862,191
870,197
876,207
872,214
860,216
849,216
843,215
830,216
823,216
812,217
801,214
801,206
end box2
925,204
930,197
938,194
945,193
969,193
975,193
983,198
989,204
993,213
990,221
980,224
970,224
949,224
943,224
933,224
924,220
924,212
end box3
915,207
915,206
917,204
918,202
920,202
928,202
930,202
932,205
933,207
933,210
933,213
932,216
929,216
926,217
921,217
919,217
916,217
914,215
914,212
914,210
end box4
1032,28
1034,22
1050,12
1055,9
1060,8
1066,11
1083,21
1085,28
1085,35
1084,42
1081,49
1060,56
1055,56
1039,54
1035,49
1032,42
1032,35
end box5
548,161
549,161
549,162
550,163
550,164
550,165
550,167
549,168
547,168
546,168
545,168
544,168
543,167
end box6
545,175
546,175
548,174
549,175
550,176
551,177
552,178
551,179
551,181
551,182
550,183
549,184
547,184
546,184
545,183
544,182
543,181
end box7
540,180
541,178
542,177
542,175
544,174
546,174
547,173
549,174
551,174
553,175
554,177
555,179
555,182
554,184
554,186
552,188
550,189
548,189
545,189
543,189
541,187
540,185
540,183
540,181
end box8
723,190
724,190
726,190
727,190
728,191
728,197
728,198
726,198
725,199
724,198
723,198
722,197
end box9
548,187
549,186
550,186
551,186
552,187
553,188
554,189
554,194
553,195
552,196
550,196
549,196
548,195
547,194
546,193
end box10
490,189
491,187
492,187
493,187
494,187
495,187
496,188
497,189
497,194
496,195
494,195
493,196
492,196
491,195
490,194
489,193
end box11
495,177
496,176
499,176
500,176
501,177
502,178
503,179
503,180
503,182
503,183
501,185
500,185
498,185
497,185
495,184
495,183
494,182
end box12
479,176
480,176
481,176
482,176
483,176
484,177
484,178
485,179
485,180
485,181
485,183
484,184
483,185
481,185
480,185
479,184
478,183
end box13
524,179
532,177
533,178
534,179
534,180
534,182
534,184
532,184
527,184
525,183
525,182
525,181
end box14
487,180
487,178
488,177
490,175
492,175
497,174
500,175
502,176
503,178
504,180
504,183
505,186
504,189
501,190
499,191
496,190
491,190
488,189
487,188
486,185
486,183
end box15
449,179
455,178
456,179
457,180
457,185
457,187
456,188
454,189
452,189
451,189
449,188
448,187
end box16
461,209
462,208
463,207
464,207
466,208
467,208
468,209
469,210
469,213
469,215
469,217
468,218
466,219
464,219
463,219
461,218
460,217
end box17
545,188
545,187
546,186
547,185
549,184
550,184
552,184
554,185
555,186
556,188
556,195
554,197
553,198
551,198
548,198
547,197
545,196
544,194
544,193
544,191
end box18
456,186
457,186
458,187
458,194
457,195
455,195
452,195
450,195
449,194
end box19
1013,94
1012,90
1013,85
1012,75
1016,68
1023,63
1032,58
1043,56
1046,67
1047,125
1045,139
1033,135
1022,132
1015,125
1013,114
1013,106
1014,101
1013,97
end box20
294,100
295,100
300,99
301,100
301,113
300,115
298,115
295,115
294,114
end box21
end total22boxes
