196,196
196,194
198,193
199,192
201,192
208,192
210,192
212,194
213,196
214,199
214,202
212,204
209,205
207,204
200,205
198,205
196,203
195,201
194,199
end box0
167,194
168,192
169,192
173,192
174,192
175,193
175,194
175,195
175,197
175,198
174,199
172,199
169,199
168,198
167,197
end box1
181,197
181,195
183,193
185,192
186,192
193,192
195,192
197,194
198,196
199,199
199,202
197,204
194,205
191,204
185,205
183,205
181,203
180,201
180,199
end box2
212,196
212,194
214,193
216,192
218,192
225,192
227,192
230,194
231,196
232,199
231,202
230,205
227,205
217,205
215,205
212,204
211,201
211,199
end box3
365,133
366,129
368,124
370,121
374,119
379,116
383,116
388,117
392,120
395,123
398,127
399,132
399,137
399,142
399,150
396,153
389,154
383,156
378,155
372,154
366,153
363,149
364,141
364,137
end box4
222,173
223,174
224,175
224,176
224,178
224,180
223,181
221,181
219,181
218,181
217,180
end box5
end total6boxes
