736,209
744,202
751,195
758,191
765,190
772,191
779,190
785,191
793,192
802,194
812,199
817,209
818,220
814,229
806,235
792,235
785,235
779,236
772,236
765,237
756,237
744,235
735,230
734,221
end box0
871,247
916,212
954,192
994,188
1023,189
1043,186
1063,183
1088,178
1115,181
1154,188
1190,210
1228,245
1244,294
1229,323
1171,341
1122,345
1090,345
1020,333
985,339
935,339
874,323
858,294
end box1
96,228
138,196
179,181
217,181
243,183
261,184
276,184
295,182
314,186
350,187
391,199
436,230
454,276
437,298
369,307
320,303
296,302
243,298
219,301
171,305
108,296
90,273
end box2
428,197
435,190
445,187
473,188
479,189
488,192
500,197
506,208
502,214
486,216
430,213
426,206
end box3
811,222
820,213
827,203
835,196
845,194
855,195
864,194
873,195
887,194
903,196
912,205
910,220
903,246
895,254
872,257
863,259
855,260
845,261
830,262
815,260
808,249
808,236
end box4
856,233
865,219
874,206
887,198
901,196
914,196
927,195
939,196
957,196
976,199
985,213
985,232
984,249
982,266
971,278
951,280
938,284
926,287
914,288
900,288
884,286
860,284
852,270
853,251
end box5
816,285
856,230
901,199
955,189
1001,185
1035,183
1070,179
1107,178
1150,188
1206,197
1254,228
1285,284
1295,349
1278,398
1220,421
1154,432
1107,433
1071,430
1035,430
1001,428
949,430
875,428
821,400
806,349
end box6
507,193
507,191
507,189
509,187
511,187
518,187
520,188
522,189
524,191
525,193
525,196
525,199
524,202
522,203
519,204
516,203
513,203
511,203
509,202
507,200
506,196
end box7
525,195
525,193
526,191
527,189
529,188
530,187
533,187
535,187
537,188
539,190
540,192
540,194
540,197
540,199
540,202
538,204
536,205
533,205
530,205
528,204
526,203
525,201
525,198
525,196
end box8
621,195
622,193
623,191
624,190
626,189
634,189
636,190
637,192
638,194
638,197
637,199
637,202
634,203
632,203
630,203
627,204
625,204
623,203
621,201
621,199
621,197
end box9
631,197
632,194
634,191
637,189
640,189
643,189
649,189
652,189
655,190
658,193
660,197
660,201
660,205
658,209
654,210
649,209
643,209
640,209
636,209
632,208
631,204
631,200
end box10
539,193
539,191
540,189
541,187
543,187
544,185
547,185
549,186
551,187
552,188
553,190
554,192
554,195
554,197
553,200
552,201
550,203
547,203
544,202
542,202
540,200
539,198
539,196
539,194
end box11
485,191
486,188
490,187
501,188
504,188
506,190
510,192
512,195
513,199
513,203
511,206
507,208
503,208
499,208
end box12
492,191
494,189
496,189
502,190
504,190
506,191
508,193
509,195
510,198
510,201
509,204
507,205
504,205
501,205
end box13
553,189
552,187
554,185
555,184
557,183
564,183
566,184
568,186
568,188
569,191
568,193
568,196
566,197
563,197
556,197
554,196
553,195
552,193
552,190
end box14
501,192
502,188
504,185
507,184
510,184
519,184
522,184
525,186
528,188
530,192
531,196
531,200
528,204
524,206
520,206
516,205
510,204
507,203
503,202
502,199
501,195
end box15
591,181
592,179
598,179
599,180
599,181
600,182
600,184
600,185
598,186
593,186
592,185
591,184
591,183
end box16
578,180
582,180
583,180
584,181
584,182
584,183
584,184
584,186
583,187
581,187
579,187
578,187
577,186
576,185
end box17
721,194
721,193
721,191
721,189
722,186
724,182
727,181
730,183
731,186
732,190
732,192
732,194
731,195
731,197
731,198
730,201
730,206
727,209
724,210
722,204
722,200
721,198
721,196
721,195
end box18
690,188
691,187
692,187
694,187
695,188
696,189
696,198
694,199
693,200
691,199
689,198
end box19
690,177
691,176
692,175
693,176
694,177
695,178
696,184
695,185
694,187
692,188
691,187
690,185
end box20
end total21boxes
