747,210
754,201
759,191
770,189
780,189
787,189
794,188
801,190
809,191
821,192
830,199
834,210
836,222
836,234
829,240
810,240
802,241
795,243
787,242
780,240
771,240
753,239
745,234
744,222
end box0
482,160
483,156
486,151
489,148
494,148
498,147
503,147
507,147
513,147
516,150
519,156
520,160
520,165
520,171
519,177
515,179
508,178
498,177
493,179
486,180
483,177
482,171
483,165
end box1
529,149
534,148
535,149
536,150
536,151
537,152
536,154
536,155
535,156
534,156
532,157
531,156
530,156
529,155
528,154
end box2
491,145
491,143
493,142
494,140
497,140
505,140
507,140
509,143
510,145
510,148
510,151
509,154
506,154
496,155
493,155
491,153
490,150
491,148
end box3
491,147
492,144
494,141
496,139
499,138
512,138
515,140
517,143
519,146
518,151
519,155
517,159
513,160
498,160
494,160
491,158
490,154
491,150
end box4
523,152
524,150
525,148
526,147
528,147
535,147
537,148
538,149
540,151
540,154
540,157
539,159
537,160
534,160
527,160
525,159
523,158
523,156
523,154
end box5
524,154
525,153
525,152
526,151
531,151
532,152
533,153
534,154
534,155
534,157
534,159
532,159
531,159
527,159
525,159
525,158
end box6
544,153
545,153
545,153
546,153
547,153
548,153
548,153
549,154
549,155
549,156
549,157
549,158
548,159
547,159
546,160
545,159
544,159
543,158
543,158
end box7
1052,49
1055,39
1065,40
1119,40
1121,48
1120,81
1117,86
1105,87
1097,89
1090,88
1084,89
1076,89
1067,87
1056,87
1055,80
end box8
482,158
482,157
483,157
484,157
485,157
486,157
487,158
487,159
488,160
488,161
487,162
487,164
487,165
485,165
484,166
483,165
482,165
481,163
end box9
653,159
654,159
655,158
656,158
657,158
658,159
659,159
660,161
660,164
660,166
659,167
658,168
656,169
655,169
654,167
653,166
end box10
595,192
596,191
597,191
598,191
599,192
600,193
600,200
599,201
597,202
596,201
595,200
end box11
652,157
653,156
655,155
657,155
658,155
660,156
661,158
662,160
662,165
662,167
661,170
659,172
657,172
654,172
652,170
651,168
651,166
end box12
576,156
576,155
577,155
578,155
579,155
580,155
581,156
581,157
582,158
582,159
581,160
582,162
581,163
579,163
578,164
577,164
576,163
575,162
end box13
657,190
658,189
659,189
660,189
661,190
662,191
662,196
662,198
661,199
659,199
658,199
657,198
end box14
579,145
579,145
580,145
581,145
581,145
582,146
582,146
582,147
582,148
582,149
582,150
582,151
581,151
580,152
579,151
578,150
578,150
end box15
478,160
478,159
479,158
480,157
482,156
483,156
485,156
487,157
488,158
489,160
489,162
489,163
489,165
489,168
488,169
486,171
484,171
481,170
479,170
478,168
477,167
477,165
477,163
end box16
655,171
656,170
657,170
658,170
659,171
660,172
661,178
660,179
659,180
657,181
656,180
655,179
end box17
582,172
583,171
584,170
585,170
587,169
588,170
588,171
589,173
589,175
589,176
589,178
588,179
587,181
585,181
584,180
583,179
582,178
end box18
646,145
647,145
648,145
649,144
650,145
651,146
652,152
651,153
650,154
648,154
647,154
646,153
end box19
end total20boxes
