329,195
331,188
335,183
341,182
347,182
366,182
373,183
377,188
380,194
382,202
381,210
376,214
367,214
361,214
356,214
351,214
346,214
340,214
332,213
328,208
328,201
end box0
59,205
78,191
96,184
112,182
123,182
149,183
161,182
179,183
198,189
214,205
218,225
212,240
187,248
86,249
62,240
55,227
end box1
535,226
540,203
555,181
571,164
596,161
620,160
640,158
664,161
687,165
704,181
719,202
719,226
724,254
722,281
714,307
689,309
659,307
639,310
620,308
600,306
567,311
544,308
536,281
536,253
end box2
791,178
793,177
798,177
800,178
800,179
801,186
799,188
797,188
793,188
792,188
791,187
end box3
648,155
653,155
654,156
655,164
654,165
652,166
649,166
647,165
646,164
end box4
655,157
656,157
657,157
659,156
660,157
661,158
661,165
660,167
659,168
657,168
656,168
654,167
end box5
789,177
791,176
801,176
802,177
803,190
802,193
799,194
790,193
788,192
end box6
605,108
606,107
607,107
608,107
609,108
610,109
611,110
611,115
610,116
609,117
607,117
606,117
605,116
604,115
end box7
801,185
802,186
802,193
801,194
799,195
794,194
793,193
end box8
666,146
666,148
666,151
666,152
665,154
end box9
543,105
544,105
547,105
548,105
548,115
547,116
544,116
542,115
end box10
607,121
608,120
609,120
611,120
612,121
613,122
612,131
611,132
609,133
608,132
606,131
end box11
end total12boxes
