584,178
585,175
587,172
589,170
592,169
601,169
605,169
607,171
609,175
611,178
611,181
611,186
610,191
607,192
602,191
591,191
587,191
584,190
584,185
584,181
end box0
474,179
475,177
476,175
477,173
479,173
485,172
487,173
489,174
490,176
491,178
491,181
491,184
490,186
488,188
485,188
480,188
478,188
475,187
474,185
474,183
474,181
end box1
460,180
460,178
461,177
462,175
464,175
469,174
471,175
473,176
474,177
475,179
475,182
475,184
474,187
472,187
470,188
467,187
465,188
463,188
461,187
460,186
459,184
459,181
end box2
543,175
545,173
545,173
549,173
550,173
550,174
551,175
551,176
551,177
551,179
550,179
548,180
547,180
546,179
545,179
544,179
543,178
end box3
559,175
561,173
565,173
566,173
566,174
567,175
567,176
567,177
567,179
566,179
564,179
562,179
561,179
560,179
559,178
559,177
end box4
468,179
469,176
472,174
474,172
477,172
484,172
488,172
490,173
493,175
495,179
496,183
496,187
494,190
489,191
485,191
476,191
472,191
469,190
467,186
467,183
end box5
382,132
383,131
384,130
385,131
386,132
387,133
387,134
387,135
388,136
388,137
388,139
387,141
386,142
385,143
383,142
381,141
end box6
510,176
511,175
512,175
514,175
515,175
516,176
517,177
517,178
517,179
517,180
517,182
516,183
515,184
513,184
512,183
511,183
510,182
509,181
end box7
498,159
499,159
499,160
500,161
500,162
500,163
500,165
499,166
498,166
496,166
495,166
494,166
493,165
end box8
479,158
483,158
483,158
484,159
484,160
484,161
484,162
484,163
484,165
482,165
481,165
480,165
479,164
end box9
492,175
493,174
494,173
495,173
496,173
497,174
498,175
498,176
499,177
499,178
499,179
499,181
498,182
497,183
495,183
494,183
493,182
492,181
492,180
end box10
463,158
464,157
465,157
466,157
467,158
467,158
468,159
468,160
468,162
468,163
468,164
466,165
465,165
464,165
463,164
end box11
447,172
448,171
449,171
451,171
452,171
453,172
454,173
454,178
453,179
452,179
450,180
449,179
448,179
447,178
end box12
448,159
449,158
451,158
452,158
453,159
453,160
454,161
454,163
454,165
453,166
452,166
450,167
449,166
448,166
447,164
end box13
622,144
623,146
625,147
624,152
624,154
622,155
612,154
611,153
end box14
506,178
507,176
507,175
508,173
510,172
512,172
515,172
517,172
519,174
520,175
521,177
521,180
521,182
520,184
518,186
516,187
514,187
511,187
509,187
507,185
506,183
506,181
506,179
end box15
517,163
518,163
519,164
520,165
520,166
520,168
519,169
518,170
517,170
514,170
513,170
512,169
end box16
494,148
495,147
497,147
498,147
499,148
499,149
500,150
500,151
500,152
499,154
499,155
498,156
496,156
495,155
494,155
end box17
480,174
481,174
482,173
484,173
485,174
486,175
487,176
488,177
487,178
488,180
487,181
486,182
485,183
483,183
482,183
481,182
480,181
479,180
end box18
719,205
719,203
719,202
719,199
720,196
722,195
725,194
728,194
730,197
729,201
729,203
729,205
730,206
730,208
730,211
730,215
728,218
725,219
722,218
720,216
718,213
718,210
719,208
719,206
end box19
713,179
713,176
714,172
715,168
718,162
722,155
727,154
732,160
735,166
737,171
738,175
738,179
737,182
736,185
734,188
733,192
731,199
728,206
721,204
718,197
717,190
716,187
715,185
713,182
end box20
718,197
717,195
718,193
718,190
719,186
722,182
726,181
729,183
731,188
731,191
731,194
731,197
731,198
730,200
730,203
729,206
729,211
726,214
721,214
719,209
719,204
718,202
718,200
718,198
end box21
395,153
396,153
398,153
399,153
400,154
400,159
400,161
399,161
397,162
396,161
395,161
end box22
494,148
495,147
497,147
498,147
499,148
499,149
500,150
500,151
500,152
499,154
499,155
498,156
496,156
495,155
494,155
end box23
562,142
562,142
564,142
564,142
565,143
566,147
565,148
564,148
563,149
562,148
561,148
end box24
end total25boxes
