6,227
10,218
15,211
21,206
31,206
38,207
45,207
52,208
60,209
66,213
72,219
78,227
80,237
79,248
74,255
64,258
53,257
45,257
38,257
31,257
20,258
13,254
9,245
8,236
end box0
117,209
119,206
122,204
126,203
139,203
143,204
147,206
150,209
150,214
150,219
147,222
142,223
124,222
119,222
117,218
116,214
end box1
556,179
556,178
558,176
559,174
561,174
569,174
571,175
572,177
573,179
573,182
573,185
573,188
570,189
567,189
562,189
560,189
557,188
556,187
555,184
556,182
end box2
574,174
575,173
579,173
580,174
581,175
582,176
582,177
581,179
582,180
580,181
579,181
577,182
576,182
574,181
573,180
573,179
end box3
204,211
211,205
217,201
223,201
228,201
232,200
235,201
239,201
244,201
249,201
256,205
264,211
268,219
265,226
255,228
246,229
240,229
231,229
227,229
221,229
212,228
202,225
201,218
end box4
560,175
561,175
564,175
565,175
566,176
567,177
568,178
568,179
567,181
568,182
566,183
565,184
563,184
562,184
561,183
560,182
559,181
end box5
319,198
321,194
324,191
327,191
338,191
341,191
344,192
348,194
351,198
353,202
353,207
349,210
343,210
339,211
336,210
323,208
320,206
319,202
end box6
586,177
586,175
588,173
589,172
591,171
599,171
600,172
602,174
603,176
603,179
603,182
602,184
600,185
590,185
588,185
586,183
585,181
585,179
end box7
571,178
571,176
573,174
574,173
576,172
584,172
586,173
587,175
588,177
588,180
588,183
587,185
584,186
575,187
572,186
571,185
570,182
571,180
end box8
369,196
370,193
372,189
375,188
378,187
381,187
384,187
387,187
390,188
393,189
396,192
398,196
398,200
398,204
396,208
392,210
388,210
384,210
381,209
378,209
374,208
371,206
370,203
369,199
end box9
513,174
514,174
517,174
518,174
519,175
520,176
520,183
519,184
517,185
515,186
514,185
512,184
511,183
end box10
532,173
533,174
534,175
534,179
534,180
533,181
532,182
529,182
528,181
527,180
end box11
786,122
788,121
791,120
793,121
795,122
795,138
794,140
791,141
788,140
786,138
end box12
626,177
626,177
630,176
631,177
632,178
632,179
632,180
632,181
632,183
631,184
630,184
628,184
627,184
626,184
625,183
end box13
33,195
33,193
34,192
35,191
36,190
38,189
39,189
41,189
43,190
44,191
45,193
46,195
46,196
46,199
45,201
44,202
42,204
40,204
37,204
35,203
34,202
33,200
33,198
33,196
end box14
481,175
482,174
483,173
484,173
485,173
486,174
487,175
488,176
488,177
488,178
488,179
488,181
487,182
486,183
484,184
483,183
482,182
481,181
end box15
857,19
860,16
865,15
869,16
870,53
866,54
860,53
857,48
end box16
460,175
460,173
461,171
463,169
465,169
472,168
475,169
477,170
478,172
480,175
480,178
480,181
479,184
476,186
473,187
470,187
467,186
464,186
462,185
460,183
460,180
460,178
end box17
563,109
564,108
566,108
568,109
568,110
568,118
567,118
565,119
564,118
563,118
end box18
445,192
445,189
446,188
448,186
450,185
451,184
454,184
456,184
458,185
460,186
462,189
463,191
463,194
463,197
462,200
460,201
457,202
454,202
451,202
449,202
446,201
445,198
445,196
444,194
end box19
36,191
36,191
37,190
38,189
39,189
40,189
41,190
42,191
43,192
43,193
43,194
43,196
43,197
42,198
41,199
39,199
38,199
37,198
36,197
35,196
end box20
452,188
453,187
455,185
456,184
458,183
461,183
463,183
465,184
467,186
468,188
469,190
469,193
469,195
468,198
466,200
464,201
461,201
458,201
456,201
454,199
453,197
end box21
642,190
642,189
643,188
644,188
645,189
646,189
647,190
647,191
647,193
647,194
647,195
646,196
645,197
644,198
643,197
642,196
end box22
867,17
872,16
877,18
881,20
884,23
885,28
884,33
884,38
884,40
884,44
884,49
882,54
877,58
871,59
866,58
end box23
1001,100
1002,95
1006,94
1010,96
1014,99
1017,100
1017,104
1017,108
1017,110
1017,113
1017,115
1017,119
1017,123
1014,126
1011,130
1006,131
1001,130
end box24
593,157
593,157
595,157
596,158
596,158
596,162
596,163
595,163
594,163
593,163
592,162
end box25
820,133
824,132
827,132
831,134
833,137
833,140
833,143
833,145
833,147
833,149
833,152
833,156
831,161
828,164
823,163
820,162
end box26
465,123
466,123
467,123
469,123
470,123
470,125
470,132
469,133
467,134
466,134
465,133
end box27
991,96
995,92
1000,91
1006,94
1010,98
1014,99
1015,104
1015,109
1016,112
1016,115
1016,119
1015,123
1015,129
1011,131
1006,136
1000,136
993,137
992,130
end box28
800,144
802,143
803,143
805,143
806,144
807,155
806,157
804,158
801,157
800,156
end box29
800,144
801,142
803,141
806,141
808,141
810,142
811,144
810,157
809,159
806,160
803,160
801,159
800,156
end box30
758,160
759,159
761,159
762,159
762,160
763,165
762,166
761,167
760,167
759,167
758,166
end box31
end total32boxes
