732,204
737,190
751,173
762,160
778,159
796,160
810,159
827,161
847,161
861,169
874,187
875,203
873,224
870,245
865,263
848,266
824,260
810,261
796,264
777,269
748,277
733,271
730,248
732,226
end box0
365,196
365,191
364,184
366,175
370,163
378,147
388,149
396,161
401,173
402,183
402,190
403,196
402,201
402,207
401,213
400,223
399,242
390,252
376,252
369,234
369,217
367,210
366,206
365,201
end box1
750,131
750,129
751,127
752,126
754,125
756,125
757,124
759,124
761,125
763,126
764,128
765,130
765,133
765,135
764,138
762,139
760,140
758,141
755,140
753,140
751,139
750,136
750,134
750,132
end box2
534,180
534,178
535,176
536,175
538,174
540,172
543,172
545,172
547,174
549,175
551,178
551,180
552,183
552,186
551,189
549,191
546,193
543,193
540,192
538,191
535,189
534,187
533,185
533,183
end box3
595,157
599,157
600,158
601,159
601,164
600,165
599,166
596,165
595,165
end box4
640,174
641,173
646,173
647,174
648,175
649,177
648,178
648,180
648,182
647,183
645,184
643,184
642,184
640,183
639,182
end box5
556,160
557,159
559,159
561,160
561,160
561,169
560,169
558,170
557,170
555,169
end box6
595,145
596,144
598,144
600,144
601,145
601,146
602,151
602,152
601,154
599,155
597,155
596,154
594,154
593,153
end box7
762,143
763,145
763,148
762,150
753,150
752,149
end box8
end total9boxes
