551,188
551,183
556,177
559,173
565,173
571,173
576,173
581,174
588,174
590,178
594,184
597,188
597,195
598,202
596,209
590,211
582,210
576,208
571,208
565,210
557,211
552,209
551,201
551,195
end box0
732,232
739,216
752,196
766,184
784,184
804,185
819,184
836,186
857,186
874,194
891,213
894,231
893,254
892,279
885,296
858,297
835,293
818,291
804,292
786,296
760,302
734,300
728,281
729,256
end box1
693,187
692,182
697,176
700,171
705,170
712,170
717,170
723,171
730,171
732,176
735,183
737,187
737,194
736,200
736,208
733,212
723,209
703,212
693,215
693,210
693,200
694,193
end box2
600,181
600,177
602,174
605,171
609,171
618,172
622,172
624,175
627,177
628,180
629,185
629,189
627,193
624,195
619,195
615,194
612,193
609,193
606,192
603,191
602,187
601,184
end box3
471,192
472,185
476,180
483,179
490,179
494,179
499,180
503,180
509,180
514,183
518,187
523,193
525,200
524,208
520,212
510,212
504,213
499,212
494,212
490,212
485,211
477,209
473,205
472,199
end box4
623,179
623,177
624,175
626,175
628,175
629,175
631,175
633,176
634,178
635,179
635,181
636,183
636,185
636,187
634,189
632,189
630,189
628,188
626,188
624,187
end box5
592,190
593,188
595,187
597,187
599,187
601,188
603,189
604,190
605,192
606,193
607,196
607,198
606,201
605,202
602,203
600,203
598,202
596,201
end box6
595,186
595,183
597,180
600,178
603,177
609,177
612,178
615,178
616,181
619,183
621,186
621,189
622,193
620,197
617,199
613,199
603,197
600,197
598,195
596,189
end box7
586,187
588,184
590,182
594,182
596,182
599,182
601,182
604,183
606,185
609,187
609,190
610,193
610,197
609,201
606,203
603,203
599,202
596,201
594,201
end box8
614,178
613,175
615,173
617,171
620,171
622,171
625,171
627,171
630,172
631,174
634,176
634,178
635,181
635,185
634,188
632,189
628,190
625,189
622,188
620,188
617,187
616,186
615,183
614,181
end box9
603,186
603,184
605,182
607,181
613,182
615,183
617,185
619,186
620,188
620,191
620,194
620,197
618,198
614,198
612,198
609,197
607,197
605,196
end box10
700,177
701,174
704,171
706,168
709,168
724,168
727,170
731,173
731,177
730,182
730,186
728,190
724,192
708,193
703,193
701,191
700,186
700,181
end box11
690,173
690,172
691,172
692,171
693,172
694,172
695,173
696,174
696,175
696,176
696,177
696,179
695,179
693,180
692,181
691,181
690,180
689,179
688,178
end box12
688,176
688,174
689,173
690,172
691,171
693,170
694,170
696,170
698,170
700,171
701,173
702,175
701,178
701,180
700,182
698,183
696,183
694,184
692,185
690,185
688,184
687,182
687,179
687,177
end box13
629,176
629,176
630,175
631,175
632,175
632,176
633,177
633,177
634,178
634,179
634,180
634,181
633,182
632,183
631,183
630,183
629,182
end box14
642,159
642,158
643,158
643,158
644,159
645,159
645,159
645,160
645,161
645,162
645,163
645,163
644,164
643,164
642,164
641,163
end box15
645,146
646,145
646,145
647,145
648,145
648,145
649,145
650,146
650,147
650,148
650,149
650,150
649,151
648,152
647,152
646,152
645,151
645,150
end box16
779,170
784,170
785,171
786,179
785,181
783,181
780,181
778,181
777,179
end box17
821,108
822,106
828,105
832,106
834,107
834,109
835,111
835,114
835,116
834,119
833,120
830,121
828,121
825,121
823,121
821,120
820,118
end box18
449,203
450,202
451,202
453,202
454,203
455,204
454,213
453,214
452,214
450,214
448,213
end box19
710,144
711,143
712,143
713,143
714,144
714,144
714,145
715,148
715,149
714,150
713,151
712,151
711,151
710,150
end box20
724,140
725,140
726,140
727,140
728,140
728,141
729,142
729,146
728,147
727,148
726,148
725,148
724,147
end box21
567,157
568,156
569,156
570,156
571,157
571,157
571,163
570,164
569,164
568,164
567,163
end box22
572,153
573,152
574,152
575,153
576,153
577,154
577,161
576,162
574,162
573,162
572,161
end box23
end total24boxes
