386,202
390,195
397,184
402,176
412,176
423,176
432,175
443,175
452,177
460,183
470,193
472,201
469,214
469,227
466,239
456,241
441,238
431,237
423,237
414,238
399,241
389,239
387,226
387,215
end box0
700,102
701,98
703,95
705,91
709,89
713,89
717,88
721,89
725,90
728,93
730,97
732,101
732,106
732,111
730,116
727,119
722,120
717,121
712,121
707,121
703,118
700,115
700,110
700,105
end box1
701,65
703,62
725,61
728,64
729,88
726,91
702,91
700,87
end box2
707,126
708,124
724,123
727,125
726,134
725,137
707,136
end box3
end total4boxes
