681,204
687,194
697,185
706,179
716,178
726,178
735,178
744,179
756,180
766,183
778,192
781,203
781,218
779,232
772,241
756,241
743,239
734,239
726,240
716,242
702,243
688,242
682,232
682,218
end box0
-15,275
-2,245
23,216
52,204
83,204
111,206
134,209
161,211
186,215
210,228
241,252
260,279
270,319
262,352
239,379
207,388
42,385
14,379
-11,350
-17,316
end box1
945,192
971,180
986,171
999,168
1010,167
1019,167
1028,166
1037,166
1050,165
1069,166
1091,173
1108,190
1110,212
1102,226
1075,233
1051,232
996,231
971,232
944,226
939,213
end box2
1118,188
1125,175
1135,162
1146,155
1161,156
1173,157
1184,157
1196,157
1211,155
1229,158
1240,170
1243,186
1240,204
1239,222
1232,236
1213,236
1195,233
1184,233
1174,231
1163,231
1144,236
1124,235
1117,223
1117,206
end box3
449,202
453,195
458,187
465,185
472,185
479,186
484,186
490,186
497,186
504,189
510,195
516,202
519,212
519,221
512,226
499,227
491,226
484,224
479,224
473,225
465,225
454,224
448,220
447,211
end box4
879,192
895,183
907,175
916,170
926,169
934,169
942,169
950,170
963,169
981,169
998,174
1002,190
999,207
993,219
976,225
950,226
934,228
925,229
911,230
892,230
875,223
874,210
end box5
665,191
665,189
667,188
669,187
678,186
681,187
684,188
685,191
685,194
684,197
683,199
679,199
670,200
667,200
665,199
664,196
664,194
end box6
488,183
491,176
498,174
506,174
512,174
517,174
523,175
529,176
534,179
537,186
542,191
543,199
543,207
540,214
533,217
525,217
518,215
512,214
end box7
181,245
199,217
222,200
247,191
271,190
292,194
310,195
330,192
353,194
375,205
401,221
419,247
427,280
423,308
395,324
366,340
339,338
313,327
291,325
268,332
241,333
211,325
185,306
179,278
end box8
790,191
792,187
795,184
798,182
801,181
805,181
812,181
816,180
821,182
824,185
826,190
827,195
826,201
823,205
817,206
812,206
808,206
804,206
800,207
795,206
790,205
788,201
788,195
end box9
762,176
766,169
772,166
780,165
785,164
805,163
812,164
819,168
823,176
823,184
819,190
789,197
784,198
777,198
770,196
762,191
761,184
end box10
715,156
716,157
717,158
717,163
716,164
715,165
712,165
711,164
710,163
end box11
547,174
551,174
552,175
553,176
554,177
554,178
554,180
553,181
552,182
551,183
548,183
547,182
546,181
end box12
556,189
557,189
558,188
560,188
561,189
562,190
563,191
564,192
564,193
564,195
563,196
562,197
561,198
559,198
558,198
556,198
556,196
end box13
555,179
556,179
559,179
560,179
561,180
562,181
563,182
563,183
563,185
563,186
562,188
560,188
558,188
557,188
555,188
554,187
554,185
end box14
656,174
660,174
660,174
661,179
660,180
659,181
658,181
657,181
656,180
end box15
551,191
552,189
553,187
554,186
556,186
559,186
561,186
562,187
564,188
565,190
566,192
566,195
566,197
565,199
564,202
562,203
559,203
556,203
554,202
552,200
551,198
end box16
548,189
549,188
550,189
551,189
552,189
553,190
553,191
554,192
553,193
553,194
553,196
553,197
551,197
550,198
549,197
548,197
end box17
420,187
421,187
422,187
423,187
424,187
425,188
425,189
425,193
424,194
424,195
422,196
421,195
420,195
end box18
end total19boxes
