346,218
355,205
365,190
377,181
391,178
406,179
419,177
433,178
451,179
468,184
480,199
482,216
479,235
476,254
467,264
445,267
432,269
418,268
406,268
393,269
377,269
352,268
344,256
344,237
end box0
698,208
705,201
711,192
717,187
725,185
734,185
741,185
749,185
759,186
768,190
777,197
779,207
778,218
776,229
771,236
757,236
748,237
741,237
734,238
725,239
714,240
701,238
697,231
696,219
end box1
474,195
477,189
483,185
489,184
494,184
506,185
512,185
517,186
523,190
529,195
532,203
530,211
523,214
514,214
508,214
494,214
488,214
480,213
474,209
473,203
end box2
745,215
774,157
807,108
858,85
916,75
964,73
1015,66
1065,65
1130,71
1196,87
1226,142
1243,209
1248,286
1236,354
1197,392
1112,398
1058,403
1013,404
968,396
927,386
874,382
794,373
750,348
741,285
end box3
521,180
522,176
523,173
526,170
530,170
533,170
539,170
543,170
547,172
549,176
551,179
551,184
551,188
549,193
545,195
540,194
536,194
533,194
529,194
525,193
522,191
521,187
520,183
end box4
520,190
521,186
522,183
525,180
528,179
532,179
535,180
538,180
543,180
545,183
548,186
549,190
549,194
549,198
547,202
544,205
539,205
535,205
532,204
528,204
525,202
522,200
520,197
520,193
end box5
636,181
637,179
638,177
639,176
641,175
643,174
646,174
649,175
651,176
652,178
653,180
653,183
652,185
652,188
649,189
647,189
645,190
642,190
640,190
637,189
636,187
636,185
636,183
end box6
650,187
651,184
653,181
656,178
659,178
670,178
674,177
678,179
681,183
682,187
681,192
681,197
679,201
675,202
658,203
653,203
650,201
649,196
649,192
end box7
648,192
650,187
656,183
661,180
666,180
670,181
679,180
685,180
690,181
695,187
698,192
699,199
697,206
693,211
687,213
680,212
664,213
656,214
651,213
647,206
648,199
end box8
634,181
635,178
637,176
639,174
642,173
644,173
649,173
653,173
656,174
658,177
659,181
659,184
659,188
657,191
654,193
650,193
647,193
644,194
640,194
637,193
634,191
633,188
633,184
end box9
725,171
725,170
726,169
727,169
728,169
729,170
730,171
730,172
731,173
731,174
731,175
731,177
730,178
729,179
726,179
725,178
724,177
end box10
752,127
753,125
764,126
766,128
767,142
765,145
753,146
751,144
end box11
751,140
752,139
764,138
765,139
766,153
765,155
751,154
end box12
777,154
778,155
778,157
778,160
778,162
776,163
772,163
770,163
769,162
end box13
556,178
556,176
557,174
558,173
560,172
562,171
564,171
565,171
567,172
569,173
570,175
571,177
571,180
571,182
571,185
569,187
566,188
564,187
561,187
559,186
558,185
556,183
556,181
556,179
end box14
615,143
616,144
617,145
617,150
616,151
615,151
613,152
612,151
611,151
610,150
end box15
753,145
765,144
766,145
766,154
764,155
753,155
753,153
end box16
562,176
563,176
564,175
565,175
566,175
567,176
568,177
569,178
570,179
570,180
570,182
570,183
568,184
567,185
565,185
564,185
563,184
562,183
561,182
end box17
611,159
612,158
613,158
614,158
615,159
616,160
616,167
615,168
613,169
612,168
611,167
end box18
end total19boxes
