168,204
181,195
194,190
204,188
211,188
237,188
248,189
264,193
275,203
278,218
272,228
254,232
239,231
188,232
171,227
166,218
end box0
390,191
391,188
393,185
396,183
399,183
408,182
411,183
414,184
417,187
419,190
420,195
420,199
418,203
413,204
409,204
398,204
394,204
390,203
389,199
389,194
end box1
611,174
611,174
612,173
613,173
614,173
615,173
616,174
616,175
617,176
617,177
616,178
617,180
616,181
615,182
613,182
612,182
611,181
610,180
end box2
660,177
660,176
661,175
662,175
663,175
664,176
665,177
665,178
665,180
665,181
666,183
665,184
664,185
662,185
661,185
660,184
659,183
end box3
593,160
594,160
595,160
596,160
596,160
597,160
598,161
598,162
598,164
598,165
597,166
596,167
595,167
594,167
593,166
end box4
663,187
664,186
665,185
667,185
668,187
668,188
668,189
669,194
668,195
667,196
665,197
664,197
663,195
662,194
end box5
624,175
624,175
625,174
626,174
627,174
628,175
629,175
629,176
629,177
629,178
629,179
629,181
629,181
627,182
626,182
625,182
624,181
623,180
end box6
609,90
613,86
652,86
658,88
658,131
654,135
611,136
608,130
end box7
599,127
600,126
602,126
603,127
604,128
604,135
603,136
601,137
600,136
599,135
end box8
593,160
594,160
595,160
596,160
596,160
597,160
598,161
598,162
598,164
598,165
597,166
596,167
595,167
594,167
593,166
end box9
end total10boxes
