949,219
980,201
999,188
1017,183
1032,181
1045,180
1058,178
1071,179
1090,179
1116,181
1144,190
1162,217
1159,243
1148,262
1113,268
1081,265
1069,270
1058,277
1044,278
1030,276
1016,272
979,273
944,266
941,246
end box0
1123,256
1120,246
1122,237
1124,222
1129,196
1144,155
1161,145
1179,171
1187,206
1188,229
1188,243
1186,255
1185,264
1183,273
1181,284
1184,310
1184,354
1167,368
1133,368
1120,348
1121,302
1125,280
1124,271
1122,263
end box1
1136,96
1137,93
1138,89
1140,87
1143,85
1147,84
1150,84
1154,84
1158,85
1160,88
1162,92
1163,96
1163,99
1163,104
1161,107
1159,111
1155,113
1151,113
1146,113
1142,112
1140,109
1137,106
1136,103
1136,99
end box2
910,184
914,175
921,174
926,183
927,234
922,239
912,239
909,232
end box3
1140,114
1141,112
1156,112
1159,113
1159,122
1158,125
1142,125
1140,124
end box4
end total5boxes
