533,202
538,197
545,192
549,189
554,189
559,189
564,189
568,190
574,190
579,192
585,197
591,202
594,211
593,219
587,223
577,223
569,222
554,222
546,224
536,224
532,218
532,210
end box0
581,192
580,188
582,184
584,182
588,182
592,182
595,182
598,182
602,183
603,186
607,188
608,191
608,196
608,200
608,205
604,207
600,207
595,205
589,204
586,203
end box1
782,229
823,196
861,175
896,167
923,167
945,166
967,166
990,165
1018,168
1059,172
1099,191
1134,228
1144,275
1126,304
1071,321
1023,320
921,319
886,326
843,320
786,304
771,277
end box2
687,176
688,174
689,173
690,171
692,170
702,170
705,170
706,173
706,176
706,179
705,182
705,185
702,186
694,187
691,187
689,186
687,184
687,181
687,179
end box3
693,180
694,177
696,174
698,172
701,172
704,172
710,171
714,171
717,173
720,176
720,179
719,183
719,187
717,191
714,192
710,192
704,193
700,194
696,193
693,191
692,187
693,183
end box4
701,177
701,175
702,174
704,173
706,172
714,171
717,172
718,174
719,177
718,180
718,182
717,185
715,186
707,187
705,187
702,186
701,185
700,182
700,180
end box5
570,194
571,190
573,187
575,185
579,186
582,185
585,185
588,186
591,186
593,188
596,191
598,194
599,198
599,202
597,206
594,208
589,208
571,197
end box6
697,187
697,184
699,181
701,178
704,176
708,175
711,175
715,175
720,175
723,178
725,182
724,186
723,199
720,201
715,202
711,203
707,203
703,204
699,202
696,199
696,194
696,190
end box7
456,124
468,123
470,125
471,139
469,141
457,141
455,140
end box8
695,156
696,157
697,158
697,163
696,164
694,164
692,164
691,164
690,163
end box9
418,106
421,104
455,104
460,106
460,114
458,117
419,116
418,113
end box10
680,158
681,159
682,160
682,165
681,166
680,167
677,167
676,166
end box11
579,143
580,143
581,142
582,142
583,142
585,143
586,143
586,145
587,146
586,147
586,149
586,150
585,152
584,152
582,153
581,152
579,152
579,150
end box12
921,24
923,22
944,22
946,24
947,46
946,49
924,47
end box13
643,160
644,160
646,160
647,160
648,161
648,162
648,167
648,168
647,168
645,169
644,168
643,168
end box14
457,106
458,105
460,104
463,104
465,104
467,105
469,107
469,109
469,118
468,121
466,123
463,123
460,123
458,122
456,120
end box15
630,157
631,158
632,159
632,164
631,165
630,166
628,166
627,166
626,165
end box16
690,146
695,145
696,146
697,147
697,152
696,153
695,153
693,154
692,153
691,153
690,152
end box17
454,115
456,111
459,110
468,110
470,113
471,139
469,143
455,141
end box18
612,159
613,158
615,158
616,158
617,159
617,160
618,165
617,166
616,166
614,167
613,166
612,166
end box19
596,157
597,156
599,156
600,156
601,157
601,158
602,163
601,164
600,164
598,164
597,164
596,164
end box20
578,158
582,158
583,159
584,160
584,165
583,166
582,167
579,167
578,166
end box21
610,145
611,145
613,145
614,145
615,146
616,147
616,152
615,153
614,154
612,154
611,154
610,153
end box22
595,146
599,146
600,147
601,148
601,149
601,151
601,153
600,154
599,155
597,155
596,155
595,154
594,153
end box23
836,131
838,130
844,129
847,129
850,130
853,132
853,149
851,152
848,154
844,154
837,153
835,151
end box24
707,143
714,143
714,145
714,150
713,152
707,151
706,150
end box25
561,156
565,156
566,157
567,158
567,159
567,161
567,163
566,164
565,164
563,164
562,164
561,164
560,163
end box26
626,146
627,145
629,145
630,145
631,146
631,147
631,152
631,153
630,153
628,153
627,153
626,153
end box27
831,130
833,127
846,124
855,126
858,128
859,154
857,157
831,156
830,152
end box28
346,73
350,69
357,72
363,72
370,72
375,74
375,82
376,87
376,96
376,100
375,105
375,113
370,115
363,116
357,116
351,115
348,110
end box29
end total30boxes
