399,186
402,183
404,180
407,179
410,179
420,179
423,180
427,183
429,185
430,190
430,194
427,198
422,198
409,197
405,197
401,197
399,194
399,190
end box0
407,184
407,182
409,181
410,180
412,180
419,180
421,180
423,182
424,184
425,187
425,190
424,193
421,193
411,193
408,193
406,192
406,189
405,187
end box1
560,177
560,177
564,177
565,177
566,178
566,179
566,180
566,181
566,183
565,184
563,184
562,184
561,184
560,184
559,183
558,182
end box2
538,180
539,178
541,177
542,176
551,176
553,177
555,178
557,180
558,183
558,186
556,189
553,189
543,188
541,189
538,188
537,185
537,183
end box3
544,179
545,177
550,176
551,177
552,178
553,179
553,180
553,182
553,184
551,184
549,184
547,184
546,184
544,184
543,183
544,181
end box4
491,181
492,179
493,177
494,176
496,176
503,176
505,177
506,178
508,180
509,183
508,186
507,188
504,188
502,188
495,189
493,189
491,187
490,185
490,183
end box5
48,209
53,204
60,200
94,200
103,202
109,209
112,218
110,225
99,228
54,228
44,225
44,217
end box6
750,73
756,67
832,66
840,72
840,87
835,94
751,94
750,86
end box7
390,139
390,137
391,135
393,133
395,132
397,132
400,131
402,132
405,132
407,134
409,136
409,139
409,142
409,145
408,148
406,150
403,151
400,151
397,151
394,151
392,149
390,147
390,144
390,142
end box8
802,193
803,189
805,187
809,186
812,185
815,185
819,185
823,186
825,188
827,192
828,196
829,199
829,204
828,209
825,212
820,212
815,212
812,212
808,211
803,210
801,208
800,203
801,199
end box9
577,177
578,176
579,176
581,176
582,176
583,177
584,178
584,179
584,180
584,182
584,183
583,184
582,185
580,185
579,185
578,184
577,183
576,182
end box10
514,143
518,143
519,143
519,144
519,148
519,149
517,150
516,150
515,150
514,149
end box11
483,128
484,128
485,128
486,128
487,128
488,129
488,130
489,131
488,133
488,134
488,136
487,136
485,137
484,137
483,136
482,135
end box12
770,42
771,40
772,40
774,40
775,42
776,52
774,54
773,55
770,54
769,53
end box13
332,157
333,156
334,156
335,156
336,157
337,158
337,165
336,166
334,166
333,166
332,165
end box14
1017,157
1018,157
1019,157
1020,157
1021,157
1022,158
1022,163
1022,165
1021,166
1019,166
1018,166
1017,165
end box15
490,136
491,136
492,136
493,136
495,136
495,138
495,146
494,147
492,147
491,147
490,146
end box16
end total17boxes
