412,180
413,176
417,170
421,168
427,168
431,168
436,167
440,168
446,168
450,171
454,176
457,180
458,187
458,194
455,200
448,201
441,200
436,199
431,199
426,200
419,201
414,198
412,193
412,187
end box0
659,176
666,170
674,167
681,166
686,166
702,166
709,166
716,170
725,176
729,186
726,193
715,195
704,195
698,195
694,194
689,195
685,194
680,194
668,195
658,193
656,185
end box1
469,162
470,160
471,158
472,157
474,157
481,157
483,157
485,159
485,161
485,164
485,166
485,169
482,169
473,170
471,169
469,168
469,166
469,164
end box2
460,163
461,161
462,160
463,159
464,158
471,158
473,159
474,161
474,162
475,165
474,167
474,169
472,170
469,170
466,170
464,170
462,169
461,168
460,166
460,164
end box3
460,162
461,161
461,161
462,160
462,160
466,160
467,160
468,161
468,162
468,163
468,164
468,166
467,166
465,167
464,167
463,167
462,167
461,166
460,165
460,164
end box4
527,158
528,157
529,157
530,157
531,158
531,158
532,159
532,160
532,161
532,162
532,163
531,164
530,165
529,166
528,165
527,164
527,163
end box5
551,145
552,146
552,147
553,148
553,152
552,153
551,153
549,154
548,153
547,153
end box6
604,126
605,124
605,122
606,121
608,120
610,119
612,119
614,119
616,120
618,121
619,123
619,125
619,128
619,130
618,132
617,134
614,136
612,136
609,136
607,135
605,133
604,131
604,129
604,127
end box7
593,153
596,139
604,128
617,123
630,124
641,123
650,124
661,125
673,125
686,128
694,140
697,153
696,167
697,182
689,191
673,194
661,194
651,196
640,198
630,196
615,197
597,196
593,183
592,168
end box8
end total9boxes
