161,279
184,250
209,224
235,212
265,211
290,212
313,212
340,209
368,212
401,220
430,244
444,277
450,319
443,353
417,378
376,380
339,373
312,364
267,366
229,377
188,373
160,352
153,319
end box0
460,206
462,202
468,196
472,192
478,191
484,191
489,191
495,192
502,192
506,195
511,202
515,206
517,215
516,224
513,231
505,232
495,229
489,228
484,229
477,231
468,232
461,230
459,222
460,214
end box1
618,197
620,191
624,184
628,178
636,178
642,178
648,178
655,178
664,178
669,182
672,190
674,197
675,205
674,213
672,222
666,225
656,223
649,222
642,223
634,225
623,227
619,222
617,213
619,204
end box2
521,190
522,188
523,186
525,186
531,187
533,187
535,188
537,190
538,192
538,195
538,198
538,201
535,202
532,202
530,202
527,201
525,201
523,200
522,199
end box3
541,185
542,185
546,185
548,185
549,186
549,188
549,189
549,191
549,193
548,194
546,194
544,195
543,194
541,194
540,193
539,192
end box4
562,187
563,186
567,186
568,186
570,187
570,189
570,190
570,192
570,194
568,194
567,195
565,195
564,195
562,194
561,194
561,193
end box5
505,196
505,193
506,189
509,188
512,188
521,188
524,188
526,190
529,193
530,196
530,199
530,203
529,207
526,209
522,209
518,208
end box6
576,189
577,188
578,188
580,187
581,188
582,189
583,189
584,191
584,192
584,194
584,196
582,196
581,197
579,197
578,197
576,197
575,196
575,194
end box7
940,262
959,234
983,213
1010,201
1035,195
1058,190
1081,190
1104,194
1130,200
1160,209
1185,230
1200,260
1206,297
1194,325
1164,345
1133,354
1107,360
1082,359
1058,358
1034,356
1009,349
978,340
944,326
935,298
end box8
530,189
531,189
532,188
533,188
534,188
535,189
536,190
537,191
537,192
537,193
537,195
537,196
536,197
535,198
533,198
532,198
531,197
530,196
end box9
509,194
509,192
511,190
513,190
515,189
516,189
518,190
520,191
522,192
523,194
523,195
524,198
524,200
523,203
522,204
519,205
517,205
515,204
end box10
545,178
545,178
546,178
547,178
548,178
548,178
549,178
550,179
550,180
550,181
550,182
550,183
549,184
548,185
547,185
546,185
545,184
544,183
end box11
509,174
510,174
512,174
512,174
513,174
514,175
514,176
514,177
514,178
514,179
513,180
512,181
511,181
510,180
509,180
509,179
end box12
379,141
384,141
385,142
386,143
386,150
385,151
383,152
381,152
380,152
378,151
377,150
end box13
625,174
629,174
630,175
631,176
631,181
630,182
629,183
626,183
624,183
624,181
end box14
end total15boxes
