716,222
719,211
729,197
740,190
753,189
767,189
778,188
791,189
805,191
813,199
824,212
830,223
830,240
829,257
826,268
805,269
789,267
778,268
767,269
755,269
740,269
722,268
718,256
717,239
end box0
282,225
293,209
307,193
322,185
340,184
356,185
370,182
385,184
402,185
418,193
436,208
448,225
448,248
447,271
432,282
402,283
385,284
370,281
356,280
342,280
324,281
293,283
281,270
278,249
end box1
129,210
144,195
158,183
173,180
187,179
198,179
209,177
221,178
235,178
251,182
269,193
283,210
284,231
281,250
261,255
233,255
221,258
210,260
198,259
187,256
174,254
145,257
128,248
125,231
end box2
659,197
661,191
667,185
673,182
680,182
697,183
704,182
710,185
715,191
719,197
720,206
720,215
715,221
706,222
697,221
679,223
670,223
661,222
658,215
658,206
end box3
448,202
449,195
453,187
459,183
468,183
475,183
482,183
489,183
497,183
503,187
507,196
512,202
513,212
513,222
510,230
500,232
490,230
468,229
459,230
450,228
447,220
448,211
end box4
500,193
499,188
501,184
504,181
509,181
513,180
517,180
520,181
524,182
526,186
530,189
531,192
532,197
532,202
530,207
527,210
522,211
517,210
513,209
end box5
578,180
580,177
583,174
586,173
589,173
599,173
602,174
605,177
608,180
609,184
609,188
605,191
601,192
588,192
585,191
581,190
578,187
578,184
end box6
620,183
620,181
622,179
623,178
625,178
632,178
634,179
636,180
637,182
638,185
637,188
636,190
633,190
630,190
625,190
622,190
620,189
619,187
619,185
end box7
577,187
581,184
585,182
588,180
591,180
603,180
606,181
611,184
615,187
617,192
616,198
612,202
606,202
586,201
580,201
577,197
576,192
end box8
634,190
634,187
637,184
639,182
642,181
645,181
651,181
655,181
658,183
661,186
662,189
661,194
661,198
660,202
656,203
651,202
641,203
637,203
634,201
633,197
633,193
end box9
532,182
533,178
536,175
540,175
553,175
556,176
560,178
562,182
564,186
563,190
560,193
555,194
551,195
548,193
536,191
533,189
532,186
end box10
554,191
554,189
555,187
556,186
558,185
560,185
563,185
565,185
567,186
568,188
570,190
570,193
570,195
569,198
567,199
564,199
562,199
559,199
557,199
555,198
554,197
553,195
553,193
end box11
605,183
606,181
607,179
609,178
617,178
619,179
620,180
621,182
622,185
622,187
620,190
618,190
616,190
610,190
608,190
606,188
605,187
605,185
end box12
573,179
574,177
575,175
576,174
578,173
586,173
588,174
589,176
589,178
590,181
589,183
588,186
586,187
584,187
579,187
577,187
575,187
573,185
573,183
573,180
end box13
517,191
517,187
518,183
521,180
525,180
529,180
532,180
536,181
539,181
542,184
545,187
546,190
547,195
547,200
546,205
542,207
537,207
532,206
529,205
526,205
end box14
585,178
585,176
587,175
589,174
598,173
601,174
603,176
604,178
604,181
604,184
603,187
600,187
590,187
587,187
585,186
584,183
584,181
end box15
609,179
610,178
614,178
615,179
616,180
617,181
617,182
617,184
617,185
615,186
614,186
612,186
611,186
610,186
609,185
608,184
end box16
474,193
473,185
476,179
483,177
490,177
496,177
501,177
507,177
512,179
517,182
521,188
525,193
526,201
526,208
522,214
516,217
508,218
501,217
end box17
530,188
530,184
533,181
536,180
539,180
548,180
551,180
553,182
557,184
559,188
560,192
559,196
558,200
554,202
549,201
536,199
533,198
531,195
530,191
end box18
637,189
637,188
639,186
640,184
642,184
643,183
648,183
650,184
652,184
653,187
654,189
654,192
654,195
653,197
651,198
648,199
646,199
643,199
641,199
638,199
637,197
636,194
636,192
end box19
524,189
525,187
528,186
530,185
533,185
535,186
537,187
538,189
539,191
540,193
541,196
541,198
540,201
539,204
537,206
533,206
530,204
528,203
end box20
625,178
630,177
631,178
632,179
633,180
633,181
633,183
633,185
631,185
630,185
626,185
624,184
624,183
end box21
538,187
539,185
540,184
542,183
544,183
547,183
548,183
550,184
552,185
554,187
555,189
555,192
555,194
554,197
552,199
550,200
547,199
544,198
542,198
540,197
539,196
end box22
576,176
576,176
577,175
579,175
580,176
581,176
581,177
582,178
582,179
582,180
582,182
581,183
579,183
578,183
577,183
576,183
575,182
575,181
end box23
555,183
555,181
556,179
557,178
559,178
561,177
564,177
566,178
568,179
569,180
570,182
571,185
571,187
570,190
568,192
565,192
563,192
561,191
559,191
556,190
555,189
554,187
554,185
end box24
558,186
559,186
560,185
561,185
562,185
563,186
564,187
565,188
566,189
566,190
565,192
566,193
564,194
563,195
561,195
560,195
558,194
557,194
557,192
end box25
413,177
415,174
416,170
419,169
434,168
437,170
440,173
441,177
442,181
442,185
439,189
436,190
418,189
415,187
413,184
413,180
end box26
539,182
539,180
541,178
543,177
552,178
554,178
556,180
558,182
559,185
558,188
557,191
554,192
551,192
542,191
540,189
539,187
538,185
end box27
561,180
561,179
562,179
563,179
564,179
565,179
566,180
566,181
567,182
567,183
567,184
567,186
566,187
565,188
563,188
562,187
561,187
560,186
end box28
520,182
521,178
524,176
527,175
530,175
537,175
540,175
542,177
545,179
548,182
549,186
549,190
546,193
542,194
538,194
522,188
520,185
end box29
421,176
421,174
422,172
424,171
435,170
438,171
439,173
440,176
441,179
441,182
439,185
437,186
423,186
421,184
420,181
420,179
end box30
499,181
501,177
504,175
508,174
518,174
520,175
523,176
527,178
530,181
532,185
531,189
528,192
523,194
501,188
500,184
end box31
651,161
651,159
660,159
660,161
661,168
660,170
652,170
650,169
end box32
648,158
649,157
651,155
661,156
662,157
663,171
662,173
650,174
648,172
end box33
456,156
458,155
468,156
469,157
470,170
469,173
457,174
455,172
end box34
728,170
729,171
729,176
729,178
727,179
end box35
720,143
721,142
730,142
731,144
731,158
729,159
721,158
719,157
end box36
end total37boxes
