531,191
532,186
537,180
542,177
547,176
553,176
558,176
564,177
570,177
573,180
577,187
580,191
580,198
580,205
578,212
573,214
564,212
547,213
537,215
533,213
532,205
533,198
end box0
414,208
421,199
431,191
439,185
449,183
458,183
467,183
476,184
487,184
495,190
507,199
513,207
515,222
513,237
508,246
490,245
437,244
422,244
415,235
413,222
end box1
10,254
46,213
94,189
142,186
178,189
206,196
229,196
255,192
282,197
321,203
368,224
412,259
431,316
420,352
357,371
303,375
261,365
137,368
80,370
24,349
9,312
end box2
584,195
586,189
590,182
595,178
602,179
608,179
613,179
619,179
627,179
631,182
636,189
639,195
640,203
640,211
637,219
630,221
619,218
600,220
590,222
585,219
583,211
584,202
end box3
632,180
632,178
633,176
635,175
637,174
642,174
644,174
646,175
648,177
648,179
649,182
649,184
648,187
646,188
643,189
641,189
638,188
636,188
634,187
633,186
632,184
632,182
end box4
497,192
497,188
498,185
501,183
505,182
508,182
511,182
514,183
518,183
520,185
523,188
523,192
524,196
524,200
523,204
520,207
515,207
511,206
508,206
505,205
501,204
499,202
498,198
498,195
end box5
651,175
651,173
652,171
653,170
655,170
662,170
664,171
665,172
666,174
666,177
666,179
666,182
663,183
654,183
652,182
651,181
650,179
650,176
end box6
571,186
572,184
573,183
575,182
577,181
580,181
582,182
584,183
586,184
586,186
587,188
588,191
588,193
587,196
585,198
583,199
580,199
577,198
575,198
573,196
572,195
end box7
572,181
572,179
573,177
574,176
576,175
578,175
579,174
581,175
583,175
585,176
586,178
587,180
588,183
588,185
587,188
585,189
582,190
580,190
577,190
575,189
573,188
572,186
571,184
571,182
end box8
668,175
668,173
669,171
670,170
672,170
679,170
681,171
682,172
684,174
684,177
684,179
682,182
680,182
678,183
672,182
669,182
668,181
667,179
667,177
end box9
640,176
641,176
644,175
645,176
646,176
647,178
648,179
648,180
648,182
648,184
646,184
645,185
643,185
642,185
640,184
639,184
end box10
655,172
655,171
656,171
660,171
661,172
662,173
663,174
662,175
662,177
663,178
661,179
660,179
657,179
656,179
654,178
654,177
end box11
766,99
771,81
810,65
829,63
851,70
869,79
872,101
874,191
871,208
853,219
828,217
810,218
780,226
764,214
763,192
end box12
728,147
729,147
730,148
730,149
730,150
730,151
730,153
729,154
728,154
726,155
725,154
724,154
723,153
end box13
674,142
674,142
678,141
679,142
680,143
680,144
680,145
680,146
680,148
679,149
677,149
676,149
675,149
674,149
673,148
673,147
end box14
687,126
688,125
692,125
693,126
694,127
695,128
695,129
695,131
694,132
693,133
692,134
690,134
689,134
688,133
687,132
end box15
725,158
725,158
726,158
727,158
727,158
728,159
728,159
729,160
729,161
729,162
729,163
728,164
727,164
726,165
725,164
724,164
724,163
end box16
end total17boxes
