806,196
819,169
832,142
857,131
886,129
910,132
931,133
955,133
981,137
1013,143
1030,166
1036,196
1040,228
1033,258
1018,277
981,281
954,283
931,282
911,282
889,283
858,286
819,281
803,261
801,230
end box0
711,201
718,192
725,182
733,178
743,176
752,176
761,176
769,177
781,176
795,178
805,187
805,199
803,213
801,226
795,234
779,235
769,235
761,235
753,235
743,236
731,237
715,236
708,228
708,214
end box1
538,182
538,180
540,178
542,177
544,177
552,177
554,178
556,180
558,182
558,185
558,189
557,192
554,192
550,192
543,191
540,192
538,191
537,187
537,185
end box2
433,188
435,184
439,181
442,179
445,179
458,179
462,180
466,183
468,187
469,192
468,197
465,201
460,202
455,201
444,202
440,201
435,201
433,197
432,192
end box3
474,183
474,181
475,179
476,178
478,177
480,177
481,176
483,177
485,177
487,179
488,180
489,182
489,185
489,187
488,190
487,191
484,192
482,192
479,191
477,191
476,190
474,188
474,186
474,184
end box4
470,188
470,186
470,184
472,182
473,181
475,180
478,180
480,181
481,182
483,183
484,185
485,187
485,190
485,192
485,195
483,196
480,197
478,197
475,197
473,196
471,195
470,193
469,189
end box5
545,177
546,177
549,176
550,177
551,177
552,179
553,180
553,181
553,183
553,185
551,186
550,186
548,186
547,186
545,186
544,185
544,184
end box6
560,176
560,176
561,176
562,175
563,175
563,176
564,176
565,177
565,178
565,179
565,180
565,181
564,182
563,183
562,183
561,183
560,182
560,181
end box7
573,192
573,191
575,189
576,188
578,187
586,187
588,188
589,190
590,192
590,195
590,198
590,201
587,201
584,201
577,201
574,201
573,200
572,197
572,195
end box8
423,189
423,187
424,185
426,183
427,182
429,181
432,181
434,181
436,182
438,183
439,186
440,188
440,191
440,194
439,196
437,198
434,199
432,199
429,199
426,199
424,198
423,196
423,193
422,191
end box9
654,179
654,177
655,175
656,174
658,173
660,173
661,172
663,173
665,173
667,174
668,176
669,178
669,181
669,183
668,186
667,187
664,188
662,187
659,187
657,187
655,186
654,185
654,182
653,180
end box10
578,175
578,175
579,175
580,174
581,174
582,175
582,175
583,176
583,177
583,178
583,179
583,181
582,181
581,182
580,182
579,182
578,181
577,180
end box11
490,182
490,179
492,178
493,176
495,176
497,175
500,175
503,176
505,177
506,179
507,181
507,184
507,187
506,189
504,191
501,191
499,191
496,191
494,191
492,190
490,188
490,186
490,184
end box12
419,188
420,185
422,182
424,180
427,180
430,180
436,180
439,180
442,181
445,184
446,188
447,192
447,196
445,200
441,201
436,200
433,200
430,200
427,201
423,200
419,199
418,195
418,191
end box13
361,193
362,192
362,189
363,185
365,181
368,179
371,182
373,187
373,190
373,193
373,195
373,196
373,198
373,200
373,204
372,211
369,213
365,212
362,206
362,201
362,199
362,197
end box14
743,157
746,156
747,157
749,157
749,158
750,160
750,163
750,164
749,166
747,166
745,167
744,166
742,166
742,164
end box15
802,110
803,108
821,109
822,127
820,128
802,128
end box16
496,161
500,161
500,161
501,162
502,163
501,164
501,165
501,166
501,167
499,168
498,168
497,168
496,167
end box17
560,159
561,158
563,158
564,159
564,159
565,160
565,164
564,165
563,166
562,166
561,166
560,165
end box18
550,159
551,159
551,160
551,165
551,166
549,166
548,166
547,166
546,165
end box19
467,193
469,188
473,186
476,189
477,222
474,223
468,222
466,217
end box20
533,160
534,160
535,166
534,167
533,167
530,167
529,167
end box21
747,149
748,150
749,151
749,152
749,154
748,155
747,156
746,157
742,156
741,155
740,154
740,153
end box22
463,192
463,189
464,184
467,179
471,178
474,181
475,187
476,191
476,193
476,195
476,197
475,199
475,202
475,206
475,215
472,216
466,215
465,207
464,202
end box23
675,160
676,160
678,160
678,160
679,160
680,161
680,162
680,163
680,164
680,165
679,166
678,167
677,167
676,167
675,166
675,165
end box24
724,157
725,157
726,157
727,157
728,157
729,158
729,165
728,166
726,166
725,166
724,165
end box25
632,144
633,144
635,144
636,144
637,145
637,152
636,153
634,153
633,153
632,152
end box26
1070,140
1072,140
1073,139
1075,139
1076,140
1077,151
1076,153
1074,154
1071,153
1070,151
end box27
560,159
561,158
563,158
564,159
564,159
565,160
565,164
564,165
563,166
562,166
561,166
560,165
end box28
642,143
643,142
645,142
646,143
647,144
648,150
647,151
646,152
644,152
643,152
642,152
end box29
end total30boxes
