768,241
803,201
846,169
885,158
925,158
956,161
985,159
1018,155
1055,158
1100,166
1144,197
1174,239
1186,299
1175,344
1128,372
1067,372
1018,360
925,356
877,369
821,363
769,342
758,299
end box0
710,202
714,191
723,182
732,176
744,176
754,175
763,176
773,176
784,176
794,181
803,191
807,202
807,216
806,229
801,241
786,241
772,239
762,240
754,242
743,243
729,244
716,241
711,230
710,216
end box1
725,190
729,182
736,177
744,175
750,174
766,175
774,175
782,176
789,181
794,190
795,199
793,207
784,211
742,214
732,213
724,208
723,199
end box2
513,174
513,173
514,172
515,172
516,172
517,173
518,174
518,175
519,176
518,177
518,178
518,180
518,181
517,182
515,183
514,182
513,181
512,180
end box3
293,152
296,149
301,147
305,150
306,186
302,187
296,186
293,181
end box4
684,180
684,178
686,176
687,175
689,174
691,173
694,172
696,173
699,174
701,175
703,177
703,180
704,183
703,186
702,189
700,191
697,192
694,192
691,192
688,191
686,190
684,188
684,185
683,183
end box5
674,140
676,139
680,138
682,138
684,138
686,140
686,152
685,154
683,155
680,155
677,155
675,154
673,153
end box6
564,171
565,170
566,170
567,170
568,171
569,172
569,173
570,174
570,175
570,176
570,178
569,179
568,180
566,180
565,180
564,179
563,178
end box7
644,160
645,159
647,159
648,160
649,161
650,167
649,169
648,169
646,170
645,169
644,169
end box8
675,143
676,142
680,142
681,142
682,143
683,144
683,149
683,151
682,152
680,153
678,153
677,153
675,152
674,151
674,150
end box9
513,174
513,173
514,172
515,172
516,172
517,173
518,174
518,175
519,176
518,177
518,178
518,180
518,181
517,182
515,183
514,182
513,181
512,180
end box10
528,158
529,158
530,158
531,158
532,158
533,159
534,160
534,161
534,162
534,163
534,165
533,166
532,167
530,167
529,167
528,166
end box11
806,159
807,159
809,159
810,159
811,160
812,161
812,166
811,167
810,168
808,168
807,168
806,167
end box12
738,156
739,155
740,155
741,155
742,156
743,157
743,162
743,164
742,165
740,165
739,165
738,164
end box13
end total14boxes
