386,192
388,189
391,186
394,184
410,184
414,186
418,188
421,192
421,197
421,202
417,206
412,206
394,205
389,204
387,201
386,197
end box0
575,179
577,176
582,176
583,177
584,177
585,179
586,180
585,182
585,184
583,184
582,185
579,184
577,184
576,184
575,183
575,181
end box1
559,178
560,178
564,178
565,178
566,179
566,180
566,181
566,183
566,184
565,185
563,185
562,185
561,185
560,185
559,184
558,183
end box2
593,176
596,176
597,176
598,177
598,178
598,179
598,180
598,181
597,182
596,182
595,183
594,182
593,182
592,181
end box3
524,191
524,189
525,187
526,186
528,186
533,186
535,186
536,187
538,189
539,190
539,193
539,195
539,198
536,199
534,198
528,198
526,198
524,196
524,194
523,192
end box4
629,173
630,172
631,172
632,172
633,173
633,173
634,174
634,175
634,176
634,177
634,178
633,179
632,180
631,180
630,180
629,179
628,178
end box5
643,127
644,127
645,126
646,126
647,126
649,126
650,127
650,129
651,130
651,131
651,133
650,134
649,135
648,136
646,137
645,136
643,136
643,134
end box6
654,151
655,149
657,148
667,149
669,150
669,164
668,166
656,166
654,165
end box7
642,174
643,173
644,173
645,173
646,174
646,174
647,175
647,179
646,180
645,181
644,182
643,181
642,180
641,179
end box8
600,139
601,139
603,139
604,139
605,140
605,147
604,147
602,148
601,147
600,147
end box9
644,158
645,157
646,157
647,157
648,158
648,158
649,159
649,163
648,164
647,165
646,165
645,165
644,164
643,163
end box10
232,140
233,139
235,139
236,140
237,141
237,148
236,149
234,149
233,149
232,148
end box11
644,145
645,144
646,144
647,144
648,144
649,145
649,146
649,151
649,152
647,152
646,153
645,152
644,152
643,151
end box12
658,143
659,142
664,142
666,142
666,144
667,149
665,150
664,151
659,151
658,150
end box13
428,125
432,124
433,125
434,126
435,134
434,135
432,136
430,136
429,136
427,136
426,134
end box14
600,139
601,139
603,139
604,139
605,140
605,147
604,147
602,148
601,147
600,147
end box15
232,140
233,139
235,139
236,140
237,141
237,148
236,149
234,149
233,149
232,148
end box16
end total17boxes
