464,197
465,192
469,187
473,184
478,184
482,184
487,184
491,185
497,184
501,187
504,192
506,196
507,203
506,209
504,215
499,216
492,215
487,214
482,215
477,216
469,218
466,215
464,208
464,202
end box0
502,196
502,194
502,192
502,189
503,184
506,179
509,178
513,182
514,187
515,191
515,193
515,195
515,197
514,199
514,201
514,205
514,213
510,216
505,216
503,208
503,202
503,200
502,199
502,197
end box1
429,191
430,190
437,190
438,191
439,201
438,202
436,203
431,202
430,203
428,201
end box2
427,190
429,189
439,190
440,191
442,205
440,207
437,208
428,207
426,206
end box3
end total4boxes
