1140,208
1147,199
1153,188
1159,178
1170,175
1182,175
1193,174
1205,174
1220,174
1232,179
1239,193
1240,206
1236,221
1234,235
1231,249
1219,253
1204,252
1193,253
1182,253
1170,253
1153,255
1140,252
1139,237
1138,222
end box0
573,191
605,177
626,170
641,168
650,166
659,167
668,166
676,167
688,167
707,167
735,170
758,189
760,212
747,224
712,230
634,231
609,233
573,227
563,216
end box1
1009,190
1023,180
1038,174
1048,172
1057,172
1064,172
1071,172
1077,173
1087,173
1097,175
1113,179
1126,190
1130,206
1124,217
1108,224
1090,222
1044,224
1028,223
1009,218
1007,206
end box2
end total3boxes
