561,201
561,196
566,190
570,186
575,186
581,185
586,185
592,186
599,186
602,189
606,197
608,200
608,208
608,215
606,223
601,225
574,224
565,226
561,223
561,214
562,207
end box0
540,187
540,185
542,183
543,182
545,182
554,181
557,182
559,184
560,187
559,190
559,193
559,196
556,197
545,197
542,197
540,195
539,192
539,190
end box1
552,188
552,186
553,184
555,182
556,181
558,180
563,180
566,181
568,182
569,184
569,187
567,195
566,196
563,197
561,198
558,198
556,197
554,196
552,194
552,192
552,190
end box2
554,183
554,181
556,179
557,178
559,178
566,178
568,178
570,180
571,182
571,185
571,188
570,190
567,191
565,191
558,191
556,190
554,189
553,187
553,185
end box3
567,193
568,190
572,186
574,183
578,183
594,183
597,185
601,189
602,193
601,198
601,203
600,209
596,210
571,210
568,208
567,202
567,198
end box4
329,194
330,192
331,190
332,189
334,188
342,188
344,189
345,191
346,193
346,196
346,198
345,201
343,202
333,203
331,202
329,200
329,198
329,196
end box5
560,178
565,177
566,178
567,179
568,180
568,181
568,183
568,185
566,185
565,185
561,185
560,184
559,183
end box6
328,193
329,190
331,188
333,186
336,185
347,185
349,187
351,190
353,193
353,196
353,200
351,204
348,205
344,205
335,205
331,205
329,203
328,199
328,196
end box7
642,175
642,174
643,173
644,173
645,173
646,174
646,175
646,176
647,177
647,178
647,179
647,180
646,181
646,183
644,184
643,183
642,181
end box8
626,176
626,175
627,174
628,174
629,174
630,175
630,176
631,177
631,178
631,179
631,180
631,181
630,182
630,184
628,185
627,184
626,182
626,181
end box9
510,174
511,173
514,173
515,174
515,175
516,178
516,180
515,181
513,181
512,182
511,181
510,181
end box10
412,176
413,175
414,175
415,175
416,176
417,177
417,184
416,186
414,186
413,185
412,184
end box11
814,166
815,164
816,163
818,162
821,162
823,162
826,162
827,163
829,165
829,167
829,170
829,172
829,175
827,177
824,177
822,177
819,177
817,177
815,176
813,174
813,172
813,169
end box12
817,165
818,164
819,163
822,163
824,163
825,164
826,165
827,167
827,168
827,170
826,172
825,173
823,174
821,174
820,174
818,174
817,172
816,171
end box13
512,144
513,145
514,146
514,147
514,148
514,149
514,151
513,152
512,152
510,153
509,152
508,152
507,151
end box14
597,174
598,174
600,174
601,174
602,175
603,176
603,177
603,178
603,179
603,181
602,182
601,183
599,183
598,182
597,182
596,181
end box15
875,160
876,160
877,160
878,160
879,160
880,161
880,166
879,167
878,168
877,169
876,168
875,167
874,166
end box16
496,175
498,175
499,176
499,176
500,177
500,178
500,179
500,180
499,181
498,181
497,181
496,181
495,181
495,180
end box17
568,163
569,161
588,161
589,163
590,166
589,169
587,171
569,171
567,169
567,166
end box18
508,159
509,158
511,158
512,159
513,160
514,161
514,166
513,167
512,168
510,169
509,168
508,167
end box19
498,127
499,128
500,129
500,130
500,132
500,134
499,135
498,135
495,135
494,135
end box20
420,158
421,159
422,160
423,162
423,163
422,165
422,167
421,168
419,169
417,169
416,169
414,168
413,167
end box21
550,162
550,162
551,163
551,167
551,168
549,169
548,169
547,169
546,168
end box22
464,179
464,178
465,178
466,178
467,179
467,179
467,180
467,181
467,182
467,183
467,183
466,184
465,184
464,184
463,183
end box23
753,176
757,176
758,177
759,183
758,184
757,185
754,185
753,184
end box24
889,173
893,173
894,174
895,175
895,176
895,177
895,178
895,180
894,181
893,182
891,182
890,182
889,181
end box25
508,159
509,158
511,158
512,159
513,160
514,161
514,166
513,167
512,168
510,169
509,168
508,167
end box26
889,189
890,189
891,189
892,189
893,189
894,190
894,191
894,196
894,197
893,198
891,198
890,198
889,197
end box27
464,179
464,178
465,178
466,178
467,179
467,179
467,180
467,181
467,182
467,183
467,183
466,184
465,184
464,184
463,183
end box28
672,155
673,154
674,154
675,154
676,155
677,156
677,161
677,163
676,164
674,164
673,164
672,163
end box29
end total30boxes
