509,194
511,190
515,186
518,184
523,184
530,183
534,183
539,183
544,185
548,190
550,193
551,200
550,206
548,211
542,212
535,210
521,211
514,213
510,212
508,205
509,199
end box0
85,212
103,204
114,198
122,195
129,194
135,194
141,193
148,194
157,193
168,195
184,200
197,211
201,226
195,237
177,242
159,241
149,240
118,241
101,241
82,237
79,227
end box1
396,182
397,179
399,176
401,174
404,174
407,174
410,173
413,173
416,174
419,176
421,179
423,182
423,185
423,190
422,194
418,195
414,195
410,194
407,194
403,195
400,194
397,193
396,189
396,185
end box2
426,180
426,178
428,176
429,175
432,175
440,175
442,176
444,178
445,180
446,183
446,186
445,190
442,190
438,190
431,190
428,190
426,188
426,185
425,183
end box3
568,193
568,189
574,183
578,178
584,178
590,177
595,178
601,179
608,178
611,182
616,189
618,193
618,201
618,208
617,218
612,220
572,221
569,217
568,208
569,201
end box4
541,174
541,172
543,171
544,170
546,170
553,170
555,170
557,172
559,174
559,177
559,180
557,182
555,183
552,183
545,183
543,182
541,181
540,179
540,177
end box5
545,172
550,171
551,172
552,173
553,174
553,175
553,177
552,178
551,179
550,179
547,179
546,179
545,178
544,177
end box6
576,188
578,184
582,181
585,178
589,178
604,178
608,180
613,184
615,187
615,193
615,199
613,205
607,205
582,205
578,204
577,198
576,193
end box7
572,174
572,172
573,170
574,169
576,168
578,168
581,168
583,168
585,169
587,171
587,173
587,176
587,178
586,181
584,182
582,182
579,182
577,182
575,182
573,181
572,180
571,178
571,175
end box8
509,171
510,170
512,171
513,171
514,172
515,173
515,178
514,179
513,180
510,180
509,179
508,178
end box9
876,130
877,127
909,126
909,129
908,139
878,142
876,139
end box10
527,162
528,162
529,162
530,162
531,162
531,162
532,163
532,164
532,165
532,166
532,167
531,168
530,169
529,169
528,169
527,168
end box11
642,143
642,143
643,142
644,142
645,142
646,143
646,143
647,144
647,145
647,147
647,148
646,149
645,150
644,150
643,150
642,149
end box12
446,143
447,142
449,142
450,143
451,143
451,144
452,145
452,146
452,147
452,149
451,150
449,150
448,150
447,150
446,150
445,149
end box13
503,161
504,162
505,163
506,164
506,167
506,168
505,170
503,170
501,170
500,170
499,169
498,168
end box14
642,159
643,159
644,159
645,159
645,159
646,159
647,160
647,161
647,163
647,164
646,165
645,166
644,166
643,166
642,165
end box15
498,173
499,172
501,172
502,173
503,174
504,175
504,180
503,181
502,182
500,182
499,182
498,181
end box16
514,163
515,163
516,163
517,164
518,165
519,166
519,167
519,169
518,170
517,172
516,172
514,172
513,172
512,171
511,170
end box17
569,187
569,185
571,184
572,183
575,182
577,183
579,184
580,185
581,187
580,196
579,198
577,199
575,200
572,200
570,200
568,198
568,195
end box18
627,143
628,142
629,142
630,142
631,143
632,143
632,144
633,145
632,146
632,147
632,149
632,150
630,150
629,150
628,150
627,149
626,148
end box19
547,160
548,160
549,161
549,162
549,163
549,164
549,165
548,166
547,166
546,166
545,166
544,166
543,165
end box20
625,158
625,158
626,158
627,158
627,158
628,159
628,159
629,160
628,161
628,162
628,163
628,164
627,164
626,165
625,164
624,164
end box21
660,176
661,175
662,175
663,175
664,176
664,176
665,177
665,178
665,179
665,180
665,181
664,182
663,183
662,184
661,183
660,182
660,181
end box22
672,177
673,176
674,176
675,176
676,177
676,177
677,178
677,182
676,183
675,184
674,185
673,184
672,183
672,182
end box23
577,100
578,99
581,99
581,99
581,110
578,110
577,109
end box24
501,144
502,144
503,144
504,144
505,144
506,145
506,152
505,153
503,153
502,153
501,152
end box25
end total26boxes
