563,178
564,175
566,172
568,170
571,170
583,170
586,172
588,175
590,178
590,182
590,186
589,190
585,191
580,190
570,191
566,191
563,190
562,185
563,181
end box0
304,190
306,186
309,183
313,182
328,181
332,183
336,185
339,189
341,194
341,200
337,203
331,204
311,203
305,203
303,199
302,194
end box1
604,177
604,175
606,174
607,173
609,172
617,172
618,173
620,175
621,177
622,180
622,183
621,186
618,186
608,187
605,186
603,185
603,182
603,180
end box2
627,175
627,175
628,175
629,175
630,175
631,175
631,175
632,176
632,177
632,178
632,179
632,180
631,181
630,181
629,182
628,181
627,181
626,180
626,180
end box3
373,186
375,182
378,179
381,177
397,177
400,179
403,182
406,185
406,190
406,195
403,199
399,200
380,198
376,197
374,194
373,189
end box4
611,175
611,175
615,175
616,175
616,176
617,177
617,178
617,179
617,181
616,182
614,182
613,182
612,182
611,182
610,181
609,180
end box5
599,175
600,172
603,170
605,168
608,168
619,167
621,169
624,172
626,175
626,179
626,183
624,186
620,187
616,186
607,187
603,187
600,186
598,182
598,178
end box6
429,113
429,112
430,111
431,111
432,111
433,112
434,113
434,114
434,115
434,116
434,117
434,119
434,120
433,121
431,122
430,121
429,120
428,119
end box7
383,109
384,108
385,106
387,105
389,104
391,105
392,106
393,108
393,110
394,112
394,113
394,115
394,117
393,120
391,122
389,122
386,122
384,120
383,118
383,116
end box8
427,116
427,115
427,114
428,113
429,112
430,110
431,110
433,110
434,112
435,113
436,114
436,116
436,117
436,119
436,121
435,123
434,124
432,125
429,124
428,124
426,122
426,120
426,118
426,117
end box9
590,175
591,174
592,174
593,174
594,175
596,175
596,177
597,183
596,184
594,185
592,185
591,185
589,184
588,183
end box10
480,156
481,155
483,155
484,155
485,156
485,157
485,162
485,163
483,163
482,163
481,163
480,163
end box11
585,157
586,158
587,159
587,160
587,163
587,164
586,165
585,166
582,165
581,165
580,164
end box12
558,176
558,176
559,175
560,175
561,175
562,176
562,176
563,177
563,179
563,181
562,182
561,183
560,184
559,183
558,182
557,181
end box13
586,175
587,174
589,173
590,172
593,171
595,172
597,173
598,174
599,176
599,178
600,181
600,183
599,185
598,187
596,189
593,189
590,189
588,188
586,186
586,184
end box14
584,126
585,125
586,125
587,125
588,126
589,127
590,133
589,134
588,135
586,136
585,135
584,134
end box15
583,142
587,142
588,143
589,144
589,149
588,150
587,151
585,151
584,151
583,150
582,149
end box16
597,186
598,187
599,188
599,193
598,194
597,195
594,194
593,194
592,193
end box17
513,161
514,161
515,162
515,166
514,167
513,168
512,168
511,168
510,167
end box18
509,145
510,144
512,144
513,145
513,145
513,151
512,152
511,152
510,152
509,151
end box19
end total20boxes
