1031,265
1042,239
1053,215
1071,197
1096,189
1121,179
1149,170
1185,160
1216,164
1232,192
1243,372
1235,408
1191,403
1150,388
1118,377
1086,379
1049,378
1031,356
1025,325
1025,293
end box0
820,188
825,179
834,166
844,159
856,159
868,160
878,160
889,161
902,161
915,165
926,176
926,188
925,203
922,218
916,229
902,230
857,232
838,237
824,235
819,220
819,205
end box1
779,187
780,184
782,180
785,176
788,175
793,175
801,175
806,175
809,178
812,183
812,187
812,192
812,197
811,203
808,206
801,205
792,205
787,206
782,205
779,202
778,196
779,192
end box2
888,126
889,125
890,125
892,125
893,126
894,127
895,128
895,134
894,136
892,137
891,138
889,137
887,136
886,135
end box3
867,109
868,107
870,106
872,106
873,106
875,107
876,109
877,111
877,113
877,114
877,116
877,118
876,120
874,122
872,123
869,123
867,121
866,119
866,117
end box4
870,124
871,124
873,124
876,125
876,126
877,133
875,133
874,134
871,134
869,134
868,133
end box5
836,127
837,127
838,126
840,126
841,127
842,128
843,129
844,130
843,132
843,134
842,135
841,136
839,136
838,136
837,135
836,134
end box6
end total7boxes
