583,191
584,188
587,185
589,181
593,181
600,181
604,181
609,181
611,183
615,188
616,191
616,196
616,201
615,207
611,208
592,208
586,208
583,206
582,200
582,196
end box0
9,193
21,184
33,178
42,175
50,175
64,175
70,176
79,176
89,178
102,183
113,193
118,208
114,219
98,223
80,222
70,221
64,222
57,222
51,221
41,223
26,222
11,217
7,207
end box1
375,186
376,184
378,181
380,180
392,180
395,181
397,183
399,186
399,189
399,193
398,197
393,197
381,197
378,197
375,196
374,192
374,189
end box2
558,180
558,178
559,177
561,175
563,175
571,175
573,176
574,178
575,180
576,183
576,186
575,189
572,190
569,189
562,190
559,189
558,188
557,185
557,183
end box3
425,183
426,182
428,180
429,179
439,178
441,179
443,181
444,183
445,186
444,189
443,192
440,192
430,192
427,193
425,191
424,188
424,186
end box4
555,187
556,185
557,184
559,182
560,182
569,182
571,182
573,185
574,187
574,190
574,193
573,196
570,197
567,197
560,197
557,196
555,195
555,192
555,190
end box5
892,163
895,159
898,157
901,156
914,156
917,157
921,159
924,163
926,167
925,172
921,174
916,175
912,175
909,174
906,175
903,175
900,174
895,174
892,171
891,167
end box6
515,194
517,191
520,188
523,186
526,186
535,186
539,186
542,188
545,191
548,194
549,199
549,204
546,209
541,209
536,208
525,208
521,208
517,207
515,203
514,199
end box7
866,166
866,164
868,163
870,161
872,161
879,161
882,162
884,164
886,166
887,169
886,172
885,175
881,175
878,175
873,175
871,176
868,176
866,174
865,172
864,169
end box8
718,170
723,167
728,166
732,165
743,165
746,166
752,167
758,170
760,176
758,180
751,182
745,182
730,181
724,182
718,180
716,176
end box9
396,179
401,178
402,179
403,180
404,181
404,182
404,184
404,186
402,186
401,187
398,186
397,186
395,186
395,185
end box10
985,164
988,160
992,157
996,157
1010,157
1013,157
1017,160
1021,164
1023,168
1021,173
1016,176
989,175
985,173
984,168
end box11
921,165
926,161
931,159
949,160
955,161
961,165
964,170
961,174
954,176
927,176
921,174
919,170
end box12
899,164
899,162
901,161
903,159
905,159
913,159
915,160
917,162
918,164
919,167
918,170
917,173
914,174
911,174
909,174
906,174
904,174
901,173
899,172
898,169
898,167
end box13
428,182
428,181
429,180
430,179
436,178
437,179
438,180
439,182
440,183
439,185
439,188
437,188
430,189
428,188
427,187
427,185
427,183
end box14
570,181
571,179
572,177
573,176
575,175
577,175
580,175
582,175
585,176
586,178
587,180
587,183
587,185
585,188
583,189
581,190
579,189
576,190
574,189
572,188
571,187
570,185
570,183
end box15
606,181
606,179
607,177
608,176
610,176
612,175
613,175
615,175
617,176
618,177
620,179
621,180
621,183
621,185
620,188
618,189
616,190
614,189
612,189
610,188
608,187
606,186
606,184
605,182
end box16
705,170
705,169
706,168
707,168
708,168
709,169
710,170
710,171
710,172
710,173
710,174
710,175
709,176
709,178
707,178
706,178
705,177
704,175
704,174
end box17
676,163
676,163
677,162
678,161
679,162
680,163
680,163
681,164
681,165
681,166
681,167
681,168
680,169
680,171
678,172
677,171
676,169
end box18
676,170
676,169
677,168
678,168
679,168
680,169
681,170
681,171
681,172
681,173
681,174
681,175
681,176
680,178
678,179
677,178
676,177
675,175
end box19
647,171
647,170
648,170
649,169
650,169
651,170
652,171
652,172
652,173
652,174
652,175
652,176
651,177
651,179
649,180
648,179
647,177
646,176
end box20
693,171
693,171
694,170
695,169
696,169
697,170
697,171
698,172
698,173
698,174
698,175
698,176
697,177
697,179
695,180
694,179
693,177
693,176
end box21
823,163
824,162
825,160
826,160
828,160
828,162
829,163
829,164
830,165
830,166
830,167
830,169
829,170
828,172
827,173
825,172
824,171
823,169
823,168
end box22
709,165
709,164
710,163
711,163
712,163
713,164
714,165
714,166
714,167
714,168
714,169
714,171
714,172
713,173
711,174
710,174
709,172
708,170
end box23
657,170
657,169
658,169
659,168
660,168
661,169
662,170
662,171
662,172
663,173
662,174
662,176
662,176
661,178
659,178
658,178
657,177
656,175
656,175
end box24
788,164
789,163
790,161
791,161
792,162
793,163
794,164
794,165
795,166
795,167
795,168
795,170
794,171
793,173
792,174
790,173
789,171
788,170
788,169
end box25
741,132
741,129
743,127
745,125
747,123
750,122
753,122
756,123
759,124
761,126
763,129
764,132
763,135
763,138
761,141
759,144
757,146
753,147
750,146
746,146
744,143
742,141
741,138
741,135
end box26
447,159
448,159
449,159
450,159
451,159
452,160
453,161
453,162
453,163
453,164
453,166
452,167
451,167
449,168
448,167
447,167
446,166
end box27
560,158
563,158
564,158
564,158
565,159
565,160
565,161
565,162
565,163
565,164
563,165
562,165
561,165
560,164
end box28
574,188
575,187
576,186
577,186
579,186
580,187
581,188
582,189
582,196
581,197
579,198
577,198
576,198
574,197
573,196
end box29
546,163
547,162
549,162
550,163
551,163
551,164
552,165
552,167
551,169
551,170
550,170
548,171
547,170
546,170
end box30
223,155
224,153
224,151
226,150
228,148
230,148
232,148
233,148
236,149
238,150
239,152
239,154
239,157
239,159
238,162
236,163
234,164
232,164
229,164
227,164
225,163
224,161
223,159
223,156
end box31
545,173
546,173
547,173
548,173
549,173
550,174
550,175
551,176
550,178
551,180
550,181
548,181
547,182
546,181
545,180
544,180
end box32
629,158
630,158
630,159
631,160
631,161
631,162
631,164
630,165
628,165
626,165
625,165
624,164
end box33
546,163
547,162
549,162
550,163
551,163
551,164
552,165
552,167
551,169
551,170
550,170
548,171
547,170
546,170
end box34
492,145
495,145
496,145
497,146
497,152
497,153
496,154
494,154
493,154
492,153
end box35
end total36boxes
