256,195
261,189
267,184
274,184
280,184
288,184
292,185
297,185
303,186
309,190
318,196
324,205
322,212
311,215
300,215
294,215
289,215
284,215
279,215
274,214
265,213
257,210
255,203
end box0
716,178
717,175
719,172
722,169
725,169
740,169
743,171
747,174
748,178
747,183
747,187
745,192
741,193
724,194
720,194
716,192
715,187
716,182
end box1
294,189
297,183
300,178
307,178
313,179
324,180
329,179
333,182
339,185
345,190
348,197
346,204
339,207
331,208
326,209
321,208
317,207
313,206
299,200
296,196
end box2
640,177
641,176
642,175
642,175
646,175
647,175
647,176
648,177
648,178
648,179
648,181
647,181
645,182
644,182
643,182
642,181
641,181
640,180
640,179
640,178
end box3
635,178
635,176
637,175
638,174
639,173
646,173
647,174
649,176
650,177
650,180
650,182
649,184
647,185
644,185
641,185
639,185
637,185
635,184
634,182
634,179
end box4
713,187
715,184
717,180
720,177
723,176
735,176
741,176
743,179
747,183
748,187
748,192
747,197
746,203
742,204
723,204
718,204
714,202
713,196
713,192
end box5
658,173
659,172
663,172
664,173
665,174
665,175
665,176
665,177
665,179
664,180
663,180
661,181
660,180
659,180
658,179
657,178
end box6
626,176
626,176
627,175
628,175
629,175
630,176
631,176
631,177
632,178
632,179
631,180
631,182
630,182
629,183
628,183
627,183
626,182
625,182
625,181
end box7
338,185
341,179
347,175
354,175
359,175
363,175
366,175
370,176
374,176
380,177
386,181
392,186
396,193
394,200
385,202
377,203
371,204
367,204
359,202
347,201
341,198
338,192
end box8
766,190
770,184
775,179
781,176
786,174
792,174
797,173
803,174
810,174
818,175
823,182
826,190
826,198
825,206
819,211
811,213
803,214
797,214
792,215
785,215
777,215
769,213
764,206
764,198
end box9
883,167
885,164
892,164
893,165
894,167
894,168
894,170
894,173
892,173
890,173
885,173
884,172
883,171
883,169
end box10
369,188
370,184
372,181
375,179
379,179
382,179
385,179
388,180
391,180
393,182
397,184
399,188
401,192
400,197
398,201
393,202
389,202
385,201
382,200
379,200
376,199
373,198
371,195
370,191
end box11
878,167
879,165
881,164
883,163
892,163
895,163
897,165
899,167
900,170
900,174
898,176
894,176
884,176
881,177
878,176
877,173
877,170
end box12
495,176
495,176
496,175
497,175
498,175
499,176
500,176
500,177
501,178
501,179
501,180
501,182
500,183
498,183
497,184
496,183
495,183
494,182
494,181
end box13
623,178
623,176
625,175
626,174
627,173
632,173
634,173
636,174
637,175
638,177
638,180
638,182
637,184
635,185
632,185
630,185
629,185
627,185
625,185
623,184
623,181
622,179
end box14
654,177
654,176
656,174
657,173
659,173
666,172
669,173
670,175
672,177
672,180
672,183
670,185
668,186
658,186
655,186
654,184
653,182
653,180
end box15
317,190
318,185
321,182
325,181
330,181
336,181
339,181
342,182
345,185
350,186
353,190
356,196
355,201
352,206
346,207
341,207
337,206
333,205
330,204
322,201
320,199
318,195
end box16
670,176
671,174
672,172
673,171
675,170
677,169
681,169
683,170
685,171
687,173
687,175
687,178
687,180
686,183
684,185
681,186
679,185
676,185
674,185
672,184
670,182
670,180
670,178
end box17
933,176
933,174
934,173
936,171
937,171
944,170
946,171
948,173
949,175
949,178
948,180
948,183
945,183
943,183
938,184
936,184
934,184
932,182
932,180
932,178
end box18
674,171
675,170
676,170
677,169
679,169
680,170
681,171
682,172
682,175
682,179
681,180
679,181
677,182
676,181
674,180
673,179
end box19
352,179
353,175
357,173
361,172
372,173
375,173
378,175
382,176
386,179
388,184
387,189
383,192
378,193
374,194
354,187
352,184
end box20
700,193
702,190
707,189
710,190
712,225
707,222
702,222
699,221
end box21
675,183
678,179
682,177
685,179
687,185
688,208
687,216
683,215
677,215
673,212
end box22
532,160
533,159
534,159
535,159
536,160
537,160
537,161
537,165
537,167
535,167
534,168
533,167
532,166
end box23
410,186
411,186
412,185
413,185
414,185
415,186
416,187
417,188
417,189
417,190
417,191
417,193
416,194
415,195
413,196
412,195
411,194
410,193
409,192
end box24
543,159
544,158
545,158
546,158
547,159
548,159
548,160
549,161
549,162
548,163
549,165
548,166
547,166
545,167
544,166
543,166
end box25
560,158
561,158
563,158
563,158
564,158
565,159
565,163
564,164
563,165
562,165
561,165
560,164
end box26
543,143
547,143
548,144
549,145
549,146
549,148
549,150
548,151
547,152
545,152
544,152
543,151
end box27
526,177
527,176
528,176
529,175
530,175
531,176
532,177
532,178
533,179
533,180
533,181
533,183
532,184
531,185
529,185
528,185
527,184
526,183
end box28
302,131
303,131
304,131
305,131
306,131
307,132
307,133
308,134
308,135
308,136
308,138
307,139
306,140
304,140
303,140
302,139
end box29
611,143
615,143
615,143
616,144
616,145
616,146
616,147
616,148
615,149
614,150
613,150
612,150
611,149
610,148
end box30
673,186
675,185
677,183
680,183
683,183
685,184
687,200
686,204
683,205
680,206
677,206
674,205
672,203
end box31
675,187
677,185
679,185
681,185
682,187
683,188
683,200
681,201
679,202
676,202
675,200
673,198
end box32
579,164
580,164
581,164
581,164
582,165
582,165
583,166
583,167
583,168
583,169
582,170
581,170
580,171
579,170
578,170
end box33
674,171
675,170
676,170
677,169
679,169
680,170
681,171
682,172
682,175
682,179
681,180
679,181
677,182
676,181
674,180
673,179
end box34
83,92
84,90
105,89
106,92
105,98
103,100
85,100
83,98
end box35
577,142
578,142
580,142
581,142
581,150
581,150
579,151
578,150
577,150
end box36
631,106
632,105
634,105
635,106
636,114
635,115
633,115
632,115
631,114
end box37
560,158
561,158
563,158
563,158
564,158
565,159
565,163
564,164
563,165
562,165
561,165
560,164
end box38
522,129
523,128
525,128
526,129
527,130
527,137
526,139
524,139
523,139
521,138
end box39
627,129
628,128
630,128
631,129
631,129
631,135
630,136
629,136
628,136
627,135
end box40
611,158
611,158
613,158
614,159
614,159
614,160
614,163
614,163
613,164
612,164
611,164
610,163
end box41
478,145
479,144
480,144
481,144
482,145
482,145
482,151
481,152
480,152
479,152
478,151
end box42
465,146
466,145
467,145
468,145
469,146
469,146
469,152
468,153
467,153
466,153
465,152
end box43
900,142
903,142
904,142
905,147
904,148
903,149
902,149
901,149
900,148
end box44
532,160
533,159
534,159
535,159
536,160
537,160
537,161
537,165
537,167
535,167
534,168
533,167
532,166
end box45
519,129
520,129
522,129
523,129
524,130
524,137
523,137
521,138
520,137
519,137
end box46
821,158
825,158
826,159
826,160
827,165
826,166
825,167
823,167
822,167
821,166
end box47
543,143
547,143
548,144
549,145
549,146
549,148
549,150
548,151
547,152
545,152
544,152
543,151
end box48
494,148
495,147
496,147
497,147
498,148
498,148
499,153
498,155
497,155
496,155
495,155
494,154
end box49
end total50boxes
