727,256
737,224
766,193
792,176
826,172
858,177
886,180
916,180
948,185
972,202
999,229
1016,259
1022,301
1014,340
994,363
954,369
912,357
884,356
859,365
826,376
784,384
745,371
729,341
729,300
end box0
641,194
643,191
645,188
648,186
651,186
664,185
666,187
670,190
672,193
672,198
672,203
670,207
665,208
661,207
650,207
646,207
642,206
640,202
640,198
end box1
269,218
284,202
300,191
318,189
332,188
343,189
354,187
364,189
378,189
396,192
413,202
427,218
429,239
424,255
402,263
378,263
354,264
318,264
293,265
273,256
267,239
end box2
694,194
695,190
697,186
700,184
704,184
713,184
717,184
720,186
723,190
725,193
726,198
726,203
724,207
719,209
714,208
703,207
699,207
696,206
694,202
694,198
end box3
515,190
516,186
518,183
520,181
524,181
533,181
536,181
539,184
542,186
544,190
544,194
544,198
543,203
539,204
534,203
524,202
520,202
517,200
516,197
515,193
end box4
593,194
597,191
601,189
620,190
625,191
629,194
631,200
630,204
624,206
593,203
592,199
end box5
638,193
639,191
640,189
641,188
643,187
651,187
653,188
654,190
655,192
655,195
655,197
654,200
651,201
649,201
644,201
642,202
639,201
638,199
637,197
638,195
end box6
552,188
552,186
553,184
555,182
557,182
562,181
565,182
566,183
568,185
569,187
569,190
569,192
568,195
566,196
563,197
558,196
556,197
554,196
552,194
552,192
552,190
end box7
700,153
701,152
713,151
714,152
716,155
715,165
714,167
702,168
700,167
699,164
end box8
614,174
615,173
616,173
617,173
618,173
619,174
619,175
619,179
619,180
617,181
616,181
615,181
614,180
end box9
end total10boxes
