408,223
408,217
407,209
408,198
413,183
423,165
431,166
441,187
445,201
447,210
448,217
449,223
449,228
447,233
445,239
444,249
443,269
436,287
420,286
412,268
413,245
412,237
409,233
408,228
end box0
584,213
584,208
583,202
583,193
586,181
594,164
604,168
612,179
616,191
617,200
617,207
617,212
616,217
615,222
614,227
613,234
611,250
605,262
593,264
587,246
587,230
586,224
585,220
584,216
end box1
551,195
551,192
551,189
551,184
553,177
558,168
564,165
569,173
572,181
572,187
573,191
573,195
572,198
572,201
570,204
571,211
570,221
565,230
556,230
553,218
553,207
552,203
551,200
551,198
end box2
574,191
574,189
574,186
575,182
578,176
582,174
585,179
587,184
587,188
587,190
587,192
586,194
586,196
586,198
586,202
585,210
582,214
577,212
575,204
575,199
575,197
end box3
795,191
797,185
798,178
801,171
807,163
814,151
823,150
831,161
835,172
839,178
840,186
841,192
843,198
842,204
842,213
840,223
834,234
825,238
813,236
804,231
800,219
798,211
796,204
796,197
end box4
574,141
575,140
577,140
579,141
580,141
580,143
580,148
579,150
578,150
576,151
575,150
573,150
573,148
end box5
775,14
776,9
778,4
782,0
787,0
792,0
797,0
802,0
807,0
812,3
815,8
816,13
816,19
815,25
813,30
808,34
802,35
797,36
792,36
786,35
781,34
777,30
776,25
776,19
end box6
558,109
559,107
560,106
575,104
576,107
577,109
577,112
577,115
576,117
573,119
568,120
560,118
559,116
558,114
end box7
643,76
644,75
645,75
646,75
648,75
649,76
649,83
648,84
647,85
645,86
644,85
642,85
642,83
end box8
673,159
674,158
675,158
676,158
677,158
678,158
679,159
680,160
680,161
680,163
680,165
679,166
678,167
676,167
675,167
674,166
673,165
end box9
670,144
671,144
672,143
673,143
674,143
676,143
677,144
677,146
678,147
678,148
678,150
677,151
676,153
675,154
673,154
672,154
670,153
670,151
end box10
489,232
487,225
488,217
493,212
501,211
506,214
507,224
506,231
506,234
507,237
507,240
507,243
507,247
507,254
506,264
501,267
493,267
488,261
488,251
488,245
488,242
end box11
477,207
477,202
478,195
480,187
483,175
491,161
500,162
508,175
512,187
513,195
515,201
516,207
514,212
512,216
510,221
510,230
509,245
502,253
489,256
483,245
483,227
482,220
480,216
479,212
end box12
end total13boxes
