597,190
598,187
600,184
602,182
605,182
614,182
617,182
620,184
622,187
624,190
625,194
625,198
623,202
619,203
614,202
604,202
600,203
597,201
596,197
596,193
end box0
556,177
557,175
558,173
559,172
561,172
563,171
564,171
566,171
568,172
570,172
571,174
573,176
573,179
573,181
572,184
570,185
567,185
565,185
562,185
560,185
558,185
556,183
556,181
556,179
end box1
614,190
617,187
619,185
622,184
635,183
638,185
641,187
644,190
646,194
645,198
642,201
637,201
621,201
616,201
614,198
613,194
end box2
560,176
560,175
561,174
562,174
563,174
564,174
565,174
566,175
567,176
567,177
567,178
567,179
567,181
566,182
565,182
563,183
562,182
561,182
560,181
559,180
end box3
577,175
577,175
578,174
579,174
580,174
581,175
582,175
582,176
583,177
583,178
583,179
583,181
582,182
580,182
579,182
578,182
577,182
576,181
end box4
51,222
51,219
52,216
52,211
54,204
59,196
65,192
71,198
74,206
75,213
75,218
75,222
75,225
74,229
73,232
72,239
71,248
66,254
57,254
53,246
53,236
53,230
52,228
51,225
end box5
616,163
617,162
618,162
619,162
621,163
622,163
622,164
623,166
623,169
623,170
622,172
620,173
618,173
617,173
615,172
615,170
end box6
637,155
638,153
640,151
652,151
655,151
656,154
656,163
656,166
653,168
639,167
637,165
end box7
619,170
620,171
621,172
621,173
621,177
620,178
619,178
616,178
615,178
614,177
end box8
722,161
723,161
726,160
727,161
728,161
729,163
730,164
730,165
730,167
730,168
728,169
727,170
725,170
724,170
723,169
721,168
721,167
end box9
674,175
675,173
676,173
678,173
679,174
680,175
679,184
678,185
677,186
675,185
673,184
end box10
717,163
718,161
719,160
721,159
723,159
725,158
726,158
729,159
730,160
731,162
732,164
732,167
732,169
731,171
730,173
727,175
725,174
722,174
720,174
718,172
718,170
end box11
792,173
793,172
794,172
796,171
797,172
797,174
797,181
796,183
794,183
793,183
792,181
end box12
791,128
792,127
794,126
796,125
798,124
800,125
802,126
803,127
804,129
805,131
805,134
805,136
804,139
803,141
800,142
798,142
795,142
793,141
791,140
790,137
790,135
790,133
end box13
561,160
562,160
563,160
564,160
565,160
565,160
566,161
566,162
566,163
566,164
566,165
565,166
564,167
563,167
562,167
561,166
560,165
end box14
652,156
653,158
654,159
654,164
653,166
652,167
642,166
642,164
end box15
498,120
500,119
503,119
504,119
506,121
505,131
503,132
499,132
498,131
end box16
786,158
786,156
787,154
799,153
801,155
801,157
801,160
801,162
800,164
798,166
794,167
787,165
786,163
786,161
786,159
end box17
623,163
624,163
625,163
626,163
627,163
628,164
628,165
629,166
629,167
629,168
629,170
628,171
627,172
625,172
624,172
623,171
622,170
end box18
726,171
727,172
728,173
728,174
728,175
728,176
728,178
727,179
725,179
724,179
723,179
722,179
721,178
720,177
end box19
795,158
796,159
797,160
797,161
797,163
796,164
795,165
794,166
792,166
791,166
790,165
789,164
788,163
end box20
655,143
656,143
657,143
658,143
659,143
660,144
660,148
660,149
660,151
658,151
657,152
656,151
655,151
end box21
400,158
401,157
403,157
404,158
405,159
406,160
407,161
406,164
406,165
405,166
404,167
402,167
401,167
400,166
399,165
end box22
805,92
806,92
807,92
809,92
810,92
811,93
811,100
810,102
809,103
807,103
806,103
804,102
end box23
652,171
654,170
657,170
659,171
660,173
659,183
658,184
653,185
652,184
end box24
741,159
742,159
743,159
744,159
745,159
746,160
746,165
746,166
744,167
743,168
742,167
741,166
end box25
776,161
777,161
778,160
779,160
780,161
781,162
782,168
781,169
780,170
778,170
777,170
776,169
end box26
396,146
397,145
397,143
399,142
401,142
402,142
404,142
406,142
408,144
408,146
409,148
408,149
408,151
408,154
407,155
405,156
403,157
400,157
398,156
397,155
396,153
end box27
626,172
627,172
627,173
628,174
628,175
628,176
628,178
627,179
625,179
623,179
622,179
621,178
end box28
788,143
789,141
790,140
792,139
797,139
799,139
801,140
803,142
803,144
803,147
803,149
802,151
800,153
798,154
796,154
793,154
791,154
789,152
788,150
788,148
end box29
397,157
397,155
399,154
401,153
403,153
404,153
407,154
408,156
408,158
409,160
409,161
409,164
408,166
407,168
405,170
403,170
400,169
398,169
397,167
396,165
end box30
402,145
403,144
404,144
405,144
406,145
407,146
408,147
408,148
408,149
408,151
408,152
407,153
406,154
404,154
403,154
402,153
401,152
end box31
908,175
910,173
913,173
915,174
916,176
916,188
914,189
909,189
908,188
end box32
774,124
775,123
776,123
777,123
778,124
779,125
780,126
780,129
780,131
779,132
778,133
776,133
775,133
774,132
773,131
end box33
661,43
663,41
666,40
669,41
671,43
670,61
670,65
666,67
662,66
660,63
end box34
777,139
778,138
779,138
781,138
782,139
782,140
782,148
781,150
779,151
778,150
776,149
end box35
383,121
387,120
390,120
394,121
396,124
396,129
396,145
395,149
391,151
386,151
383,148
end box36
809,172
810,171
811,172
812,171
813,172
814,173
814,178
814,180
813,181
811,181
810,181
809,180
end box37
end total38boxes
