397,192
398,188
400,184
403,182
406,182
410,182
413,182
416,182
421,182
424,184
426,188
427,191
428,196
428,201
427,205
423,207
417,207
413,207
410,207
406,206
401,206
397,204
397,200
397,195
end box0
576,178
578,176
582,176
583,176
583,177
584,178
584,179
584,180
584,182
583,182
581,182
580,183
579,182
578,182
577,182
576,181
576,180
576,179
end box1
608,174
609,173
610,172
613,172
614,172
615,173
616,174
616,175
616,176
616,178
614,178
613,178
611,178
610,178
609,178
608,177
609,176
608,175
end box2
561,177
561,177
565,177
566,177
566,178
567,179
567,180
567,181
567,183
566,184
564,184
563,184
562,184
561,183
560,183
559,182
end box3
592,177
594,175
597,175
598,176
599,176
600,177
600,178
600,179
600,181
598,181
597,181
596,181
595,181
594,181
593,181
593,180
593,179
592,178
end box4
539,181
539,179
541,177
542,176
544,176
549,176
551,176
553,177
554,178
555,180
556,183
556,186
555,188
553,189
550,189
543,189
541,188
539,187
539,185
539,183
end box5
627,172
628,172
628,172
629,172
630,172
631,172
631,172
632,173
632,174
632,175
632,176
632,177
631,178
630,178
629,179
628,178
627,178
626,177
626,177
end box6
468,194
474,187
482,184
490,184
511,184
517,185
526,188
535,194
539,204
536,211
523,213
479,212
468,210
466,203
end box7
654,170
656,157
663,143
674,136
689,137
702,137
713,138
725,138
739,139
751,144
760,156
762,170
760,185
762,202
756,215
740,219
725,218
713,218
701,219
689,218
674,219
657,216
654,202
655,186
end box8
496,192
500,188
505,187
524,188
530,189
535,193
539,198
536,202
529,204
498,201
495,197
end box9
872,114
883,108
886,108
894,111
897,114
901,137
898,140
872,139
869,136
end box10
526,159
527,158
528,158
529,158
530,159
530,159
531,160
531,164
530,165
529,166
528,166
527,166
526,165
end box11
630,143
631,142
633,142
634,143
635,143
635,144
636,145
635,147
635,149
635,150
633,150
632,150
631,150
630,149
629,148
end box12
612,159
612,159
613,159
613,159
614,159
615,160
615,160
616,161
616,162
616,163
616,164
615,165
614,165
613,165
612,165
611,164
end box13
656,175
656,174
657,174
658,173
659,174
660,174
661,175
661,176
661,178
661,181
661,182
660,183
658,183
657,183
656,182
655,180
end box14
659,191
660,190
661,190
662,190
663,191
664,192
665,193
665,198
664,199
663,200
661,201
660,200
659,199
end box15
761,170
762,170
763,170
764,170
765,170
765,171
765,177
765,178
763,179
762,178
761,177
end box16
563,140
564,139
565,139
566,139
567,140
567,140
568,145
567,146
566,147
565,147
564,147
563,146
end box17
740,138
741,137
742,137
743,137
744,138
745,139
745,146
744,147
742,148
741,147
740,146
end box18
465,155
466,155
467,155
468,155
469,155
470,156
469,162
469,163
467,164
466,163
465,163
end box19
end total20boxes
