717,205
723,194
735,182
744,174
756,173
768,174
779,173
790,175
804,175
816,180
830,191
833,204
833,221
831,239
825,251
807,251
789,248
778,248
769,249
756,251
737,255
720,252
714,239
715,222
end box0
512,175
513,174
515,174
516,175
517,176
518,177
518,182
517,183
516,184
514,185
513,184
511,183
511,182
end box1
511,160
512,160
513,159
514,159
515,159
517,160
518,160
518,161
519,167
517,169
516,170
514,170
513,170
511,169
510,167
end box2
527,176
527,175
528,175
529,175
530,175
531,175
532,176
532,177
532,178
532,179
532,180
532,182
532,183
531,184
529,184
528,183
527,183
526,182
end box3
545,175
545,174
546,173
547,173
548,173
549,174
550,175
550,176
550,177
550,178
550,179
550,180
550,182
549,183
547,184
546,183
545,182
544,180
end box4
647,159
648,160
649,161
650,162
650,163
649,165
649,166
648,167
647,168
645,168
644,168
643,167
642,166
641,165
end box5
534,159
535,160
536,161
537,162
536,164
536,166
535,167
534,167
531,167
530,167
529,166
end box6
659,160
659,160
660,159
661,159
662,159
663,160
663,160
664,161
664,162
664,163
664,164
664,165
663,166
662,167
661,167
660,167
659,166
658,165
end box7
497,156
498,156
500,156
501,156
502,157
503,158
503,163
502,164
501,165
499,165
498,165
497,164
496,163
end box8
end total9boxes
