19,199
27,184
45,177
61,173
73,173
84,174
93,174
102,176
115,176
129,178
144,187
157,201
161,220
158,235
139,245
120,246
104,244
94,244
58,244
39,245
24,234
19,219
end box0
447,180
451,177
455,175
458,174
469,174
472,175
477,177
481,180
483,184
482,189
477,191
471,191
456,191
450,191
446,189
446,184
end box1
456,178
457,176
459,175
461,174
471,173
473,174
475,176
478,178
478,181
478,185
476,188
472,187
462,187
459,188
456,187
455,184
454,181
end box2
840,172
841,168
844,166
847,164
850,164
859,164
862,164
865,165
868,168
871,171
872,176
872,181
869,184
864,185
859,184
850,184
845,185
841,184
839,180
839,176
end box3
544,184
545,176
550,169
557,163
562,169
564,180
565,206
570,223
569,235
558,228
547,228
539,233
541,213
544,203
end box4
631,132
631,130
648,130
648,132
649,135
648,138
648,140
640,144
631,139
630,137
end box5
557,98
558,95
595,94
596,98
596,110
561,112
557,109
end box6
442,173
443,172
444,172
445,172
447,173
448,173
448,175
449,180
447,182
446,182
444,183
443,182
441,182
440,181
end box7
560,105
561,101
595,100
597,104
596,115
564,117
560,115
end box8
583,128
584,124
585,123
587,122
589,122
590,122
592,122
594,122
596,123
597,125
597,127
597,130
597,132
597,134
595,136
593,137
591,137
588,137
586,136
584,135
583,133
583,131
583,129
end box9
575,129
575,128
576,126
578,124
579,123
582,123
584,123
586,123
588,124
590,125
591,127
592,129
592,132
592,134
591,137
589,139
586,140
584,140
581,140
579,139
577,138
576,136
575,134
575,131
end box10
650,106
686,105
685,120
649,120
end box11
544,184
545,176
550,169
557,163
562,169
564,180
565,206
570,223
569,235
558,228
547,228
539,233
541,213
544,203
end box12
331,157
332,156
334,155
336,154
338,153
340,154
342,155
343,156
344,158
345,163
344,165
344,167
343,169
340,171
338,171
335,171
333,170
331,168
331,166
end box13
593,163
594,162
595,162
596,162
597,162
598,162
599,163
600,164
600,165
600,166
600,167
600,169
599,170
598,171
596,171
595,171
594,170
593,169
end box14
661,158
662,157
663,157
664,157
665,158
666,159
667,160
667,165
666,166
665,167
663,168
662,167
661,166
end box15
639,94
644,91
691,90
698,93
697,104
694,108
641,108
639,103
end box16
332,158
333,157
334,156
335,156
336,156
337,156
339,156
340,157
341,158
341,160
341,161
341,163
341,165
340,166
338,167
336,167
335,167
333,166
332,165
332,163
end box17
570,129
570,126
571,122
573,120
583,119
590,120
593,121
595,125
596,129
595,132
595,136
593,140
591,143
587,144
583,143
576,143
573,142
571,139
570,135
570,132
end box18
561,160
562,159
563,159
564,159
565,160
566,160
567,162
567,167
566,169
565,169
563,170
562,169
560,169
560,167
end box19
446,144
450,144
450,144
451,145
451,146
451,149
450,150
449,151
448,151
447,151
446,150
end box20
551,139
552,140
553,141
554,142
553,145
553,146
552,147
551,148
549,148
548,148
547,147
546,146
end box21
353,140
358,140
359,141
360,142
360,149
359,150
357,151
354,151
352,150
351,149
end box22
613,141
617,141
618,142
619,143
620,144
619,146
619,148
618,149
617,150
615,150
614,150
613,149
612,148
end box23
625,144
626,144
628,144
629,144
630,145
631,146
631,147
631,149
631,151
630,152
629,153
627,153
626,153
625,152
624,151
end box24
480,145
484,145
484,145
485,146
486,147
486,148
485,149
485,150
485,151
483,152
482,152
481,152
480,151
end box25
359,140
360,139
362,139
363,140
364,141
365,142
365,147
364,148
363,149
361,149
360,149
359,149
end box26
659,142
660,142
661,142
663,142
664,142
665,143
665,150
665,152
663,153
661,153
660,153
658,152
end box27
562,172
563,170
564,170
566,170
567,171
568,172
568,173
569,180
567,181
566,182
564,182
563,182
561,181
end box28
297,128
298,127
300,127
301,127
302,128
302,129
303,130
302,132
302,134
302,135
301,135
299,136
298,135
297,135
end box29
496,161
497,161
498,160
499,161
500,161
500,161
501,162
501,166
500,167
499,168
498,168
497,168
496,167
end box30
576,157
580,157
581,158
581,159
582,162
582,164
581,165
579,165
578,166
577,165
576,165
575,164
end box31
465,125
466,125
468,125
469,125
470,126
471,127
471,132
470,133
469,134
467,134
466,134
465,133
end box32
330,138
331,138
334,138
335,138
336,139
336,141
336,146
335,148
334,149
332,149
331,149
329,148
329,146
end box33
546,132
547,131
548,131
549,131
550,132
551,133
552,134
553,135
552,138
552,139
551,141
550,141
548,142
547,141
546,140
545,139
end box34
584,145
585,146
586,148
586,151
585,153
584,154
576,153
575,152
end box35
649,143
650,144
650,148
649,150
end box36
348,142
349,140
350,138
351,137
354,137
356,137
358,137
360,137
362,139
363,141
363,143
363,146
363,148
362,151
361,152
358,154
356,154
353,154
351,153
349,152
348,149
end box37
462,144
463,144
465,144
466,144
467,145
467,150
467,152
466,153
464,153
463,153
462,152
end box38
385,127
386,127
387,127
388,127
389,127
389,128
389,134
389,136
387,136
386,135
385,134
end box39
674,140
675,139
676,139
678,139
679,140
680,141
679,150
678,151
676,152
675,151
673,150
end box40
465,125
466,125
468,125
469,125
470,126
471,127
471,132
470,133
469,134
467,134
466,134
465,133
end box41
562,126
563,124
565,123
568,123
570,123
572,124
573,127
572,136
572,139
571,141
568,142
565,142
563,140
562,137
562,135
end box42
496,140
497,140
499,140
500,140
501,141
501,148
500,149
498,149
497,149
496,148
end box43
446,144
450,144
450,144
451,145
451,146
451,149
450,150
449,151
448,151
447,151
446,150
end box44
1132,124
1133,122
1135,122
1138,121
1140,122
1143,122
1144,125
1144,136
1143,139
1141,141
1138,141
1135,141
1133,140
1131,138
1131,135
end box45
330,138
331,138
334,138
335,138
336,139
336,141
336,146
335,148
334,149
332,149
331,149
329,148
329,146
end box46
670,141
670,139
671,137
672,136
674,135
677,135
679,136
681,136
682,138
683,140
683,142
683,145
683,147
682,149
681,151
679,153
677,153
674,153
672,152
671,150
670,148
end box47
1140,124
1142,122
1144,122
1147,122
1149,123
1151,124
1152,126
1152,129
1152,131
1153,132
1152,134
1152,137
1151,139
1150,141
1147,143
1144,143
1141,142
1140,139
end box48
532,105
533,104
534,104
535,104
537,105
537,106
537,113
536,114
534,115
533,114
532,113
end box49
end total50boxes
