585,203
587,196
590,188
594,183
602,182
609,182
623,182
632,183
637,187
640,196
642,202
642,211
642,219
640,228
633,231
624,230
616,229
609,229
601,231
593,230
587,226
586,218
586,210
end box0
26,224
26,221
27,216
27,210
30,202
35,194
42,193
48,199
51,208
52,215
52,220
53,224
53,227
53,231
53,236
53,246
51,257
43,259
33,260
26,257
26,243
27,234
26,231
26,227
end box1
642,159
643,159
644,159
645,159
646,159
647,160
647,161
648,162
648,164
648,166
647,167
646,168
644,168
643,168
642,167
641,166
end box2
629,159
630,158
631,158
632,158
633,159
633,159
634,160
634,164
633,165
632,166
631,166
630,166
629,165
628,164
end box3
657,158
658,158
659,158
660,158
661,158
662,159
662,160
662,163
662,164
662,166
661,167
659,167
658,167
657,166
end box4
561,171
562,170
563,170
564,170
565,171
565,171
566,176
565,177
564,178
563,178
562,178
561,177
end box5
648,141
649,142
650,144
649,145
649,147
649,149
648,150
646,150
641,150
640,149
640,148
end box6
675,160
675,160
676,159
678,159
679,160
680,160
680,161
680,162
680,163
680,164
680,165
680,166
678,167
677,167
676,167
675,166
674,165
end box7
657,144
661,144
662,145
663,146
663,147
663,149
663,151
662,152
661,153
659,153
658,153
657,152
end box8
697,128
701,128
702,129
703,130
704,131
703,134
703,135
702,136
701,137
699,137
698,137
697,136
end box9
706,143
707,142
709,142
710,143
710,143
711,144
711,145
711,146
711,147
711,148
710,149
709,150
708,150
707,150
706,149
705,148
end box10
692,160
692,160
693,159
694,159
695,159
696,160
696,160
697,161
697,162
697,163
697,164
697,165
697,166
695,167
694,167
693,167
692,166
691,165
end box11
697,143
698,143
698,144
699,145
698,147
698,148
698,149
696,150
695,150
694,150
693,149
692,148
end box12
703,129
704,129
706,129
707,129
708,130
708,131
709,132
709,134
709,136
708,137
707,138
705,138
704,138
703,137
end box13
727,125
728,125
730,125
731,125
732,126
732,127
733,128
733,129
733,130
733,132
732,133
731,134
729,134
728,134
727,133
726,132
end box14
643,170
644,170
645,170
646,170
647,170
648,171
648,172
649,177
648,178
647,178
645,179
644,178
643,178
end box15
681,110
710,53
761,18
829,13
878,6
920,13
958,13
1000,11
1045,17
1108,23
1155,61
1190,114
1204,190
1182,246
1125,274
1053,280
1002,277
958,267
922,266
883,268
832,273
761,267
709,241
690,188
end box16
end total17boxes
