741,206
755,193
767,181
781,176
794,175
805,175
816,174
827,175
841,175
858,179
875,188
883,205
883,224
879,241
864,251
841,251
827,250
815,251
805,251
793,253
775,256
752,255
738,243
736,226
end box0
856,249
882,223
905,201
931,192
956,191
978,194
996,195
1018,193
1039,197
1063,207
1091,224
1114,250
1127,286
1122,315
1090,332
1052,337
1021,332
997,324
979,322
957,326
924,335
884,333
851,315
847,286
end box1
699,194
700,191
702,189
703,186
706,184
709,184
712,184
715,184
720,184
723,186
725,190
724,194
723,197
721,204
719,206
715,207
712,208
708,209
704,210
700,209
698,205
698,201
698,197
end box2
0,240
13,204
41,173
69,155
105,154
137,156
165,157
198,155
232,159
264,173
290,203
304,240
311,284
303,324
284,360
248,368
196,353
106,354
52,371
16,362
0,325
-5,285
end box3
293,203
310,184
330,175
351,173
366,173
377,175
388,174
399,175
412,175
431,178
452,186
472,204
476,227
471,245
443,254
417,254
401,255
388,253
326,252
302,242
293,226
end box4
469,189
472,182
476,176
482,175
489,175
494,176
499,176
503,177
509,177
515,179
520,184
525,189
528,197
527,205
520,209
512,211
505,211
499,211
494,211
489,210
484,209
477,207
471,203
470,196
end box5
710,194
711,191
714,188
716,185
719,184
722,184
725,183
729,184
733,184
736,186
738,189
738,193
737,197
737,201
736,205
733,207
728,207
721,208
717,209
713,209
711,206
710,201
710,197
end box6
590,173
591,172
593,170
595,169
596,169
601,169
603,169
605,171
606,173
607,175
607,178
607,181
606,183
604,185
602,186
599,186
596,185
594,185
592,184
591,182
590,178
end box7
565,173
565,169
568,166
571,164
575,164
584,164
588,164
591,166
594,169
596,172
597,177
597,182
594,186
590,187
585,186
581,186
575,186
571,185
567,184
565,181
564,177
end box8
741,176
745,173
750,171
770,171
776,172
781,176
781,182
778,186
747,188
741,186
739,181
end box9
598,194
600,188
606,183
611,180
617,180
632,181
638,180
643,183
647,189
652,194
653,202
653,210
649,217
643,218
606,219
601,216
598,209
598,201
end box10
516,175
518,171
521,169
525,168
538,168
541,169
546,171
549,174
550,179
549,184
545,186
539,186
520,185
516,183
515,179
end box11
640,173
640,172
641,170
643,169
645,169
646,168
648,169
650,169
652,171
653,173
653,175
653,177
653,179
653,181
651,183
649,184
647,184
644,183
643,183
641,181
640,180
639,176
end box12
653,176
653,174
654,172
655,171
657,171
659,170
662,170
664,171
666,172
667,173
668,175
668,178
668,180
667,183
665,184
663,184
661,184
658,184
656,184
655,183
653,181
653,179
653,177
end box13
622,173
622,171
623,170
625,168
627,168
635,168
637,169
638,171
640,173
640,176
640,179
639,182
637,183
626,183
623,182
621,181
621,178
621,176
end box14
466,176
467,172
470,170
473,169
477,169
487,169
491,170
494,172
497,176
498,180
497,184
493,187
489,188
485,188
469,186
466,183
465,180
end box15
532,178
534,174
537,171
540,170
544,171
551,171
554,171
557,172
561,174
564,178
566,182
565,187
562,190
557,191
553,191
536,188
533,185
532,182
end box16
479,173
482,169
486,167
490,166
504,167
508,168
513,170
517,173
519,179
518,184
513,187
507,187
484,185
480,182
479,178
end box17
550,175
551,171
553,167
556,166
560,166
569,166
572,166
575,168
579,171
581,175
582,179
582,184
579,188
575,189
570,189
566,188
563,188
560,188
557,187
553,185
551,182
550,178
end box18
719,193
722,187
726,183
731,180
736,179
740,179
745,179
749,180
756,179
762,180
766,186
767,192
766,199
764,204
760,209
755,211
749,212
745,212
740,213
734,214
727,214
721,212
718,206
718,199
end box19
719,209
719,206
719,202
720,198
722,192
727,184
733,178
739,184
742,193
743,200
742,205
742,209
741,212
741,215
741,219
740,225
739,235
734,241
725,241
721,232
721,223
720,218
720,215
719,212
end box20
373,61
374,56
375,49
379,44
384,41
390,40
397,41
402,43
407,46
411,50
414,55
415,61
415,66
415,72
413,79
410,84
404,88
397,89
390,88
383,87
378,84
375,78
374,72
375,66
end box21
574,143
574,142
575,142
576,142
577,142
578,142
579,143
580,144
580,145
580,146
580,147
580,149
579,150
578,150
576,151
575,150
574,150
573,149
573,148
end box22
674,175
675,175
676,174
677,174
678,174
680,175
681,175
681,177
682,178
682,179
681,181
681,182
680,184
679,185
677,185
676,185
674,184
674,182
end box23
1001,174
1002,173
1005,173
1006,174
1007,175
1007,184
1005,185
1004,186
1001,185
1000,184
end box24
481,142
485,142
486,143
487,144
487,145
487,147
487,149
486,150
485,150
483,150
482,150
481,150
480,149
end box25
680,146
680,146
681,147
681,148
681,150
681,151
680,152
679,153
678,153
677,152
676,152
675,151
end box26
1102,214
1103,214
1104,213
1105,213
1106,214
1107,215
1107,222
1106,223
1104,224
1103,223
1102,222
end box27
end total28boxes
