794,228
799,211
815,192
829,181
847,177
866,176
882,178
901,179
919,183
932,194
951,211
956,228
960,252
955,275
951,295
924,295
899,289
867,289
849,293
826,295
807,290
797,273
796,250
end box0
763,177
765,174
768,172
770,171
773,170
783,170
786,171
790,173
792,177
792,181
791,185
788,187
784,188
772,189
768,189
764,188
762,185
762,181
end box1
238,190
246,185
252,182
258,181
262,181
271,182
276,181
281,182
289,184
297,190
301,198
298,204
287,206
277,206
272,205
268,205
265,205
261,206
256,206
246,206
236,204
235,198
end box2
783,176
788,172
793,170
797,169
812,169
816,170
822,172
827,176
829,182
827,187
820,190
814,190
789,189
784,187
782,182
end box3
710,172
711,172
715,171
716,172
717,173
717,174
717,175
717,176
717,178
716,179
714,179
713,179
712,179
711,179
710,178
709,177
end box4
572,179
572,177
574,175
575,174
577,174
584,173
587,174
588,176
589,178
589,181
589,184
588,186
585,187
583,187
581,187
578,187
576,187
574,187
572,185
571,183
571,181
end box5
693,164
698,164
699,165
699,166
699,167
699,169
699,170
698,171
696,171
694,171
693,171
692,170
691,169
end box6
690,171
691,170
695,170
696,171
697,172
697,173
698,174
697,176
697,177
696,178
694,178
693,178
692,178
691,178
690,177
689,176
end box7
554,189
554,187
555,185
556,184
558,183
560,183
561,182
563,183
565,183
567,185
568,187
569,188
569,191
569,193
569,196
567,197
564,198
562,197
559,197
557,197
555,196
554,195
554,192
553,190
end box8
659,164
665,164
666,165
667,166
667,167
667,169
667,171
665,171
664,171
661,171
660,171
659,170
658,169
end box9
651,172
651,170
652,169
654,167
655,167
662,167
664,168
665,169
666,171
667,174
667,176
666,179
663,179
660,179
656,179
654,180
652,179
650,178
650,176
650,174
end box10
10,204
14,198
19,194
26,193
42,194
47,193
53,194
58,198
64,204
67,211
66,218
57,221
48,221
43,221
30,221
25,221
16,220
9,218
8,211
end box11
655,171
656,170
656,170
657,169
661,169
662,170
663,171
664,172
664,173
664,175
663,176
662,177
661,177
659,178
658,177
657,177
655,176
655,175
end box12
555,182
556,180
557,178
558,177
560,176
562,176
563,176
565,176
567,176
569,177
570,179
571,181
572,184
572,186
571,189
569,190
566,190
564,190
561,190
559,190
557,190
555,188
555,186
555,184
end box13
721,172
721,172
722,171
723,171
724,171
725,172
726,172
726,173
727,174
727,175
727,176
727,178
726,178
724,179
723,179
722,179
721,178
720,178
720,177
end box14
708,163
711,163
712,163
713,164
714,165
714,166
714,167
714,169
713,169
711,170
710,170
709,169
708,169
707,169
end box15
282,191
287,188
292,186
312,187
318,188
324,191
328,197
325,202
317,204
311,204
288,203
282,201
279,197
end box16
1193,164
1196,159
1199,156
1204,154
1208,154
1212,154
1215,154
1219,154
1224,154
1229,154
1233,158
1235,164
1237,170
1236,176
1232,180
1225,181
1220,181
1216,181
1211,182
1207,181
1202,181
1195,180
1192,176
1192,170
end box17
768,180
773,175
780,172
785,171
789,170
799,171
804,170
811,170
820,173
825,179
827,188
824,194
814,196
806,196
800,196
788,196
783,197
774,197
766,194
765,187
end box18
532,194
534,191
537,189
540,188
550,188
553,188
556,189
560,191
563,194
564,198
563,202
560,205
554,205
551,205
539,204
535,204
532,201
531,198
end box19
511,177
512,176
513,176
514,176
515,177
515,177
516,178
516,179
516,180
516,181
516,182
515,183
514,184
513,185
512,184
511,183
511,182
end box20
622,176
622,174
623,172
624,171
626,170
628,170
629,169
631,170
633,171
635,172
636,173
637,175
637,178
637,180
636,182
635,184
632,185
630,185
627,185
625,184
624,183
622,181
622,179
621,177
end box21
625,175
625,174
626,173
630,172
631,173
633,173
634,174
635,176
635,177
635,179
634,181
633,182
631,182
629,183
628,182
626,182
625,181
624,180
625,178
end box22
501,155
502,154
503,154
504,154
505,155
506,156
507,157
507,162
506,163
505,164
503,165
502,164
501,163
end box23
887,70
888,68
890,66
892,66
895,65
897,65
900,66
902,68
903,71
903,73
903,76
903,78
902,81
901,84
898,85
895,86
892,85
889,85
887,83
887,80
end box24
740,159
741,158
744,159
745,159
745,160
746,161
746,162
745,163
745,165
745,166
743,166
742,166
741,166
740,165
739,164
end box25
397,189
398,188
399,187
400,187
401,187
402,188
403,189
403,190
404,192
404,193
404,195
403,196
402,197
400,198
399,197
398,196
397,195
end box26
629,155
632,154
633,155
634,155
635,157
635,162
634,164
633,164
631,164
630,164
629,163
end box27
364,141
365,140
367,140
368,141
369,141
370,143
370,148
369,149
368,150
366,151
365,150
364,149
363,148
end box28
756,172
756,172
757,171
758,171
759,171
760,171
761,172
761,173
761,174
761,175
761,176
761,177
760,178
759,179
758,180
757,179
756,178
755,177
end box29
740,172
740,171
741,171
742,171
743,171
744,171
745,172
745,173
746,174
746,175
745,176
746,178
745,179
744,180
742,180
741,180
740,179
739,178
end box30
755,158
756,157
758,157
759,158
759,158
760,159
760,163
759,164
758,165
757,165
756,165
755,164
end box31
870,68
871,67
873,66
876,65
878,65
880,67
883,68
883,81
881,84
879,85
876,86
873,85
871,84
869,82
868,79
end box32
1200,142
1204,142
1205,143
1206,144
1206,145
1206,146
1206,147
1206,149
1205,150
1204,150
1201,150
1200,150
1199,149
end box33
476,160
479,159
480,160
481,161
482,162
482,167
481,168
480,169
478,169
477,169
475,169
475,167
end box34
952,41
961,38
1006,38
1016,41
1017,51
1011,54
957,54
951,51
end box35
511,177
512,176
513,176
514,176
515,177
515,177
516,178
516,179
516,180
516,181
516,182
515,183
514,184
513,185
512,184
511,183
511,182
end box36
365,174
366,173
367,173
368,173
369,174
369,174
370,175
370,179
369,180
368,181
367,181
366,181
365,180
end box37
820,172
821,171
822,171
825,170
826,171
828,171
828,173
829,174
829,175
829,177
829,179
827,180
826,180
823,180
821,180
820,179
820,177
end box38
499,147
500,147
501,147
502,147
503,147
504,148
505,149
505,150
505,152
505,154
504,155
503,156
501,156
500,156
499,155
498,154
end box39
364,157
365,156
367,156
368,157
369,158
370,159
370,164
369,165
368,166
366,167
365,166
364,165
end box40
851,126
852,125
864,124
864,125
864,130
863,131
852,132
852,130
851,129
end box41
633,19
635,16
639,17
643,19
644,48
640,50
635,51
632,48
end box42
789,146
790,145
792,145
793,146
794,147
794,154
793,155
791,156
790,155
789,154
end box43
846,145
846,143
847,141
847,139
849,137
851,137
854,136
856,136
859,136
860,139
860,142
860,152
860,155
857,156
854,157
851,156
848,155
847,153
847,150
846,148
846,146
end box44
476,134
477,132
479,131
482,131
484,132
486,133
487,135
487,138
487,140
487,141
487,143
487,146
486,148
484,150
482,151
479,151
476,151
475,148
end box45
879,113
883,113
887,114
891,115
893,118
894,122
893,125
894,127
894,130
893,132
894,135
894,140
892,144
888,146
883,147
879,146
end box46
851,139
852,139
857,138
858,139
859,153
857,155
855,155
852,155
851,153
end box47
478,138
480,137
483,137
484,138
485,140
485,149
484,151
482,152
479,152
478,151
end box48
817,139
818,139
821,138
822,139
823,140
822,149
821,150
819,151
818,150
816,149
end box49
279,144
281,143
282,144
284,144
285,145
286,146
286,153
286,155
284,157
283,157
280,157
279,156
end box50
275,145
277,143
279,143
282,143
284,144
286,144
287,146
287,149
287,151
287,152
287,154
287,157
286,159
284,160
282,162
279,162
276,162
275,159
end box51
789,155
792,155
793,155
794,156
794,157
794,158
794,162
794,163
792,163
791,164
790,163
789,163
end box52
755,158
756,157
758,157
759,158
759,158
760,159
760,163
759,164
758,165
757,165
756,165
755,164
end box53
334,157
335,157
337,157
338,157
339,158
339,159
340,160
340,161
340,162
340,164
339,165
338,166
336,166
335,166
334,165
end box54
920,130
920,128
921,126
922,125
925,125
927,124
929,124
932,124
933,126
933,139
932,142
930,143
927,143
924,142
922,141
920,139
920,137
920,135
919,133
end box55
364,157
365,156
367,156
368,157
369,158
370,159
370,164
369,165
368,166
366,167
365,166
364,165
end box56
end total57boxes
