687,205
692,197
700,187
707,180
717,179
727,179
736,179
745,180
756,182
765,186
774,195
777,205
777,218
775,230
771,240
755,239
743,238
735,239
727,241
717,243
703,244
690,242
686,231
686,219
end box0
537,177
537,175
539,173
540,172
542,171
549,172
551,172
553,174
554,176
554,179
554,182
554,185
551,185
548,185
541,185
539,185
537,184
537,181
536,179
end box1
665,193
667,187
672,183
678,179
682,178
688,178
699,178
707,177
713,179
717,185
717,193
680,219
670,220
665,217
662,209
663,201
end box2
372,193
377,187
384,184
390,183
409,183
415,184
423,187
429,193
432,200
429,207
418,208
393,210
388,210
380,209
370,207
369,200
end box3
543,174
543,173
544,172
545,172
549,172
551,172
551,174
552,175
552,176
552,178
552,180
550,180
549,181
547,181
546,181
544,180
543,180
542,179
end box4
590,172
590,171
592,169
593,168
595,167
603,167
604,168
606,170
607,172
607,175
607,178
606,181
604,181
601,181
594,181
592,181
590,180
589,177
589,175
end box5
651,191
652,188
653,186
655,183
658,181
661,181
664,181
667,181
672,181
675,183
677,186
671,203
667,204
664,206
660,207
656,207
652,206
650,202
650,198
651,194
end box6
456,191
457,185
460,179
465,176
471,176
477,175
482,175
488,176
493,177
499,180
501,186
505,191
506,199
506,206
503,212
497,215
489,217
482,214
477,214
472,213
466,212
460,209
458,204
457,198
end box7
612,176
612,174
612,173
612,171
613,167
615,162
619,159
621,163
623,168
623,171
623,174
623,176
623,177
622,179
622,181
622,184
622,192
619,195
615,194
613,186
613,181
613,179
612,178
612,177
end box8
819,197
819,194
819,189
820,184
822,176
828,164
835,159
841,168
844,179
845,187
845,192
845,196
845,200
845,205
844,209
842,215
841,227
836,239
826,238
822,221
822,211
821,206
819,203
819,200
end box9
530,159
531,158
532,159
533,159
533,159
534,159
535,160
535,161
535,162
535,163
535,164
534,165
533,166
532,166
531,166
530,165
end box10
673,158
673,158
676,157
677,157
678,158
678,159
679,160
679,162
678,164
678,165
676,165
675,165
674,165
673,165
672,164
end box11
486,204
486,200
487,195
490,192
494,192
497,194
498,198
498,202
498,205
498,207
498,208
498,210
498,212
498,216
497,223
494,225
489,225
488,219
487,214
487,211
487,210
end box12
450,224
450,222
451,219
449,211
450,200
456,197
463,198
471,198
472,207
470,217
470,221
471,224
471,227
471,230
470,234
470,240
468,249
463,255
455,256
450,252
449,240
449,233
450,230
449,227
end box13
483,195
484,193
483,189
484,185
486,179
490,172
495,172
499,179
501,185
502,189
503,192
503,195
503,198
502,201
501,203
501,208
500,216
496,221
489,221
485,216
485,206
485,202
485,200
484,198
end box14
449,210
450,207
449,203
449,196
452,188
457,181
464,181
470,188
472,196
473,202
474,206
473,210
473,213
473,217
471,220
470,225
469,235
465,243
456,242
452,234
451,224
451,219
450,216
449,213
end box15
end total16boxes
