626,175
626,175
627,174
628,174
629,174
630,175
630,175
631,176
631,177
631,178
631,179
631,181
630,181
629,182
628,182
627,182
626,181
625,180
625,180
end box0
621,178
621,176
623,175
624,174
625,173
627,173
630,173
632,173
634,174
635,176
636,177
636,180
636,182
635,185
633,185
631,186
628,185
627,186
624,186
623,185
621,184
620,182
620,179
end box1
346,192
346,190
346,188
347,186
348,182
350,177
353,176
356,179
358,184
359,187
359,189
359,192
358,193
358,195
357,197
357,200
357,207
354,210
350,209
348,202
348,198
347,196
347,195
346,193
end box2
406,192
406,187
408,180
412,172
417,171
421,179
424,186
424,191
424,202
423,205
426,215
425,226
419,227
410,227
406,222
407,208
end box3
576,176
576,175
577,174
578,173
579,174
580,175
581,176
581,177
581,178
581,179
581,180
581,181
581,183
580,185
579,186
577,185
576,183
575,181
end box4
488,188
488,186
488,185
488,182
489,178
491,174
494,173
497,176
498,180
499,184
499,186
499,188
499,189
498,191
498,193
498,196
498,203
495,205
491,205
489,199
489,194
488,192
488,190
488,189
end box5
528,179
528,178
529,176
530,175
532,176
532,178
533,179
533,180
533,181
533,182
533,183
533,184
533,186
532,188
531,189
529,189
528,186
527,184
end box6
431,181
431,180
432,179
433,179
434,179
435,180
435,181
436,182
436,183
436,184
436,185
436,186
436,188
435,189
433,190
432,189
431,188
430,186
end box7
549,145
550,144
553,144
555,144
556,145
557,152
556,154
554,155
552,155
551,155
549,154
548,153
end box8
417,139
418,138
423,138
424,139
425,147
424,148
422,149
419,148
417,148
416,147
end box9
208,83
209,81
211,80
212,79
215,78
217,79
218,80
220,82
221,84
221,86
222,88
221,90
221,92
219,94
217,96
215,97
212,96
210,95
209,93
208,91
207,87
end box10
630,160
630,160
631,161
632,162
632,163
631,164
631,166
631,167
629,167
628,167
627,167
626,166
end box11
407,188
408,182
412,174
416,175
419,180
421,187
421,207
421,217
417,220
411,219
409,209
end box12
716,141
718,141
718,142
719,144
719,147
719,149
718,150
716,150
714,150
713,150
711,150
710,149
end box13
642,161
642,161
643,161
644,161
644,161
645,161
646,162
646,163
646,164
646,165
646,166
645,167
644,168
643,168
642,168
641,167
end box14
553,155
554,155
554,156
555,161
554,162
552,162
550,162
549,161
548,161
end box15
662,157
662,157
663,157
664,157
664,157
665,157
665,158
666,159
666,160
666,161
666,162
665,163
664,164
663,164
662,164
661,163
end box16
214,159
217,157
222,155
226,158
228,163
228,187
227,194
223,195
217,194
214,189
end box17
209,96
212,90
217,90
221,94
221,128
218,132
212,132
209,125
end box18
614,140
615,140
617,140
618,140
619,141
619,147
619,148
618,149
616,149
615,149
614,148
end box19
771,128
772,127
774,126
776,125
778,125
779,125
782,126
784,127
785,129
785,134
785,136
784,139
783,141
780,141
778,142
775,142
773,141
771,140
770,138
end box20
613,159
614,159
615,159
615,159
616,159
617,160
617,161
617,163
617,164
616,165
615,166
614,166
613,166
612,165
end box21
675,158
675,158
676,158
677,158
677,158
678,159
678,159
679,163
678,164
677,165
676,165
675,165
674,164
end box22
614,140
615,140
617,140
618,140
619,141
619,147
619,148
618,149
616,149
615,149
614,148
end box23
675,158
675,158
676,158
677,158
677,158
678,159
678,159
679,163
678,164
677,165
676,165
675,165
674,164
end box24
end total25boxes
