330,221
339,209
350,193
359,184
375,183
390,184
403,182
417,183
434,183
447,191
462,205
468,220
467,240
468,262
462,276
438,278
417,274
403,271
391,270
378,271
357,275
333,275
327,261
327,241
end box0
572,194
574,189
578,184
583,181
588,181
603,182
609,181
613,183
617,190
621,194
622,201
622,209
619,215
612,216
603,214
587,215
580,216
573,215
571,208
572,201
end box1
59,214
83,192
103,177
129,175
148,174
164,173
177,173
192,174
208,177
232,182
260,192
280,216
290,246
280,266
248,276
215,279
195,280
179,278
164,276
149,274
127,276
95,277
66,264
57,243
end box2
438,191
439,185
444,180
450,178
457,179
470,179
476,179
481,181
486,186
490,191
492,199
492,206
486,211
478,212
471,211
450,211
443,209
439,205
438,198
end box3
486,196
488,190
494,185
499,183
505,183
520,183
527,182
532,184
537,190
541,196
543,204
543,212
538,219
530,219
521,217
504,217
496,219
489,218
485,211
485,204
end box4
7,210
11,199
18,188
28,181
40,182
51,183
60,183
69,184
82,184
93,189
99,198
105,210
106,224
105,238
98,248
82,250
70,250
60,253
50,254
39,254
25,254
12,249
8,238
7,224
end box5
268,193
271,189
274,187
278,186
291,186
295,187
299,189
303,192
304,197
302,202
298,204
272,204
268,201
267,197
end box6
263,150
264,148
265,146
266,145
268,144
270,143
273,143
275,143
277,144
280,145
282,147
283,150
283,153
283,156
282,159
279,161
276,162
273,162
270,162
267,161
265,160
263,158
262,155
262,153
end box7
646,156
647,155
649,155
651,155
652,156
653,157
653,159
653,160
653,162
653,163
652,165
650,166
648,166
647,166
645,165
644,164
644,162
end box8
495,158
496,158
497,158
498,158
499,158
500,159
501,160
501,161
501,163
501,165
500,166
499,167
497,167
496,167
495,166
end box9
228,171
229,170
231,170
232,171
233,172
234,173
234,178
233,179
232,180
229,180
227,180
227,178
end box10
486,122
489,114
562,115
567,122
568,135
565,142
487,142
485,135
end box11
231,160
232,160
233,160
234,160
235,161
236,161
237,163
237,168
236,169
235,170
233,171
232,171
230,170
230,168
end box12
642,159
642,157
643,156
643,154
645,153
647,153
648,152
650,153
652,153
654,155
655,157
655,158
655,161
655,163
655,165
653,167
651,168
649,168
646,168
644,167
643,166
642,164
642,162
642,160
end box13
563,177
564,176
565,175
566,176
567,177
568,178
569,179
569,184
569,186
567,187
565,187
564,187
562,186
end box14
515,160
519,160
520,160
520,161
521,162
521,164
521,166
520,167
519,167
517,167
516,167
515,167
end box15
269,171
270,170
272,170
273,171
274,172
275,173
275,178
274,179
273,180
271,181
270,180
269,180
end box16
658,191
658,191
659,190
660,190
661,190
662,191
662,191
663,192
663,193
663,194
663,195
663,196
662,197
661,198
660,198
659,198
658,197
658,196
end box17
265,159
266,158
278,159
279,160
279,165
278,167
266,167
265,166
end box18
228,158
230,156
231,156
234,155
236,156
237,157
238,159
239,168
238,171
236,173
234,173
231,173
229,172
228,170
end box19
571,130
572,123
579,119
620,119
628,123
631,130
632,139
632,147
623,152
577,151
571,146
571,138
end box20
end total21boxes
