781,218
808,199
832,185
853,181
870,182
885,184
896,184
911,181
926,183
948,187
976,198
1000,218
1011,248
1002,267
970,281
938,282
844,281
817,277
783,266
773,247
end box0
549,202
554,197
558,193
563,191
567,191
579,191
584,191
589,193
594,197
599,201
601,209
600,215
594,219
586,220
580,219
567,219
560,220
552,220
548,215
548,208
end box1
588,190
589,187
591,184
593,182
596,182
605,182
608,182
610,184
613,187
615,190
615,194
615,198
613,202
610,203
606,203
602,201
594,199
591,199
589,196
588,193
end box2
690,176
690,174
691,173
693,171
695,171
703,170
706,171
707,174
708,176
708,179
707,182
707,185
704,186
701,186
696,186
694,186
691,186
689,184
689,181
689,179
end box3
699,178
699,176
701,174
702,173
704,172
709,172
712,172
714,173
715,175
716,177
716,180
716,182
715,185
712,186
710,186
708,186
705,187
703,186
701,186
699,184
699,182
699,180
end box4
703,193
703,191
704,189
705,187
707,186
708,185
711,184
713,185
716,185
718,187
718,190
718,192
717,200
716,202
713,203
711,204
708,204
705,203
704,201
703,199
702,196
702,194
end box5
632,158
633,159
634,160
634,161
634,165
633,166
632,167
630,167
629,166
628,166
627,165
end box6
690,145
695,144
696,145
697,146
697,147
697,149
697,151
696,152
695,152
693,153
692,152
691,152
690,151
end box7
674,143
675,143
679,143
680,143
681,145
681,150
680,152
679,152
676,152
674,151
674,150
end box8
453,113
456,111
485,110
488,112
488,119
487,122
454,122
453,118
end box9
628,148
629,148
630,148
631,148
632,148
633,149
634,150
634,151
634,153
634,155
633,156
632,157
630,157
629,157
628,156
627,155
end box10
723,144
729,144
730,144
730,145
731,147
731,150
731,151
730,153
728,153
726,153
725,153
723,153
722,152
722,150
end box11
483,122
485,121
496,121
497,123
497,137
496,139
493,141
484,140
483,137
end box12
663,158
664,158
664,159
665,164
664,165
662,165
660,165
659,164
end box13
643,161
644,160
647,161
647,161
648,162
648,166
648,168
646,168
645,169
644,168
643,167
end box14
695,156
696,157
696,158
697,159
697,163
696,164
694,164
692,164
691,164
690,163
end box15
680,159
681,159
681,160
682,165
681,166
679,166
678,166
677,166
676,165
end box16
707,143
714,143
714,144
715,151
714,152
712,152
707,151
706,151
end box17
662,143
663,143
668,143
669,143
670,151
669,152
667,152
664,152
662,152
662,151
end box18
805,157
806,156
808,155
811,155
813,155
815,156
817,158
818,160
818,167
818,170
816,172
814,174
811,174
808,174
806,172
804,171
803,168
end box19
988,113
991,110
1030,109
1034,112
1034,121
1033,125
988,125
987,120
end box20
708,159
712,159
713,159
713,160
713,161
714,165
713,166
711,166
710,166
709,166
708,165
707,164
end box21
835,157
836,157
839,156
841,156
842,157
843,158
843,160
843,163
843,165
842,166
840,166
838,167
837,166
835,166
834,165
834,164
end box22
590,142
591,142
592,142
593,141
594,142
595,143
595,150
594,151
592,151
591,151
590,150
end box23
end total24boxes
