193,231
217,202
243,182
275,176
301,173
322,173
341,174
362,175
383,181
412,188
439,205
459,233
468,268
456,293
422,308
388,317
366,321
343,312
322,310
301,313
273,315
234,313
200,296
190,269
end box0
681,194
682,188
687,182
693,178
699,178
705,178
710,178
716,178
724,177
730,180
732,188
735,194
735,202
734,209
731,215
724,217
716,217
710,216
704,218
697,220
688,221
682,217
679,210
681,201
end box1
647,177
648,173
651,170
653,168
657,167
671,167
674,169
677,172
678,176
678,181
677,185
675,189
671,190
655,192
651,192
647,190
646,185
646,181
end box2
571,174
571,172
573,170
574,168
576,168
584,168
586,169
587,171
588,173
588,176
588,179
587,181
585,183
582,183
575,183
572,182
571,180
571,178
571,176
end box3
752,262
770,232
794,206
819,191
849,190
876,195
900,197
927,193
954,196
978,210
1001,235
1017,262
1025,300
1021,333
997,359
970,376
933,370
902,359
877,356
848,363
808,372
775,362
750,336
747,301
end box4
436,192
442,183
449,175
458,170
468,170
476,170
483,169
491,171
501,171
511,174
520,181
524,192
525,204
524,216
517,225
503,226
492,226
484,226
457,224
444,224
437,215
435,204
end box5
638,177
639,175
640,174
641,172
642,171
644,170
646,170
647,170
650,171
652,172
652,174
653,176
652,179
652,181
652,183
650,184
648,185
646,186
643,186
641,186
639,185
638,183
638,180
638,178
end box6
708,156
708,156
711,155
712,156
713,156
713,157
713,158
713,160
713,161
713,162
711,163
710,163
709,163
708,162
707,161
end box7
613,157
614,157
617,157
617,157
618,158
618,162
617,163
616,164
615,164
614,164
613,163
end box8
546,158
549,158
550,158
551,159
552,160
552,161
552,163
552,165
551,166
550,167
548,167
547,167
546,166
545,165
end box9
391,124
392,122
393,121
395,120
397,119
399,120
400,121
402,123
403,125
403,127
403,128
403,131
403,133
401,135
399,137
397,137
394,137
392,136
391,134
390,132
390,130
390,128
end box10
558,174
558,173
559,173
560,173
561,173
562,173
563,174
563,175
564,176
563,177
563,178
563,180
563,181
561,181
560,182
559,181
558,181
557,180
end box11
end total12boxes
