520,200
521,197
520,194
521,189
523,182
528,173
534,171
539,178
541,186
542,192
543,196
542,200
542,203
542,206
540,209
540,215
539,225
535,233
526,233
523,223
523,212
522,208
521,205
521,203
end box0
504,199
504,197
504,193
504,189
506,182
510,173
516,170
521,178
523,186
524,192
524,196
524,199
523,202
523,205
522,208
522,214
521,224
517,232
509,232
505,221
505,211
505,207
504,204
504,202
end box1
292,237
287,223
289,209
292,185
303,154
323,121
341,126
358,167
369,193
371,212
373,226
370,238
368,248
364,257
360,266
360,283
362,327
348,359
317,357
304,326
303,287
302,268
300,257
295,248
end box2
525,207
524,205
525,203
525,200
526,194
529,187
533,185
536,191
538,197
538,201
538,204
538,206
538,208
537,210
537,212
537,217
537,225
534,230
528,230
526,220
526,214
525,211
525,210
525,208
end box3
507,205
508,203
508,200
509,194
512,188
516,186
519,191
521,197
521,201
521,204
521,206
521,208
520,210
520,213
520,217
520,226
517,230
511,229
509,220
509,214
508,211
508,210
end box4
705,142
706,141
708,139
710,139
712,139
714,139
716,140
718,141
719,143
719,148
719,150
719,153
717,155
715,156
712,156
709,156
707,155
705,154
704,151
704,149
704,147
end box5
1051,7
1053,6
1054,6
1056,6
1057,7
1058,9
1058,18
1057,20
1055,21
1052,20
1051,19
end box6
292,237
287,223
289,209
292,185
303,154
323,121
341,126
358,167
369,193
371,212
373,226
370,238
368,248
364,257
360,266
360,283
362,327
348,359
317,357
304,326
303,287
302,268
300,257
295,248
end box7
end total8boxes
