578,193
579,190
579,186
579,180
581,172
587,163
593,163
598,171
601,179
602,185
602,189
602,193
602,196
602,200
601,203
600,210
599,220
594,227
585,227
580,219
580,208
580,202
579,199
579,196
end box0
546,189
546,186
546,182
547,177
549,169
554,160
560,158
565,166
568,175
569,181
569,185
569,189
568,192
568,195
566,198
566,204
565,214
561,224
552,224
548,213
548,202
548,197
547,195
547,192
end box1
622,175
622,172
623,168
626,161
630,158
633,164
635,170
635,174
635,176
635,179
634,180
634,182
634,184
634,188
634,196
631,202
625,200
623,191
623,185
623,183
end box2
36,255
37,246
38,234
42,220
48,200
61,180
76,186
89,206
95,224
98,237
99,247
100,255
100,263
97,271
96,281
93,292
90,314
78,332
59,337
48,319
46,292
44,280
39,272
38,264
end box3
605,175
605,172
606,168
609,161
613,159
616,164
618,170
618,174
618,176
618,178
618,180
617,182
617,185
617,188
617,196
614,202
608,199
606,190
606,185
606,183
end box4
820,195
820,191
820,184
821,176
824,164
832,151
841,150
850,161
853,174
853,184
853,191
854,195
854,200
854,205
853,211
853,221
852,238
843,245
830,246
822,235
822,218
821,209
820,204
820,200
end box5
734,160
735,158
736,154
738,149
741,147
744,151
746,156
746,159
746,162
746,164
746,165
746,167
746,169
745,173
745,180
742,184
738,182
736,175
735,170
735,168
end box6
711,83
712,79
713,75
715,72
719,71
723,70
726,70
730,70
735,72
738,74
740,78
740,82
740,86
740,91
739,96
736,99
731,101
727,102
722,102
718,101
714,98
712,95
711,90
711,86
end box7
641,142
642,142
643,142
644,141
645,142
646,143
647,144
647,145
647,146
647,147
647,149
646,150
645,151
643,151
642,151
641,150
640,149
end box8
709,107
710,104
740,104
742,107
742,112
742,116
709,116
end box9
715,109
715,107
735,106
736,109
736,115
716,116
715,115
end box10
end total11boxes
