100,266
135,237
164,218
198,214
223,213
243,212
260,212
281,211
302,215
333,221
366,238
397,267
410,307
397,332
351,346
309,349
283,349
223,342
193,348
149,348
104,332
91,307
end box0
590,178
590,176
592,175
593,174
601,173
603,174
604,175
605,177
605,180
605,182
604,184
601,185
594,185
591,185
590,184
590,181
589,179
end box1
569,181
569,179
570,177
571,176
580,176
582,177
583,178
584,180
584,183
584,185
584,188
581,188
573,188
570,188
569,187
568,185
568,183
end box2
389,249
421,225
450,214
475,209
492,208
508,204
522,202
538,201
559,204
593,205
627,216
649,246
652,280
636,300
592,313
486,321
461,323
431,317
390,302
378,283
end box3
283,113
286,109
291,107
295,110
296,116
296,137
295,145
291,147
286,145
284,140
end box4
end total5boxes
