627,176
628,176
632,175
633,176
634,177
634,178
634,179
634,180
634,182
633,183
631,183
630,183
629,183
628,183
627,182
626,181
end box0
641,176
641,176
645,175
646,176
647,177
647,178
647,179
647,180
647,182
646,183
644,183
643,183
642,183
641,183
640,182
639,181
end box1
577,174
577,174
581,174
582,174
582,175
583,176
583,177
583,178
583,180
582,181
580,181
579,181
578,181
577,181
576,180
575,179
end box2
561,177
566,177
567,177
568,178
568,179
569,180
568,182
568,183
567,184
565,184
564,184
563,184
562,184
561,183
560,182
end box3
623,179
623,177
625,176
626,175
627,174
634,174
636,175
637,176
638,178
638,181
639,183
638,186
635,186
632,186
626,187
624,186
623,185
622,183
622,180
end box4
554,181
555,179
556,177
557,176
559,176
566,176
568,177
570,178
571,180
571,183
571,186
570,188
567,189
565,189
561,189
558,189
556,188
554,187
554,185
553,183
end box5
547,159
548,158
549,158
550,158
551,159
551,159
552,160
552,161
552,162
552,163
552,164
552,165
550,166
549,166
548,166
547,165
546,164
end box6
592,175
593,174
594,174
595,174
596,174
597,175
597,176
598,178
598,181
597,182
596,183
594,183
593,183
592,182
591,181
end box7
659,160
659,160
660,161
660,165
660,166
658,167
657,167
656,167
655,166
end box8
600,126
601,126
603,126
604,126
605,127
605,134
604,135
602,135
601,134
600,134
end box9
680,164
680,164
681,165
681,166
681,168
681,169
681,170
679,171
678,171
677,171
676,170
675,169
end box10
676,172
677,171
678,171
679,171
680,171
681,172
681,173
682,178
681,179
679,179
678,180
677,179
676,179
end box11
655,110
656,109
657,109
658,109
659,110
660,118
659,119
657,119
656,119
655,118
end box12
end total13boxes
