852,237
870,189
901,150
947,138
996,133
1032,139
1068,137
1105,134
1143,147
1185,162
1222,195
1244,239
1253,294
1243,342
1205,360
1138,367
1098,366
1065,358
1036,358
1008,358
968,358
899,357
859,341
851,293
end box0
515,190
522,181
530,173
539,168
548,168
557,169
564,169
572,169
581,169
591,173
600,180
606,190
608,203
608,216
599,222
583,224
573,225
565,225
556,224
548,224
537,224
521,223
514,216
513,203
end box1
320,220
336,203
351,192
366,187
381,187
393,187
404,186
416,187
431,186
447,192
465,202
478,219
480,240
477,257
457,268
434,270
417,269
404,267
382,265
364,268
339,270
320,257
316,241
end box2
716,190
721,180
728,171
738,167
748,167
757,168
764,167
772,168
783,168
794,171
802,179
806,190
808,203
807,215
799,223
785,226
774,226
765,224
756,225
746,227
735,226
722,224
714,215
713,203
end box3
438,193
437,184
440,177
447,174
456,174
468,175
475,175
482,176
488,180
491,187
494,193
496,201
496,210
493,217
485,220
476,220
469,220
463,219
456,218
450,217
444,213
441,207
end box4
823,91
824,89
825,88
827,87
829,86
831,86
833,86
835,86
837,88
838,90
838,92
838,95
838,97
837,100
836,101
833,103
831,103
828,103
826,102
824,100
823,98
823,96
823,94
end box5
263,131
266,127
270,126
273,129
275,152
274,158
270,160
265,159
263,155
end box6
end total7boxes
