601,178
603,175
607,171
609,168
613,168
624,168
629,168
632,170
636,174
639,178
638,183
639,189
637,195
631,195
625,194
612,195
607,195
602,194
600,188
600,183
end box0
784,214
789,203
800,190
809,180
823,180
837,180
848,180
861,181
876,181
886,188
898,202
902,214
903,232
902,249
897,263
880,265
860,260
847,259
837,260
824,261
804,267
787,266
783,249
783,232
end box1
636,179
637,176
639,174
642,172
644,171
647,172
652,172
656,171
658,173
661,176
663,179
663,183
664,187
662,191
658,192
653,191
647,190
644,191
640,190
637,189
636,186
636,182
end box2
687,177
690,174
692,172
694,170
697,170
708,170
710,171
713,174
716,177
716,181
716,185
714,188
709,189
696,189
692,189
688,188
687,184
687,180
end box3
673,175
674,175
678,174
679,175
680,176
680,177
680,178
680,179
680,181
679,182
677,182
676,182
675,182
674,182
673,181
672,180
end box4
1025,251
1054,230
1077,219
1097,215
1114,217
1127,216
1139,213
1154,210
1172,209
1199,211
1223,223
1241,248
1249,278
1239,298
1210,315
1181,317
1157,312
1110,307
1086,315
1057,311
1025,298
1014,279
end box5
799,176
799,174
800,172
801,171
803,170
805,170
806,169
808,170
811,170
813,171
813,173
814,175
813,178
813,180
813,182
811,184
809,184
807,184
804,185
802,185
800,183
799,181
799,179
799,177
end box6
734,189
734,187
735,185
737,183
739,182
740,182
745,182
747,182
750,183
751,186
751,188
751,191
751,193
750,196
748,197
745,198
743,198
740,198
738,198
735,197
734,195
734,193
734,191
end box7
734,182
734,180
736,178
737,177
739,176
747,176
749,177
751,179
751,181
751,184
751,187
750,189
747,190
745,190
740,190
738,190
736,190
734,189
733,186
733,184
end box8
729,181
731,178
733,176
735,174
738,174
748,174
751,175
754,177
756,181
756,185
756,188
753,191
749,192
746,192
740,193
737,193
734,192
730,191
728,188
728,184
end box9
744,193
747,187
752,181
758,178
764,177
770,177
781,177
788,177
795,179
801,186
803,192
803,201
802,209
797,215
789,217
763,217
754,218
746,216
743,209
743,201
end box10
660,175
661,174
662,174
663,173
664,174
665,174
666,175
666,176
667,177
667,178
667,179
667,181
666,182
665,183
663,183
662,183
661,182
660,181
end box11
651,179
651,176
652,174
653,173
656,173
658,173
661,173
663,173
665,174
667,176
668,178
668,181
669,184
668,187
665,188
662,188
660,188
657,187
655,187
653,186
651,185
651,183
651,181
end box12
701,178
701,176
703,174
704,173
706,172
715,172
717,173
719,176
720,178
720,181
720,184
719,187
716,188
713,189
706,188
703,187
701,186
700,183
700,181
end box13
787,174
787,172
788,170
790,169
792,168
797,167
800,168
802,169
803,171
804,173
804,176
804,178
803,181
801,182
798,183
796,183
793,182
791,182
789,182
787,180
787,178
787,176
end box14
751,176
751,174
753,172
754,171
756,170
764,170
766,171
768,173
768,175
768,178
768,181
767,183
764,184
755,184
753,184
751,182
750,180
750,178
end box15
1087,63
1089,58
1092,53
1096,50
1101,47
1106,45
1111,44
1117,45
1122,48
1126,51
1131,57
1133,62
1133,69
1131,75
1128,80
1123,84
1118,88
1112,90
1106,90
1099,87
1094,84
1091,79
1088,74
1088,68
end box16
1092,91
1097,89
1134,91
1135,95
1135,109
1131,112
1096,111
1092,109
end box17
577,175
578,174
579,174
580,174
581,175
582,176
583,177
583,178
583,179
583,180
583,182
582,184
581,184
579,185
578,184
577,183
576,182
end box18
593,177
593,176
594,176
595,176
596,176
597,176
598,177
599,178
599,179
599,180
599,181
599,183
598,184
597,184
595,185
594,185
593,184
592,183
591,182
end box19
740,200
743,195
747,193
750,196
752,202
752,222
751,230
748,231
742,230
740,225
end box20
600,161
601,161
601,162
602,163
602,164
602,165
602,167
601,168
599,168
598,168
597,168
596,168
595,167
end box21
679,160
680,161
681,161
681,165
680,166
679,166
678,166
677,166
676,166
end box22
837,127
838,126
839,126
840,126
841,127
841,127
841,133
840,134
839,134
838,134
837,133
end box23
end total24boxes
