369,219
381,207
393,197
404,191
417,191
428,191
437,191
448,192
462,190
477,194
492,203
498,218
499,236
496,252
484,263
465,264
448,262
400,264
380,264
367,253
365,238
end box0
524,179
524,176
525,175
527,173
529,173
534,173
537,173
539,174
540,176
541,178
541,181
541,184
540,186
538,188
535,188
533,188
530,187
528,187
526,187
524,185
524,183
523,181
end box1
653,154
653,152
654,150
656,149
658,148
661,148
663,149
665,149
668,150
668,153
669,155
668,158
668,160
668,163
666,165
664,166
661,166
658,166
655,166
654,164
653,162
end box2
379,164
380,164
385,163
386,164
386,165
387,167
387,170
387,172
386,173
384,174
382,174
381,173
379,173
378,172
end box3
592,175
592,175
593,174
594,174
595,174
596,174
597,175
597,176
598,177
597,178
597,179
597,181
597,182
595,182
594,183
593,182
592,182
591,181
end box4
end total5boxes
