585,189
586,186
588,182
590,179
593,178
609,178
611,181
613,185
614,188
614,192
614,197
614,203
611,205
592,204
587,205
585,202
585,196
585,192
end box0
576,176
577,175
579,175
580,176
580,176
581,177
581,178
581,179
581,180
580,181
579,181
578,181
577,181
576,181
576,180
575,179
end box1
560,176
561,176
563,176
564,176
565,177
565,178
565,179
565,180
565,181
564,182
563,182
562,183
561,182
560,182
559,181
end box2
508,180
508,178
509,177
511,175
512,175
517,175
519,175
521,176
522,178
523,179
523,182
523,184
522,187
520,187
518,188
513,187
511,188
509,187
508,186
507,184
507,181
end box3
441,176
441,174
443,173
444,172
454,171
456,172
457,174
459,176
459,179
459,182
458,185
455,185
445,185
442,185
440,184
440,181
440,179
end box4
570,192
570,190
571,188
572,187
574,186
582,186
583,187
585,189
585,191
585,194
585,196
584,199
582,200
580,200
573,200
571,200
570,198
570,195
570,193
end box5
531,175
531,175
532,174
534,174
535,175
535,175
536,176
537,177
537,178
537,179
537,181
536,182
534,182
533,182
532,182
531,181
530,180
end box6
544,175
545,174
545,174
546,174
547,174
547,174
548,175
549,175
549,176
549,177
549,178
549,179
548,180
547,180
546,181
545,180
544,180
544,179
end box7
825,117
825,110
828,106
834,104
840,102
845,102
851,103
857,106
861,109
862,116
863,122
864,127
863,133
861,139
858,145
852,148
846,150
839,150
832,148
827,144
826,138
824,132
824,127
end box8
826,84
828,80
829,76
831,73
834,70
838,69
843,69
847,70
851,71
853,75
855,79
857,83
857,88
856,92
855,97
852,101
848,103
843,105
838,105
834,103
830,99
828,95
827,91
826,87
end box9
694,75
698,64
774,67
779,78
779,148
776,158
761,161
713,163
699,159
696,148
end box10
483,172
484,171
487,171
488,172
489,173
489,182
487,183
486,184
484,183
482,182
end box11
674,146
675,145
677,145
678,145
679,146
679,153
677,153
676,153
675,153
674,152
end box12
546,161
547,162
547,162
547,163
547,166
547,167
546,167
545,167
544,167
543,166
end box13
end total14boxes
