339,235
355,219
368,205
382,198
397,196
411,196
424,195
437,197
455,196
476,200
494,212
502,233
500,255
497,275
479,285
453,287
437,288
424,287
412,286
399,286
381,287
352,287
335,276
334,257
end box0
667,202
671,194
678,186
687,181
696,181
705,182
712,182
720,182
729,183
737,186
746,194
750,202
751,215
750,226
745,236
732,237
720,234
712,234
704,236
695,238
682,240
672,237
666,227
667,215
end box1
642,190
643,186
645,183
648,181
652,180
661,180
666,180
670,182
672,185
673,189
672,194
672,198
670,202
666,203
662,204
655,204
651,205
647,203
644,202
642,198
642,194
end box2
639,192
639,190
640,188
641,187
643,185
644,185
647,184
649,184
652,185
654,186
655,189
655,191
653,199
651,200
649,201
647,201
644,202
641,202
639,201
638,199
638,196
638,193
end box3
752,246
760,227
777,210
791,194
808,186
829,188
849,185
871,184
896,189
913,201
923,223
926,245
925,270
920,293
905,308
890,321
868,324
848,329
826,335
803,338
777,337
755,323
747,300
749,273
end box4
652,191
652,189
653,188
654,186
656,185
658,184
661,184
663,184
666,184
668,186
670,188
670,191
669,194
669,197
668,199
666,201
664,202
661,202
658,202
656,202
653,201
652,199
651,196
651,194
end box5
640,173
641,172
645,172
646,173
647,174
647,175
647,176
647,177
647,179
646,180
645,180
643,181
642,180
641,180
640,179
end box6
662,208
663,207
664,206
666,207
667,208
668,209
667,218
666,219
665,220
663,220
661,218
end box7
end total8boxes
