372,216
374,205
379,195
389,192
401,193
410,194
417,193
426,193
434,195
445,199
454,206
458,216
459,229
458,242
452,249
436,250
427,251
418,251
410,249
403,248
394,246
381,245
377,238
375,227
end box0
169,249
189,231
206,214
226,208
245,207
261,207
275,206
291,204
308,208
328,215
352,229
366,249
373,276
367,297
342,309
312,313
292,312
275,305
262,302
247,304
224,308
193,309
169,297
163,276
end box1
444,198
445,189
451,186
459,185
466,186
473,186
479,187
486,188
490,193
495,199
498,205
498,213
499,222
497,230
489,232
481,232
473,230
467,229
461,228
457,225
end box2
702,186
704,180
707,174
712,172
718,172
723,172
728,172
733,172
739,172
743,175
746,181
751,186
752,193
753,200
749,205
740,206
733,206
728,205
723,205
718,205
713,205
705,203
702,199
702,192
end box3
515,193
514,188
516,184
519,182
523,182
527,183
530,183
534,183
537,184
539,186
543,189
544,192
544,197
545,202
544,206
540,208
535,209
530,207
527,206
524,206
521,205
end box4
932,162
955,150
970,142
983,140
993,140
1002,139
1009,138
1018,139
1030,137
1047,139
1069,144
1085,161
1087,181
1080,194
1055,203
1033,201
992,199
976,203
955,202
929,195
925,183
end box5
631,181
633,177
636,175
639,173
642,173
655,172
658,174
661,177
664,180
664,185
664,190
661,194
656,194
641,194
637,194
633,193
631,189
631,185
end box6
539,188
539,185
540,183
542,182
544,182
547,182
549,183
550,184
551,186
552,188
553,190
553,192
554,194
553,197
552,199
550,200
547,200
544,199
542,199
541,197
end box7
503,194
503,190
504,186
506,184
510,184
514,184
517,184
520,184
524,185
526,187
528,190
529,194
530,198
530,202
529,207
526,209
522,210
517,208
514,207
511,207
508,205
end box8
678,180
679,177
681,175
683,173
686,173
693,173
696,173
699,174
701,177
703,180
703,183
703,187
701,190
697,191
694,191
688,191
685,191
682,191
679,190
677,187
677,183
end box9
487,201
488,197
490,195
494,194
498,194
501,194
504,195
507,197
508,200
511,202
511,205
512,208
513,212
512,217
510,220
506,220
502,220
498,218
495,218
end box10
654,176
655,175
657,173
659,173
664,172
667,173
669,174
670,176
671,178
671,181
671,184
671,187
668,188
666,189
663,188
660,188
658,187
656,187
655,185
654,181
end box11
526,192
527,190
530,189
532,188
535,189
537,189
539,191
540,193
541,194
542,196
543,199
543,201
542,205
541,207
538,208
535,207
532,206
end box12
678,188
679,185
682,182
684,180
687,180
696,180
699,180
702,181
705,184
707,188
708,192
707,196
705,200
701,201
696,200
693,200
690,200
686,201
683,201
679,199
677,195
677,192
end box13
701,139
702,138
704,137
706,136
708,136
710,136
712,137
714,138
715,140
715,145
715,147
715,150
713,152
710,153
708,153
705,153
703,152
701,151
700,148
700,146
700,144
end box14
658,175
659,174
660,174
663,173
664,174
666,174
667,175
668,177
667,178
667,180
667,182
666,183
664,183
662,183
661,183
659,183
658,182
657,181
end box15
711,157
712,158
713,159
713,164
712,165
711,166
708,166
707,165
706,164
end box16
703,144
704,143
712,142
713,143
714,145
714,146
714,148
713,150
712,151
710,152
708,152
707,152
705,151
704,150
703,149
end box17
626,162
626,162
627,162
628,162
628,162
629,162
630,163
630,164
630,165
630,166
630,167
629,168
628,169
627,169
626,169
625,168
625,167
end box18
147,123
147,119
149,117
151,116
153,115
156,115
158,115
161,116
164,118
164,120
165,123
165,126
164,129
164,132
162,134
159,135
156,136
153,136
150,135
148,133
147,131
146,128
146,126
end box19
1126,119
1129,103
1128,83
1137,69
1156,67
1175,66
1191,66
1208,69
1227,70
1240,82
1244,99
1244,118
1242,135
1243,154
1239,172
1225,182
1212,190
1193,187
1173,186
1154,189
1139,185
1126,172
1124,152
1124,135
end box20
1126,119
1129,103
1128,83
1137,69
1156,67
1175,66
1191,66
1208,69
1227,70
1240,82
1244,99
1244,118
1242,135
1243,154
1239,172
1225,182
1212,190
1193,187
1173,186
1154,189
1139,185
1126,172
1124,152
1124,135
end box21
end total22boxes
