752,258
768,229
793,202
819,189
850,187
876,191
899,192
925,192
951,197
978,206
1005,231
1019,259
1026,296
1016,328
994,349
960,356
925,349
852,348
815,359
779,352
754,330
749,297
end box0
236,240
256,226
270,213
283,206
298,206
311,203
323,200
338,197
353,201
373,207
394,219
402,238
405,261
399,280
380,292
356,297
340,301
324,296
310,292
296,293
276,296
251,293
233,280
228,262
end box1
373,218
375,208
380,198
389,194
402,195
411,195
419,195
427,196
436,197
445,202
453,210
457,219
458,232
458,244
451,251
438,254
428,256
420,257
411,255
403,253
394,251
382,249
378,241
end box2
470,203
476,198
483,196
488,195
505,195
510,195
517,198
525,203
528,211
525,216
514,217
506,217
487,218
478,218
468,216
467,210
end box3
610,171
610,171
614,171
615,171
615,172
616,173
616,174
616,175
616,177
614,177
613,178
612,178
611,177
610,177
609,177
608,176
end box4
593,174
593,174
597,174
598,174
598,175
599,176
599,177
599,178
599,180
597,180
596,181
595,181
594,181
593,180
592,180
592,179
end box5
625,173
627,171
627,171
631,171
632,171
633,172
633,173
633,174
633,175
633,177
632,178
630,178
628,178
627,178
626,177
625,176
end box6
556,180
556,178
557,176
558,175
560,175
562,174
565,174
567,175
569,176
570,177
571,179
572,182
572,184
571,187
569,188
566,188
564,188
561,188
559,188
557,187
556,186
555,184
555,181
end box7
579,176
579,176
583,176
584,176
584,177
585,178
585,179
585,180
585,182
584,183
582,183
581,183
580,183
579,183
578,182
577,181
end box8
561,176
562,175
563,175
565,175
566,175
567,176
567,177
568,178
568,179
568,180
568,182
567,183
566,183
564,183
563,183
562,183
561,182
560,181
end box9
579,127
580,127
581,127
582,127
583,127
584,128
584,129
585,130
585,131
585,132
585,134
584,135
583,135
581,136
580,135
579,135
578,134
end box10
593,158
594,158
596,158
597,158
597,158
598,159
599,160
598,161
598,162
598,163
598,164
596,165
595,165
594,165
593,164
592,163
end box11
539,140
540,140
542,140
544,140
545,141
545,143
545,147
545,148
544,149
543,150
541,151
540,151
538,150
end box12
559,161
560,161
561,161
562,161
563,161
563,161
564,162
564,163
564,164
564,165
564,166
564,167
562,168
561,168
560,168
559,167
558,166
end box13
535,142
536,141
537,141
538,141
540,141
540,142
541,144
541,149
540,151
539,151
537,152
536,151
535,151
end box14
611,160
612,159
613,159
614,159
615,160
615,160
616,161
616,162
616,163
616,164
616,165
616,166
614,167
613,167
612,167
611,166
end box15
628,125
631,124
633,125
634,125
634,127
635,128
634,131
634,132
633,134
632,134
630,134
629,134
627,134
627,132
end box16
547,108
548,107
550,107
552,107
553,108
553,114
553,115
552,116
551,117
549,118
548,118
546,117
end box17
595,141
596,141
597,141
598,141
599,141
600,142
600,143
601,144
601,145
600,146
600,148
600,149
599,150
597,150
596,150
595,149
end box18
627,142
631,142
632,143
632,144
633,145
633,146
633,147
633,149
632,150
631,150
629,150
628,150
627,150
626,149
end box19
595,141
596,141
597,141
598,141
599,141
600,142
600,143
601,144
601,145
600,146
600,148
600,149
599,150
597,150
596,150
595,149
end box20
543,159
544,158
545,158
546,158
547,159
548,160
549,161
549,166
548,167
547,168
545,169
544,168
543,168
end box21
543,126
544,126
545,126
547,126
548,126
548,128
549,134
548,135
547,136
545,137
544,137
542,136
end box22
578,139
579,139
581,138
582,139
582,139
583,140
583,144
582,145
581,146
580,146
579,146
578,145
end box23
end total24boxes
