947,228
958,194
976,160
1001,135
1036,129
1070,125
1105,123
1146,119
1190,118
1218,140
1225,186
1231,225
1235,270
1231,315
1228,364
1196,374
1142,363
1103,361
1068,365
1029,372
981,375
949,355
942,315
943,271
end box0
8,206
22,194
37,188
49,188
58,188
72,187
79,188
87,188
97,191
111,196
128,206
133,222
128,232
108,238
90,236
78,234
72,235
65,236
59,234
48,236
31,237
11,231
7,222
end box1
701,190
707,184
713,180
717,177
722,176
727,176
732,177
736,177
742,177
749,178
755,182
759,189
760,197
757,204
751,207
742,208
736,208
732,208
727,209
721,210
714,211
705,210
699,205
699,197
end box2
187,195
190,184
197,175
208,172
219,171
228,170
236,170
245,170
255,171
264,176
271,185
276,195
276,208
277,221
272,229
255,230
245,231
236,232
227,233
219,231
208,230
192,229
187,221
187,208
end box3
442,181
444,175
449,171
454,169
478,168
484,170
488,175
492,180
494,188
493,195
486,199
479,200
473,200
458,201
451,201
445,199
440,194
440,187
end box4
298,205
304,199
310,193
317,192
323,191
328,191
333,191
338,192
345,191
351,193
358,198
364,205
366,214
364,222
356,226
346,227
339,227
333,227
328,227
322,228
314,229
302,228
295,223
295,214
end box5
763,187
768,182
775,178
780,176
785,176
797,177
803,176
809,177
816,181
821,187
824,196
822,203
814,206
804,206
798,205
789,205
785,206
779,206
769,206
762,202
762,195
end box6
407,178
407,176
407,173
407,168
409,163
413,156
418,153
423,160
425,166
425,172
425,175
425,178
425,181
425,183
424,186
424,192
423,200
419,206
412,206
409,197
409,189
408,185
408,183
408,181
end box7
58,150
60,148
76,149
78,166
75,167
58,167
57,164
end box8
663,154
664,154
665,161
664,162
663,163
660,163
658,163
end box9
688,174
689,173
690,172
691,173
692,174
693,175
694,181
693,182
692,183
690,184
689,184
687,183
687,181
end box10
end total11boxes
