685,209
690,201
698,191
705,185
715,183
725,182
734,182
744,182
755,184
762,190
771,200
776,209
776,223
775,236
773,247
756,247
743,245
734,245
724,246
714,248
701,249
687,247
685,236
686,223
end box0
792,271
811,236
844,208
878,197
912,196
940,202
965,204
992,204
1019,209
1047,220
1079,243
1103,274
1113,317
1106,351
1072,373
1029,376
990,366
915,369
874,382
830,378
795,354
790,317
end box1
318,203
332,189
348,184
362,181
373,181
382,181
390,180
398,181
408,181
420,185
438,191
454,204
459,222
453,234
430,241
411,241
398,240
390,242
345,239
325,232
319,220
end box2
499,178
501,174
505,171
508,170
512,170
524,170
528,172
533,174
537,178
537,183
535,188
531,191
504,190
500,187
499,183
end box3
377,191
388,181
400,176
410,174
419,174
440,174
448,174
458,177
470,182
482,192
487,206
482,217
467,224
451,223
396,221
382,216
376,205
end box4
666,196
667,193
669,191
671,189
673,188
676,188
679,188
682,188
685,188
689,189
691,192
691,196
691,199
690,203
688,206
685,207
682,208
679,208
676,209
672,209
668,209
666,207
665,203
665,199
end box5
539,180
539,177
540,176
542,174
544,174
546,173
547,173
549,174
551,174
553,175
555,177
555,179
556,182
556,184
555,187
553,188
550,189
548,189
545,188
543,188
541,187
540,186
539,184
539,182
end box6
554,178
554,176
556,174
557,173
559,173
566,173
568,174
569,175
570,177
571,180
571,183
570,185
568,186
565,186
558,186
556,185
554,184
554,182
554,180
end box7
64,228
93,195
125,178
163,176
191,179
210,179
227,179
246,177
269,180
303,184
336,200
371,230
387,272
373,298
317,309
275,314
251,316
189,310
164,310
122,310
72,295
58,269
end box8
201,217
212,198
231,189
252,187
267,187
279,188
290,187
301,189
314,189
332,193
350,202
366,219
372,241
367,258
343,268
319,270
210,256
202,240
end box9
678,189
680,185
683,183
685,181
688,180
701,180
705,181
708,184
709,188
708,193
707,196
687,203
682,203
679,201
677,197
677,193
end box10
560,175
560,175
561,174
565,174
566,175
567,176
567,177
567,178
567,180
567,181
566,182
565,182
563,182
562,182
561,182
560,181
559,180
end box11
576,177
577,176
577,176
578,175
582,175
583,175
584,176
584,177
584,178
584,179
584,181
583,182
581,182
580,182
579,182
578,182
577,181
576,180
576,179
576,178
end box12
511,191
512,190
513,190
515,190
515,192
516,193
517,194
517,195
517,196
517,197
517,199
516,200
515,202
513,202
512,202
511,200
510,199
end box13
507,192
508,191
508,189
510,188
511,187
514,186
516,186
517,188
519,190
519,192
520,194
520,195
520,198
519,200
518,202
517,204
514,204
511,204
509,203
508,201
507,199
end box14
673,175
673,174
674,174
675,174
676,174
677,174
678,175
678,176
679,177
679,178
679,179
679,181
678,182
676,182
675,182
674,182
673,182
672,181
end box15
628,160
632,160
632,160
633,161
633,162
633,164
633,166
633,166
631,167
630,167
629,167
628,166
627,165
end box16
531,160
532,160
533,160
534,160
534,160
535,161
535,161
536,162
536,164
536,165
535,166
534,167
533,167
532,167
531,166
end box17
end total18boxes
