-17,248
4,223
22,204
53,202
78,205
96,206
110,207
127,208
145,210
174,213
197,227
218,252
230,285
222,308
190,319
149,317
128,319
112,320
95,321
80,318
56,320
13,324
-13,308
-19,283
end box0
888,244
924,210
956,188
991,179
1020,178
1043,176
1066,173
1093,169
1127,170
1175,172
1203,197
1224,241
1229,286
1214,320
1170,339
1090,341
1066,342
1040,344
1016,345
986,343
936,337
887,322
877,290
end box1
185,217
207,201
228,195
245,195
257,195
273,196
281,197
291,198
306,200
327,204
352,219
361,240
351,252
319,258
296,256
222,257
193,251
184,239
end box2
602,174
603,175
604,176
605,178
605,179
605,181
604,183
603,184
601,185
598,185
596,184
595,183
594,182
end box3
end total4boxes
