135,270
134,260
135,247
138,230
146,204
163,173
179,169
197,200
205,227
208,246
208,259
211,270
209,281
205,290
203,301
196,310
194,341
182,378
158,380
146,346
145,310
141,298
136,290
134,280
end box0
610,160
610,159
611,158
612,158
613,159
614,159
615,160
615,161
615,162
615,163
615,164
615,165
614,166
614,168
612,168
611,168
610,166
609,165
end box1
675,123
680,123
681,124
682,125
682,132
681,133
679,134
676,134
674,133
673,132
end box2
740,123
742,121
743,120
748,119
750,119
752,120
754,121
755,134
753,137
751,138
748,138
742,137
740,135
740,133
end box3
873,59
874,57
876,56
879,56
881,56
884,58
885,60
885,71
884,74
882,76
879,77
876,76
874,75
873,72
end box4
721,128
722,127
725,127
726,128
727,129
728,137
727,139
725,139
724,140
721,140
720,139
end box5
679,141
681,141
682,142
682,144
682,147
682,149
681,150
679,150
677,151
676,150
674,150
673,149
end box6
876,77
877,76
878,75
880,75
881,76
882,77
883,78
883,83
882,84
881,85
879,85
878,85
877,84
876,83
end box7
512,138
514,138
515,138
517,138
518,138
519,140
519,149
517,151
516,151
513,151
512,150
end box8
end total9boxes
