502,202
506,196
514,186
518,179
528,178
537,178
546,177
555,178
564,180
568,187
578,196
582,202
582,214
582,226
579,239
571,242
555,237
514,240
506,238
504,225
503,214
end box0
436,190
438,185
443,180
447,178
453,179
466,179
471,179
476,181
480,186
484,190
486,197
485,205
481,209
473,210
467,209
462,208
457,208
453,209
447,209
440,208
436,203
436,197
end box1
155,245
182,211
211,185
242,173
274,169
301,170
326,170
353,170
382,176
412,188
446,211
469,245
478,290
471,326
440,350
399,361
355,350
326,341
302,339
275,345
230,358
181,354
153,327
145,290
end box2
581,190
583,183
590,179
597,177
602,177
623,177
628,179
633,185
638,190
641,198
640,206
632,210
624,211
594,212
586,211
580,206
580,198
end box3
504,192
507,186
512,180
517,176
523,174
529,174
535,175
541,175
549,175
556,178
562,184
565,191
563,200
562,208
557,213
548,215
541,215
530,216
523,217
515,217
507,215
502,208
503,200
end box4
640,176
641,175
642,175
643,175
644,174
645,175
646,176
646,177
647,178
647,179
647,180
647,182
646,183
645,184
643,184
642,184
641,183
640,182
end box5
656,161
656,160
660,160
661,161
661,162
662,163
662,164
662,165
662,167
661,168
660,168
658,168
657,168
656,168
655,167
end box6
end total7boxes
