415,221
420,212
430,200
437,191
449,190
461,191
472,190
484,191
495,193
502,200
513,212
519,220
518,236
518,252
516,266
501,267
483,262
471,262
461,263
450,264
432,267
420,266
417,251
416,236
end box0
712,222
718,211
727,201
734,190
745,187
758,188
769,187
781,187
799,187
815,189
820,204
816,220
803,259
790,262
778,264
768,266
757,269
744,271
728,270
713,267
710,252
711,237
end box1
507,197
507,191
511,185
516,183
523,183
528,182
533,182
538,183
544,183
548,187
554,192
556,197
558,205
558,213
555,219
548,220
539,219
533,218
528,218
522,219
516,218
510,216
508,210
508,204
end box2
774,262
793,231
823,205
851,191
882,190
909,197
932,201
957,200
985,202
1015,209
1044,232
1061,263
1071,304
1066,340
1043,366
999,367
958,355
932,350
910,352
882,360
842,371
800,363
771,342
768,305
end box3
643,187
644,184
647,181
650,178
653,177
664,177
668,177
671,180
675,183
676,187
676,192
676,197
675,202
670,203
664,202
652,203
647,203
644,202
643,196
642,192
end box4
621,179
621,177
622,176
623,174
625,173
627,173
633,173
635,173
636,176
636,178
636,181
636,183
635,185
633,186
631,187
628,187
626,188
624,188
621,187
620,185
620,183
620,180
end box5
592,176
593,175
597,175
598,176
599,177
600,178
600,179
599,181
600,182
598,183
597,183
595,184
594,183
593,183
592,182
591,181
end box6
558,188
558,186
559,184
561,183
570,184
572,184
574,186
575,188
576,191
576,194
575,197
572,197
569,197
562,197
560,197
558,195
557,193
557,191
end box7
578,176
578,176
579,175
581,175
582,176
582,176
583,177
584,178
584,179
584,180
584,182
583,182
581,183
580,183
579,183
578,182
577,182
577,181
end box8
610,175
611,174
615,174
616,175
617,176
617,177
617,178
617,179
617,181
616,182
614,182
613,182
612,182
611,182
610,181
609,180
end box9
697,206
704,198
711,188
720,182
729,181
739,181
748,180
757,180
771,179
785,181
795,191
791,205
727,248
711,250
699,246
693,235
694,221
end box10
558,183
558,181
560,179
561,178
563,177
571,177
572,178
574,180
575,182
576,185
575,188
575,191
572,191
569,191
562,191
560,191
558,190
557,187
557,185
end box11
355,195
355,192
355,188
356,183
358,176
363,167
369,166
374,173
377,181
378,187
378,191
378,195
378,198
378,202
376,205
376,210
374,219
370,229
362,228
357,219
357,209
356,204
355,201
355,198
end box12
643,146
644,145
645,144
647,144
648,145
649,146
649,153
648,154
646,155
645,154
644,153
end box13
642,154
645,153
647,154
647,154
648,161
647,163
646,163
643,163
641,163
end box14
508,135
509,134
510,134
512,134
513,135
513,136
513,145
512,146
511,147
509,146
507,145
end box15
end total16boxes
