651,195
652,192
654,189
657,186
660,186
673,185
675,188
679,191
680,194
680,199
681,203
679,208
675,209
659,209
655,208
652,207
651,202
651,198
end box0
550,213
551,209
554,206
557,205
561,205
568,206
571,206
575,207
578,209
580,213
582,217
581,222
578,225
574,226
569,226
566,225
560,225
557,224
553,223
551,220
550,216
end box1
-1,307
-2,291
0,272
9,271
22,287
29,297
33,304
34,312
34,317
35,321
36,326
36,331
37,338
36,348
33,360
24,371
10,377
0,372
-1,353
-2,341
-2,333
end box2
680,172
681,173
682,174
682,175
682,177
682,179
681,180
680,180
677,180
676,180
675,179
end box3
end total4boxes
