270,233
278,222
290,208
297,197
312,197
327,198
338,197
352,198
369,196
380,204
394,219
397,232
397,252
397,270
393,287
374,288
290,288
272,287
268,271
268,253
end box0
642,183
651,178
662,175
669,175
690,174
697,175
710,177
720,183
723,195
718,201
702,202
691,201
668,202
657,202
642,201
640,194
end box1
249,195
253,188
261,184
268,183
293,183
300,184
307,188
312,195
314,204
311,210
302,214
293,214
288,215
283,216
278,217
273,217
266,216
256,216
249,211
248,203
end box2
637,189
637,187
638,186
640,184
642,184
643,183
648,183
650,183
653,184
654,187
655,189
655,192
654,195
654,198
651,199
649,200
646,199
643,199
640,200
638,199
636,197
636,194
636,192
end box3
482,195
485,192
487,190
490,188
493,188
503,188
507,189
510,191
513,195
514,199
513,204
510,206
505,207
501,207
491,208
488,207
482,207
480,203
480,199
end box4
504,189
506,183
511,178
516,176
522,176
526,176
530,176
535,177
540,177
546,178
549,184
554,189
555,196
554,202
548,205
541,207
536,208
531,207
526,207
522,207
516,207
510,205
505,201
504,195
end box5
514,190
515,186
518,183
521,181
524,181
527,181
530,181
533,181
537,181
540,183
543,186
545,190
546,194
545,198
542,202
538,204
534,204
530,203
527,203
524,203
520,202
516,201
514,198
514,194
end box6
877,209
877,205
878,199
879,193
882,181
889,164
896,166
904,180
907,191
908,199
909,204
910,209
910,214
908,218
907,222
907,231
906,247
899,257
886,260
881,244
881,228
880,221
878,217
878,213
end box7
879,207
879,204
879,201
880,196
882,187
887,176
892,177
897,186
900,194
901,200
901,204
901,207
901,210
901,213
899,216
899,222
898,231
894,241
885,242
882,230
881,220
881,215
880,212
879,210
end box8
827,100
844,98
860,99
862,104
862,120
860,127
845,130
end box9
295,158
296,156
297,156
299,157
300,158
301,159
301,168
299,170
298,170
296,170
294,169
end box10
831,137
833,135
835,135
838,135
840,136
842,137
843,139
843,142
844,144
844,145
843,147
843,150
842,152
841,155
838,156
835,156
832,155
831,152
end box11
527,118
529,116
532,116
535,117
537,118
540,118
541,121
541,123
541,125
541,128
541,130
541,132
540,134
537,136
535,138
532,138
529,138
527,135
end box12
834,137
835,136
837,137
839,137
841,138
841,140
841,149
840,151
838,152
835,152
834,151
end box13
516,125
516,121
517,117
519,114
523,113
527,112
530,113
534,114
537,116
541,117
543,121
543,124
543,129
543,133
542,137
538,139
534,141
531,142
526,142
522,142
518,140
517,136
516,132
516,128
end box14
end total15boxes
