377,207
378,193
385,184
400,183
414,184
426,184
437,186
448,189
458,197
467,207
468,220
468,234
467,248
464,262
453,268
440,271
427,269
414,266
404,264
392,262
383,257
end box0
514,193
515,190
518,186
520,184
524,184
535,184
539,183
542,186
546,189
548,193
548,198
548,203
546,208
541,209
535,209
523,209
519,208
515,207
513,202
513,198
end box1
124,261
145,230
169,203
193,187
225,185
254,189
279,189
307,187
336,190
362,205
387,231
407,262
416,302
412,339
387,364
349,375
309,367
279,359
255,358
227,362
185,373
143,365
120,339
116,302
end box2
655,196
656,194
657,193
658,192
659,191
661,191
662,190
664,190
666,191
668,191
669,193
670,195
669,198
669,200
669,202
667,203
664,203
662,203
660,204
658,204
656,203
655,202
655,199
655,197
end box3
591,197
591,195
592,194
593,193
594,192
599,192
601,192
602,193
603,195
604,197
604,199
604,201
604,203
602,204
599,204
596,204
594,204
592,204
590,202
590,200
590,198
end box4
642,195
643,195
643,195
644,195
645,195
645,195
646,195
647,196
647,197
647,198
647,199
647,200
646,201
645,201
644,202
643,201
642,201
641,200
641,200
end box5
547,191
548,191
549,190
550,190
551,190
552,191
553,192
554,193
554,194
554,195
554,196
554,198
553,199
552,200
550,201
549,200
548,199
end box6
656,175
660,175
661,175
661,176
662,177
661,178
661,179
661,180
661,181
659,182
658,182
657,182
656,181
655,180
end box7
496,205
496,205
497,204
498,204
499,204
500,204
501,205
501,206
501,208
501,209
501,210
501,211
499,212
498,213
497,212
496,212
495,211
end box8
end total9boxes
