583,194
585,188
590,182
595,178
602,179
619,179
626,179
631,182
635,188
638,194
640,202
639,210
636,217
628,218
619,215
613,214
608,215
601,217
593,219
587,216
584,209
584,201
end box0
510,100
512,99
531,99
532,117
529,119
512,118
end box1
701,0
703,-2
726,-1
725,19
722,21
714,22
704,20
end box2
690,152
692,151
699,150
702,151
703,153
704,166
702,169
700,170
691,169
690,167
end box3
516,121
518,120
521,120
523,121
524,122
525,124
525,131
523,133
522,134
520,135
517,134
516,133
515,132
end box4
802,196
802,193
802,190
803,186
805,180
810,173
815,169
820,175
822,183
823,188
824,192
823,196
823,199
822,202
821,205
821,211
820,221
816,225
808,224
805,216
804,208
804,203
803,201
802,199
end box5
end total6boxes
