372,225
379,213
389,203
401,199
414,199
423,199
432,198
442,198
453,199
463,205
473,215
483,225
487,241
486,257
476,265
455,266
443,266
433,266
423,265
414,264
401,264
381,265
373,255
371,240
end box0
516,193
518,190
521,187
524,186
527,186
538,185
541,187
544,189
547,193
547,197
547,202
545,205
540,206
535,205
526,205
522,205
517,204
516,201
516,197
end box1
522,193
523,191
524,190
526,188
528,188
536,188
538,189
540,191
541,193
541,196
541,199
540,202
537,203
534,203
527,203
524,203
522,201
521,198
521,196
end box2
606,180
606,178
607,176
608,175
610,175
615,175
617,175
619,176
620,178
621,179
621,182
621,184
621,187
618,188
616,187
613,187
612,187
609,188
607,187
606,186
605,183
605,181
end box3
445,193
446,189
449,186
453,185
469,186
473,187
477,189
479,193
481,198
480,203
477,207
471,208
467,208
449,205
446,202
445,198
end box4
355,162
355,158
358,155
362,155
365,154
368,154
372,154
375,155
379,157
380,161
381,165
381,168
381,173
382,179
378,181
373,181
368,181
361,180
355,180
353,177
354,172
354,168
end box5
end total6boxes
