0,217
27,189
51,169
83,164
109,165
127,164
144,163
164,166
187,169
223,169
249,186
267,218
275,253
261,277
226,290
184,287
162,292
145,297
126,299
108,295
80,298
33,300
1,282
-7,256
end box0
742,207
750,196
762,183
771,174
784,173
798,172
809,171
823,172
838,173
846,182
859,196
867,206
867,225
866,244
862,259
843,260
821,253
809,254
798,255
784,256
762,262
747,258
741,244
741,226
end box1
691,177
692,174
694,171
697,169
700,168
709,169
713,168
715,170
719,173
720,176
721,181
721,185
719,190
715,191
710,190
699,190
695,190
692,189
690,185
690,181
end box2
612,180
613,177
615,173
617,171
621,171
624,171
627,171
630,171
634,171
636,173
639,176
641,180
642,184
642,189
641,193
636,194
631,194
627,193
624,193
620,193
616,193
613,191
611,187
611,184
end box3
686,177
686,176
688,174
689,173
691,172
693,171
697,171
699,172
701,173
702,175
703,177
703,180
703,183
702,185
700,186
697,187
692,187
690,187
687,186
686,185
686,182
686,180
end box4
704,177
704,175
705,173
706,172
708,171
710,171
715,171
717,171
719,173
721,175
722,177
722,180
722,183
721,186
719,187
716,188
713,187
710,187
708,187
705,186
704,185
703,182
703,180
end box5
715,176
716,174
717,173
718,171
720,170
722,169
727,169
730,170
732,171
733,173
734,176
734,179
733,182
733,185
730,186
728,187
725,187
722,187
719,187
717,186
715,184
715,181
715,179
end box6
633,177
633,174
634,172
636,171
638,171
640,170
643,170
646,171
648,172
649,174
650,176
651,179
650,182
650,185
647,186
644,186
642,186
639,186
637,185
635,185
633,183
633,181
632,179
end box7
653,173
653,171
655,170
657,169
666,169
669,169
671,171
673,173
673,176
673,179
671,182
668,182
658,182
655,182
653,181
652,178
652,176
end box8
659,173
660,171
665,170
666,171
667,172
668,173
668,174
668,176
668,177
666,178
664,178
662,178
661,178
660,177
659,176
659,175
end box9
687,174
688,173
689,172
690,172
691,172
692,173
693,174
694,175
694,176
694,177
694,178
694,180
693,181
692,182
690,183
689,182
688,181
687,180
686,179
end box10
622,179
622,177
623,175
624,173
627,172
628,172
631,171
633,172
635,173
636,174
637,176
638,178
639,181
639,184
638,186
636,188
633,189
631,188
628,188
626,188
624,187
622,185
622,183
622,181
end box11
840,102
843,102
859,120
859,132
844,136
827,134
825,131
826,119
end box12
767,98
767,96
768,94
770,92
771,91
773,90
776,90
778,90
780,91
783,92
784,95
784,97
784,100
784,103
784,105
782,108
779,109
776,110
773,109
771,108
769,106
767,104
767,102
767,100
end box13
536,133
537,131
564,130
566,133
565,142
535,141
end box14
768,112
770,110
782,109
784,111
785,113
785,125
783,127
769,125
768,123
end box15
775,58
776,56
788,55
790,57
791,59
790,71
789,72
777,73
775,72
774,69
end box16
592,159
593,158
594,158
595,158
596,159
596,159
597,160
597,161
597,162
597,163
597,164
596,165
595,166
594,166
593,166
592,165
end box17
433,123
434,122
435,122
438,122
439,122
440,123
441,130
440,132
438,133
436,133
435,133
433,132
432,131
end box18
760,143
761,144
761,145
762,146
762,148
762,150
761,151
760,151
757,151
756,151
755,150
end box19
756,129
757,129
758,129
759,128
760,129
761,130
762,136
761,137
760,138
758,138
757,138
756,137
end box20
823,74
824,73
825,72
827,73
828,74
829,85
828,87
826,89
824,88
822,86
end box21
766,117
785,116
786,132
783,134
767,133
end box22
800,161
801,160
802,159
803,159
805,159
806,160
807,161
807,163
807,164
807,165
807,167
807,168
807,170
805,171
804,172
802,171
800,170
799,169
end box23
615,160
616,161
617,161
617,162
617,163
617,164
617,165
616,166
615,166
614,167
613,166
612,166
612,165
end box24
710,159
711,159
712,160
712,161
712,162
712,163
712,164
711,165
710,166
709,166
708,165
707,165
end box25
579,172
580,171
581,171
582,171
583,172
583,173
584,174
584,178
583,179
583,181
581,181
580,181
579,179
end box26
560,173
561,172
562,172
563,172
564,173
565,174
566,180
565,181
564,182
562,183
561,182
560,181
end box27
741,145
742,145
744,145
745,145
746,146
746,147
746,152
746,153
745,154
743,154
742,154
741,153
end box28
626,160
626,160
628,160
629,161
629,161
630,162
630,163
630,164
630,165
629,166
628,167
627,167
626,166
625,166
end box29
592,159
593,158
594,158
595,158
596,159
596,159
597,160
597,161
597,162
597,163
597,164
596,165
595,166
594,166
593,166
592,165
end box30
end total31boxes
