575,199
580,189
588,178
596,171
608,171
619,172
628,172
638,173
649,174
658,179
668,189
672,199
673,213
673,228
668,238
651,239
638,237
628,236
619,235
610,235
596,237
578,238
576,227
575,213
end box0
731,175
731,173
733,172
734,170
735,170
744,170
746,171
747,173
748,175
748,178
748,181
748,184
745,185
735,185
732,185
730,183
730,180
730,178
end box1
686,177
686,175
688,173
689,172
691,171
700,171
703,172
704,175
705,177
705,180
706,183
705,187
702,187
698,187
693,187
690,188
687,187
686,186
685,182
685,180
end box2
492,189
493,186
496,183
499,180
502,180
509,180
513,180
517,180
519,182
523,186
525,189
526,194
526,199
525,205
519,205
513,204
501,205
496,205
492,204
491,198
491,194
end box3
1043,164
1045,161
1048,159
1051,157
1054,158
1064,157
1068,158
1071,160
1074,164
1076,168
1075,173
1071,175
1065,175
1062,175
1059,175
1056,175
1053,175
1050,175
1044,175
1041,173
1041,168
end box4
360,194
364,188
370,184
376,183
381,183
392,184
397,184
403,184
409,188
415,194
418,202
416,208
407,211
398,211
393,211
380,211
375,211
367,210
359,207
358,201
end box5
475,178
475,176
477,174
478,173
480,172
490,172
492,173
494,175
495,178
495,181
495,184
494,188
491,189
479,189
476,188
475,187
474,184
474,181
end box6
1205,163
1207,160
1209,158
1212,157
1214,157
1224,156
1227,157
1230,160
1231,163
1232,167
1232,170
1229,173
1225,174
1222,174
1219,174
1216,174
1213,174
1210,173
1206,173
1204,170
1204,166
end box7
1101,163
1106,159
1110,157
1131,157
1137,158
1142,162
1144,168
1142,173
1135,174
1116,175
1112,175
1105,175
1099,173
1098,168
end box8
1165,161
1170,158
1175,156
1195,156
1200,158
1205,161
1207,167
1204,171
1171,173
1165,171
1163,167
end box9
863,164
863,162
865,161
867,160
876,160
878,160
881,162
883,164
884,167
883,170
882,173
878,173
868,173
865,173
863,172
862,170
861,167
end box10
632,178
633,174
635,171
638,169
642,170
651,169
654,170
657,171
660,174
663,177
663,182
663,186
661,190
656,191
635,188
633,185
632,181
end box11
703,176
703,174
704,172
705,171
707,171
709,170
710,170
712,170
714,171
716,172
717,173
718,175
718,178
718,180
718,183
715,184
713,184
711,184
708,184
706,184
704,183
703,182
703,179
702,177
end box12
507,178
507,176
509,174
510,173
512,172
519,173
521,173
523,175
524,177
524,180
524,183
524,186
521,186
518,186
511,186
509,186
507,184
507,182
506,180
end box13
527,173
528,173
532,173
533,173
534,174
534,175
534,176
534,177
534,179
533,180
531,180
530,180
529,180
528,180
527,179
526,178
end box14
668,180
668,178
670,176
671,175
673,174
680,174
682,175
684,177
685,179
685,182
685,185
684,187
682,188
679,188
677,188
674,188
672,188
670,188
668,186
668,184
667,182
end box15
540,179
541,177
542,175
543,174
545,174
552,174
554,174
556,176
557,178
557,181
557,183
556,186
553,187
551,187
544,187
542,187
540,185
540,183
540,181
end box16
722,174
722,174
723,173
724,173
725,173
726,174
727,174
727,175
728,176
728,177
728,178
728,180
727,180
725,181
724,181
723,181
722,181
721,180
720,179
end box17
832,163
832,161
835,159
837,159
846,159
849,159
852,160
854,163
855,166
855,170
852,172
848,172
835,173
832,172
830,169
830,166
end box18
494,173
494,172
499,171
500,172
501,173
501,174
501,175
501,176
501,178
500,179
498,179
496,179
495,179
494,178
493,177
end box19
513,173
513,173
514,172
518,172
519,173
520,174
521,175
521,176
521,178
521,180
519,180
518,180
515,180
514,180
513,179
512,178
end box20
824,163
829,160
834,158
851,159
856,159
862,163
864,168
862,172
855,174
830,174
824,171
823,167
end box21
545,173
545,173
546,172
548,172
549,172
550,173
550,174
551,175
551,176
551,177
551,179
550,179
548,180
547,180
546,180
545,179
544,179
544,178
end box22
490,177
490,175
491,174
492,172
494,172
501,172
503,172
504,174
505,176
505,179
505,181
504,184
502,184
493,185
491,184
490,183
489,181
489,178
end box23
1130,160
1136,156
1142,154
1161,155
1167,156
1174,160
1177,165
1173,169
1130,169
1127,165
end box24
674,176
674,175
675,175
679,175
680,176
681,177
682,178
682,179
682,181
682,183
680,183
679,184
677,184
676,184
675,183
673,183
673,181
end box25
1032,165
1032,163
1033,161
1034,159
1036,159
1038,158
1042,158
1044,159
1046,160
1047,162
1048,164
1048,167
1048,170
1047,172
1045,174
1042,174
1040,174
1037,174
1035,174
1033,173
1031,171
1031,169
1031,167
end box26
1098,161
1110,156
1150,153
1163,154
1174,161
1180,172
1172,177
1114,178
1096,178
1091,172
end box27
710,175
711,174
712,174
713,173
714,174
715,174
716,175
717,176
717,177
717,178
717,179
717,181
716,182
715,182
713,183
712,183
711,182
710,181
709,180
end box28
398,193
398,189
400,185
403,183
407,183
410,183
413,183
416,183
420,184
422,186
425,189
426,193
427,197
427,201
426,206
423,208
417,208
413,207
410,207
406,206
403,206
400,203
399,200
399,196
end box29
1185,163
1188,160
1192,158
1195,157
1207,157
1210,157
1215,159
1218,163
1219,167
1217,171
1213,173
1188,173
1184,171
1183,167
end box30
889,163
893,160
898,158
901,157
912,157
915,158
920,159
926,162
928,168
926,172
920,174
915,174
899,174
893,174
888,172
887,167
end box31
800,164
800,162
801,160
802,159
804,159
811,159
813,160
814,161
815,163
815,166
815,168
814,171
812,171
810,172
806,171
804,171
802,171
800,170
799,168
799,165
end box32
1076,166
1076,164
1077,163
1079,162
1081,162
1088,162
1090,162
1092,164
1094,166
1095,169
1094,172
1093,175
1090,175
1087,175
1085,175
1082,175
1080,175
1077,175
1075,174
1075,171
1074,169
end box33
788,160
789,159
790,159
791,159
792,160
793,160
793,161
794,162
794,163
793,164
793,166
793,167
791,167
790,167
789,167
788,166
787,165
end box34
171,202
174,199
178,197
181,199
183,205
183,225
182,232
178,233
173,232
171,227
end box35
660,158
661,158
663,158
664,158
664,158
665,159
665,160
665,161
665,162
665,163
664,164
663,165
662,165
661,165
660,164
end box36
457,187
458,187
459,186
460,186
461,186
462,187
463,188
464,189
464,194
463,195
462,196
460,197
459,196
458,195
457,194
end box37
644,142
645,142
647,142
648,142
649,143
649,144
650,149
649,150
648,150
646,151
645,151
644,150
end box38
561,162
561,162
563,162
563,162
564,163
564,163
565,164
565,165
565,166
565,167
564,168
563,169
562,169
561,168
560,168
end box39
-2,226
-2,220
-2,212
-2,199
0,186
9,189
19,201
26,207
29,211
30,218
30,223
31,227
32,231
33,236
35,243
36,255
31,264
22,266
10,271
0,271
-3,259
-4,246
-3,238
-2,231
end box40
591,132
592,131
593,131
594,131
595,131
595,132
596,139
595,139
593,140
592,139
591,139
end box41
691,111
692,110
693,110
694,110
695,111
695,111
695,117
694,118
693,118
692,118
691,117
end box42
853,107
854,106
855,106
856,106
857,107
858,108
858,115
857,116
855,116
854,116
853,115
end box43
561,162
561,162
563,162
563,162
564,163
564,163
565,164
565,165
565,166
565,167
564,168
563,169
562,169
561,168
560,168
end box44
576,144
577,143
578,143
579,143
580,144
580,144
581,145
581,149
580,150
579,151
578,151
577,151
576,150
end box45
461,111
462,110
464,110
465,111
466,119
465,120
463,121
462,120
461,119
end box46
788,142
789,142
791,142
792,142
793,143
794,144
794,149
793,150
792,151
790,151
789,151
788,150
end box47
end total48boxes
