635,193
642,187
648,184
654,183
658,183
662,183
669,184
674,183
679,184
686,187
693,193
696,201
693,207
684,209
675,209
669,209
665,208
662,209
657,209
652,210
643,209
634,207
633,200
end box0
700,193
700,191
701,189
702,188
704,187
706,186
707,186
709,187
711,187
713,189
714,190
715,192
715,195
715,197
714,200
713,201
710,202
708,201
705,201
703,201
701,200
700,199
700,196
700,194
end box1
659,159
659,158
660,158
661,157
662,157
663,157
664,158
666,158
666,159
667,161
667,162
667,164
667,165
666,167
664,167
662,168
661,167
659,166
658,165
658,164
end box2
1112,150
1113,149
1115,148
1125,148
1127,149
1127,162
1125,164
1123,165
1115,164
1113,163
end box3
827,157
831,157
832,157
833,159
833,164
832,165
831,166
829,166
828,166
827,165
826,164
end box4
827,146
828,146
829,145
830,145
831,145
833,145
834,146
834,147
834,153
833,155
832,156
830,156
829,156
827,155
826,154
end box5
656,161
656,159
657,158
658,156
659,155
661,155
663,154
664,155
666,155
668,157
669,159
669,160
669,162
669,165
668,167
667,169
665,170
663,170
660,170
658,169
657,168
656,165
656,164
656,162
end box6
791,162
792,163
793,164
793,168
793,169
792,170
791,170
788,170
787,170
786,169
end box7
815,223
821,214
829,208
836,204
844,203
851,203
858,203
865,203
874,202
881,207
887,214
894,223
898,235
899,246
894,256
881,259
866,254
858,253
851,253
841,257
826,261
814,258
810,247
811,235
end box8
191,79
194,73
200,73
207,70
216,68
219,75
218,117
216,125
208,125
200,123
194,120
192,113
end box9
707,158
708,158
710,158
711,158
712,159
712,160
713,165
712,166
711,167
709,167
708,167
707,166
end box10
end total11boxes
