322,202
330,196
336,192
342,191
347,191
358,192
364,191
370,192
378,195
385,201
388,210
386,218
375,219
365,219
359,219
354,218
351,218
346,219
341,219
330,220
320,217
320,210
end box0
605,180
606,178
607,176
608,175
610,175
617,175
619,176
621,177
622,179
622,182
622,185
621,187
618,188
609,188
607,188
605,186
604,184
604,182
end box1
578,175
578,175
582,175
583,175
583,176
584,177
584,178
584,179
584,181
583,182
581,182
580,182
579,182
578,182
577,181
576,180
end box2
562,176
562,176
566,176
567,176
567,177
568,178
568,179
568,180
568,182
567,183
565,183
564,183
563,183
562,183
561,182
560,181
end box3
593,174
597,174
598,174
599,175
599,176
599,177
599,178
599,180
598,181
596,181
595,181
594,181
593,181
592,180
591,179
end box4
609,177
610,175
615,174
616,175
617,176
617,177
617,178
617,179
617,181
616,182
614,182
612,182
611,182
610,181
609,180
609,179
end box5
624,174
624,174
627,173
628,174
629,174
629,175
630,176
630,177
629,178
630,180
629,180
627,181
626,181
625,181
624,180
623,180
end box6
524,183
524,181
525,179
526,178
528,177
533,177
535,177
537,178
538,180
539,182
539,185
539,187
539,190
537,191
534,192
529,192
527,192
525,191
524,189
523,187
523,184
end box7
642,175
645,174
646,175
646,175
647,176
647,177
647,178
647,179
647,181
646,181
645,182
644,182
643,182
642,181
641,180
end box8
620,179
621,177
621,176
623,175
624,174
629,174
631,174
632,175
634,177
634,179
634,181
634,183
634,185
632,186
630,187
627,186
626,186
624,186
622,185
621,184
620,182
620,180
end box9
773,179
773,177
773,175
774,173
775,169
777,165
781,162
783,166
785,171
785,174
786,176
785,179
785,180
785,182
785,184
785,188
784,195
781,198
776,196
774,191
774,186
774,183
774,182
773,180
end box10
745,180
746,178
747,178
749,178
749,180
750,181
750,186
750,188
749,190
748,191
746,190
745,188
end box11
625,161
629,161
630,162
631,163
631,164
631,165
631,167
631,168
630,169
629,170
627,170
626,170
625,169
624,168
end box12
647,158
649,158
649,159
650,161
650,162
650,164
650,165
649,167
647,167
645,167
644,167
643,166
642,165
641,164
end box13
479,172
480,171
481,171
482,171
483,172
485,172
485,174
486,175
486,176
486,178
486,179
484,181
483,181
481,182
480,181
478,181
478,179
end box14
366,174
367,174
369,173
370,174
371,175
372,176
373,177
373,178
373,180
372,181
371,183
370,183
368,183
367,183
366,182
365,181
end box15
480,162
481,162
482,162
483,162
484,162
485,163
486,164
486,165
486,166
486,167
486,169
485,170
484,171
482,171
481,171
480,170
479,169
479,168
end box16
496,187
497,187
498,186
499,186
500,186
501,187
502,188
503,189
504,190
504,191
503,193
503,194
502,195
501,196
499,196
498,196
497,195
496,194
495,193
end box17
170,205
171,204
173,204
175,204
176,205
176,212
175,214
174,214
172,215
171,215
169,214
end box18
349,171
352,171
353,171
354,172
355,173
355,174
355,176
355,178
354,179
353,180
351,180
350,180
349,179
348,178
end box19
526,185
527,184
533,184
534,184
534,185
535,190
535,192
533,192
532,193
529,193
527,193
526,192
526,191
end box20
513,162
514,162
515,162
516,162
517,162
518,163
518,164
519,165
519,166
519,167
519,169
518,170
517,171
515,171
514,171
513,170
end box21
448,174
449,174
450,174
451,174
452,174
453,175
453,176
454,177
453,179
453,180
453,181
452,182
450,183
449,183
448,181
447,180
end box22
528,180
533,179
534,180
535,181
536,182
536,183
536,185
536,186
534,187
533,188
531,188
530,188
529,187
527,186
527,185
end box23
513,174
514,173
515,173
516,173
517,174
517,174
518,175
518,176
518,177
518,178
518,179
517,180
516,181
515,181
514,181
513,180
512,179
end box24
492,190
492,188
493,187
495,185
496,184
498,184
500,183
501,183
503,184
505,186
506,187
507,189
507,192
507,194
506,196
504,198
502,199
500,199
497,199
495,199
493,197
492,196
492,193
491,191
end box25
307,140
309,137
311,136
314,136
317,137
319,138
320,141
319,155
317,158
314,159
311,159
308,157
307,154
end box26
436,160
437,160
438,160
439,161
440,162
440,163
440,164
440,165
440,167
439,168
438,169
436,169
435,169
434,168
433,167
end box27
365,191
366,190
367,190
368,190
369,191
369,191
370,192
371,193
370,195
370,196
370,198
368,198
367,198
366,198
365,197
end box28
203,174
204,173
205,174
206,173
207,174
208,175
209,176
209,177
209,179
209,181
208,182
207,183
205,183
204,183
203,182
end box29
134,160
135,159
136,158
138,158
139,159
140,160
141,161
141,166
140,167
139,168
137,168
136,168
135,167
134,166
end box30
218,176
219,176
220,176
221,176
222,176
223,177
224,178
224,179
224,180
224,181
224,183
223,184
222,185
220,185
219,185
218,184
end box31
349,161
350,160
351,160
352,160
354,160
355,161
355,163
356,164
355,165
356,167
355,168
354,170
353,171
351,171
350,171
348,170
end box32
205,190
206,189
207,189
208,189
209,190
209,190
210,191
210,192
210,193
210,194
210,195
209,196
208,197
207,197
206,197
205,196
205,195
end box33
253,190
254,189
255,189
256,189
257,190
258,191
259,192
259,193
259,194
259,195
259,197
258,198
257,199
255,199
254,199
253,198
252,197
end box34
430,174
431,173
432,173
433,173
434,173
434,174
435,175
435,179
434,180
433,181
432,182
431,181
430,180
end box35
462,175
463,175
464,175
465,175
466,175
467,176
467,177
467,178
467,180
467,181
467,183
466,184
464,184
463,184
462,182
end box36
624,174
624,174
627,173
628,174
629,174
629,175
630,176
630,177
629,178
630,180
629,180
627,181
626,181
625,181
624,180
623,180
end box37
623,125
624,125
626,125
627,125
628,126
629,127
629,128
629,129
629,130
629,132
628,133
627,133
625,134
624,133
623,133
622,132
end box38
214,190
215,190
216,190
217,190
218,190
219,191
219,192
220,197
219,198
218,199
216,199
215,199
214,198
end box39
445,161
446,161
447,161
448,161
449,161
450,162
450,163
451,164
451,165
451,166
451,168
450,169
449,170
447,170
446,170
445,169
444,168
end box40
417,176
418,176
419,176
420,176
421,176
422,177
423,183
422,184
421,185
419,185
418,185
417,184
end box41
497,175
498,174
499,174
500,174
501,175
501,175
502,176
502,177
502,178
502,179
502,180
501,181
500,182
499,182
498,182
497,181
496,180
end box42
478,185
479,184
480,184
482,184
483,185
484,186
484,193
484,195
482,196
481,197
479,196
477,195
end box43
362,161
364,161
365,161
366,161
367,162
368,163
368,164
368,165
368,166
368,168
367,169
366,170
364,170
363,170
362,169
361,168
end box44
545,141
546,140
547,140
548,140
549,141
550,142
550,149
549,150
547,151
546,150
545,149
end box45
end total46boxes
