435,189
435,181
441,176
450,176
457,177
467,177
471,178
476,179
481,181
486,185
494,191
499,199
498,207
488,210
479,211
472,211
467,211
end box0
570,176
570,174
572,172
573,171
575,170
582,171
584,171
586,173
587,175
587,178
587,181
587,184
584,184
581,184
574,184
572,184
570,182
570,180
570,178
end box1
92,157
126,117
172,101
222,105
253,105
274,106
293,106
314,106
335,112
372,116
415,130
458,162
478,212
456,236
390,247
341,247
317,249
179,247
116,234
94,208
end box2
590,175
590,173
591,172
592,170
594,170
601,169
603,170
605,172
605,174
605,177
605,179
605,182
602,183
600,183
595,183
593,183
591,183
589,181
589,179
589,176
end box3
555,178
555,176
556,174
558,172
560,172
565,172
567,172
569,173
571,175
572,177
572,180
572,183
571,185
569,186
566,187
564,186
561,186
559,186
557,186
555,184
555,182
555,180
end box4
802,204
822,187
846,182
866,182
876,181
885,181
894,180
902,183
912,184
927,186
948,191
973,205
981,226
969,238
937,245
842,245
810,239
801,226
end box5
575,176
575,175
576,174
577,174
581,174
583,174
583,176
584,177
584,178
584,180
584,182
582,182
581,183
579,183
578,183
576,183
575,182
574,181
end box6
631,181
632,178
635,176
637,174
640,174
642,174
647,174
651,174
653,175
656,178
658,181
658,185
658,189
656,192
652,193
638,193
634,194
631,192
630,188
630,184
end box7
471,180
472,173
478,170
486,170
491,171
498,172
502,172
506,171
511,173
517,176
523,181
526,188
525,195
516,198
509,198
503,198
474,192
471,187
end box8
682,187
683,184
686,180
688,177
692,177
708,177
711,179
714,183
715,187
715,192
715,197
713,202
709,203
691,204
686,204
682,202
681,196
681,192
end box9
591,175
592,174
592,174
593,173
594,173
595,172
596,172
597,173
598,174
599,175
599,176
599,177
599,179
599,180
598,181
597,181
595,182
594,182
592,181
591,180
591,179
591,178
591,177
end box10
516,179
517,175
519,173
522,172
526,172
533,172
536,172
539,174
542,176
544,179
546,183
545,187
542,190
538,191
534,190
531,190
519,188
517,186
516,182
end box11
621,176
621,174
622,173
623,172
624,171
626,170
627,170
629,170
631,171
633,172
634,173
634,176
634,178
634,180
633,182
631,183
629,184
627,184
625,184
623,184
622,183
621,181
620,179
620,177
end box12
560,174
560,173
561,173
562,172
563,172
564,173
565,173
566,174
567,175
567,176
567,177
567,179
567,180
566,181
565,182
563,182
562,182
561,181
560,180
559,179
end box13
660,163
661,162
661,161
662,161
663,161
663,162
664,163
664,163
664,164
664,165
664,166
664,167
664,168
663,169
662,169
661,169
660,168
660,167
end box14
643,162
644,161
644,161
645,160
646,161
646,161
647,162
647,162
648,163
648,164
648,165
648,166
647,167
646,168
645,168
644,167
643,167
643,166
end box15
719,142
719,138
724,135
726,135
727,135
729,136
732,137
732,139
732,142
732,144
733,146
732,149
730,150
728,151
726,152
723,151
721,150
719,149
718,147
718,145
718,143
end box16
546,159
546,159
547,159
548,159
548,159
549,160
549,160
550,161
550,162
550,163
550,164
549,165
548,166
547,166
546,165
545,165
545,164
end box17
446,156
447,155
449,155
450,155
451,156
451,163
449,163
447,163
446,163
end box18
end total19boxes
