633,187
635,184
638,178
641,175
646,174
661,174
666,175
670,178
673,183
674,187
675,193
675,200
673,206
669,208
661,206
645,208
637,209
633,207
633,200
634,193
end box0
594,187
595,184
597,181
599,179
602,178
611,178
615,178
617,181
619,184
620,187
621,190
621,195
620,199
616,200
612,200
601,200
598,199
595,198
594,194
594,190
end box1
558,184
558,182
559,180
560,179
562,178
564,178
565,177
567,178
569,179
571,180
572,181
573,183
574,186
574,189
573,192
571,193
568,193
566,193
563,193
561,193
559,192
557,190
557,188
557,186
end box2
636,181
637,178
640,176
642,173
645,172
660,172
664,173
667,177
668,181
666,186
666,190
664,194
660,195
644,197
639,197
636,195
636,190
636,185
end box3
620,191
620,190
622,188
623,187
625,186
633,186
636,186
637,189
638,191
637,194
637,197
636,199
634,200
626,200
624,201
621,201
620,199
619,196
619,194
end box4
end total5boxes
