1069,266
1074,246
1083,223
1096,205
1116,197
1140,191
1164,185
1195,180
1220,183
1229,209
1235,353
1230,379
1196,376
1164,367
1138,363
1109,367
1075,368
1065,350
1065,318
1066,290
end box0
355,193
361,188
366,184
371,183
376,182
380,182
383,182
387,182
393,182
399,182
404,187
411,193
415,201
413,208
405,211
394,211
389,211
384,211
379,211
375,211
369,211
359,211
352,208
352,200
end box1
570,179
571,177
572,176
574,174
576,174
584,174
586,175
588,177
589,179
589,182
589,185
588,188
585,189
582,189
575,189
572,189
570,187
570,184
570,182
end box2
556,232
559,211
574,189
588,170
610,166
635,168
655,169
679,171
703,173
718,187
731,211
732,232
736,259
732,286
729,315
715,325
679,315
635,316
609,321
574,329
559,317
555,288
555,259
end box3
94,217
107,206
118,198
129,195
140,195
148,195
155,194
164,195
173,195
184,199
196,206
210,217
212,233
210,244
192,251
176,253
165,254
156,254
147,253
139,251
129,251
109,252
95,244
91,233
end box4
235,191
242,184
249,179
257,179
263,179
282,179
290,179
299,183
306,191
309,201
306,208
294,211
283,212
277,212
272,213
267,213
261,213
255,213
244,212
233,209
233,200
end box5
129,210
138,198
151,192
164,190
174,190
182,190
189,190
197,190
207,190
217,193
230,200
243,211
247,226
243,239
229,246
209,245
197,244
189,245
181,247
172,247
162,246
144,245
129,239
126,226
end box6
419,189
419,186
422,183
424,181
427,181
430,181
433,181
436,181
439,181
441,183
444,186
446,189
447,193
447,197
445,201
441,202
437,202
433,201
430,201
427,201
423,201
420,199
419,196
418,192
end box7
590,177
591,176
595,176
596,177
597,178
597,179
597,180
597,181
597,183
596,184
595,184
593,185
592,184
591,184
590,183
end box8
586,181
586,179
587,177
588,176
590,176
597,176
599,177
600,178
601,180
601,183
601,185
600,188
598,188
596,189
591,189
589,189
587,188
586,187
586,184
586,182
end box9
560,156
561,156
563,156
564,156
565,157
566,158
566,159
566,160
566,161
566,163
565,164
564,165
562,165
561,165
560,164
559,163
end box10
333,205
338,193
347,190
352,198
356,270
349,270
335,270
331,260
end box11
834,108
836,106
852,106
854,107
855,125
853,127
835,126
end box12
643,141
647,141
648,142
649,143
649,144
649,145
649,146
649,148
648,149
647,149
645,149
644,149
643,149
642,148
end box13
549,143
551,144
552,145
552,147
552,150
552,152
550,154
548,154
544,155
543,154
542,153
541,151
end box14
677,158
678,157
679,157
680,157
681,158
681,158
682,159
682,163
681,164
680,165
679,165
678,165
677,164
676,163
end box15
540,144
541,142
542,141
553,140
556,141
557,143
558,152
557,155
555,157
549,157
543,157
541,156
540,154
end box16
759,174
760,173
761,173
762,174
763,174
764,175
764,176
765,177
765,179
765,181
764,182
763,183
761,183
760,183
759,182
758,181
end box17
835,123
837,121
853,122
855,124
854,138
852,139
836,139
834,138
end box18
757,159
758,159
759,158
760,158
761,158
762,159
764,159
764,160
765,162
765,163
765,165
765,166
763,168
762,168
760,168
759,168
758,167
756,166
end box19
693,161
693,160
694,160
695,160
696,160
697,160
698,161
699,162
699,163
699,164
699,165
699,167
698,168
697,169
695,169
694,169
693,168
692,167
end box20
461,158
462,157
463,157
464,157
465,158
465,158
466,159
466,163
465,164
464,165
463,165
462,165
461,164
end box21
559,147
562,146
563,147
564,148
565,149
566,150
566,151
566,153
565,154
565,156
563,156
561,156
560,156
558,156
558,154
end box22
614,125
615,124
618,124
619,124
619,134
618,135
615,134
614,134
end box23
end total24boxes
