745,210
752,186
773,161
791,144
816,136
842,138
867,139
893,142
920,147
940,159
958,185
960,210
963,241
957,272
949,295
919,299
888,293
865,291
843,295
817,305
786,309
755,298
745,277
745,243
end box0
721,179
723,175
725,172
729,171
746,170
751,171
754,174
756,179
755,189
752,192
728,194
723,193
721,189
721,184
end box1
719,145
720,143
721,141
722,140
724,139
726,138
729,138
731,138
734,139
736,140
737,142
738,145
738,148
738,151
737,154
735,156
732,157
729,157
726,157
724,156
721,155
720,152
719,150
719,148
end box2
676,146
678,146
679,146
680,146
681,147
682,148
682,149
682,150
682,151
682,153
681,154
680,155
678,155
677,154
676,154
675,153
end box3
473,124
474,122
475,121
486,120
488,122
489,124
490,126
490,129
490,131
489,134
487,136
475,135
473,133
end box4
694,129
698,128
699,129
699,130
700,131
700,133
700,135
699,136
698,136
696,136
695,136
694,136
693,135
end box5
691,144
692,143
694,143
695,144
696,144
696,145
696,146
696,148
696,149
695,150
694,151
693,151
692,151
691,150
690,149
end box6
116,107
118,107
121,106
122,107
123,118
122,120
117,120
116,119
end box7
end total8boxes
