402,208
401,197
407,188
417,183
429,184
439,185
447,184
455,185
463,187
468,195
478,202
484,209
485,221
485,233
481,242
468,244
457,244
447,242
438,242
429,243
420,243
410,241
408,230
405,220
end box0
200,251
227,229
246,211
268,204
291,204
308,202
324,201
343,199
360,205
383,212
411,227
432,251
441,282
432,305
401,317
366,322
344,322
324,312
308,310
291,314
268,317
232,315
201,304
192,282
end box1
479,194
481,190
485,184
489,181
494,180
499,180
504,180
509,181
515,181
518,184
522,190
526,194
527,202
528,209
526,216
518,217
510,215
504,214
499,214
493,215
486,216
481,214
479,207
480,201
end box2
522,180
523,177
525,173
527,171
530,170
534,171
537,170
540,171
545,170
547,173
550,176
551,179
551,184
551,188
550,193
547,195
541,194
530,194
526,193
523,191
522,187
522,183
end box3
600,194
602,189
607,184
611,181
616,181
631,181
636,181
640,184
645,190
648,194
648,201
648,208
646,215
640,217
615,215
606,217
602,215
600,208
600,201
end box4
537,179
537,177
538,175
539,173
541,173
543,172
544,172
546,173
548,174
549,175
550,177
551,178
551,181
552,183
551,186
550,187
547,188
545,187
543,187
540,187
539,186
538,184
537,182
537,180
end box5
594,159
598,159
599,159
599,160
600,161
600,162
600,163
600,165
599,166
597,166
596,166
595,166
594,166
593,165
592,164
end box6
498,193
497,189
499,186
502,183
506,183
509,183
512,183
515,183
519,184
521,187
524,190
525,193
525,197
526,201
525,206
522,208
516,208
512,206
506,206
502,205
499,203
499,199
498,196
end box7
523,178
523,176
525,175
526,173
529,173
530,172
533,172
535,172
537,173
539,174
540,176
542,178
542,181
542,184
541,187
539,188
535,188
533,188
530,188
528,188
525,187
524,186
523,183
523,181
end box8
607,159
608,158
612,158
613,158
613,159
614,160
614,161
614,162
614,164
613,164
611,165
609,165
608,164
607,164
606,163
end box9
579,160
579,160
580,160
582,160
583,160
583,160
584,161
584,162
584,163
584,164
584,166
583,166
582,167
581,167
580,166
579,166
578,165
end box10
603,163
603,161
604,160
606,158
607,158
614,158
616,159
617,160
618,162
618,165
618,167
617,169
615,170
606,171
604,170
603,169
603,166
603,164
end box11
602,178
602,176
603,174
604,173
606,172
608,172
611,172
614,172
615,173
617,175
618,177
618,180
617,182
617,185
615,186
605,187
602,186
601,184
601,182
601,180
end box12
589,163
590,161
591,159
592,158
594,158
601,158
603,158
605,160
606,162
606,165
606,167
605,170
602,171
600,171
593,171
591,170
590,169
589,167
589,165
end box13
523,187
523,185
523,183
525,181
527,181
534,181
536,182
538,183
539,185
540,187
540,190
540,193
540,196
537,197
534,197
532,197
529,196
527,196
525,196
523,194
end box14
512,172
512,172
513,171
514,171
515,171
516,172
516,172
517,173
517,174
517,175
517,176
517,178
517,179
515,179
514,179
513,179
512,178
511,177
end box15
496,172
496,172
497,171
498,171
499,171
500,172
500,172
501,173
501,174
501,175
501,176
501,177
501,179
500,179
498,180
497,179
496,179
495,177
end box16
463,177
463,176
464,175
465,175
466,175
467,176
468,177
468,178
469,179
469,180
468,181
469,183
468,184
467,185
465,186
464,185
463,184
462,183
end box17
481,176
481,175
482,174
483,174
484,175
485,175
486,176
486,177
486,178
486,179
486,180
486,181
486,182
485,184
483,184
482,184
481,183
480,181
end box18
642,173
643,172
643,169
644,166
646,161
650,158
652,162
654,167
655,170
655,173
654,175
654,176
653,178
653,180
653,183
653,190
650,194
646,192
644,185
643,181
643,179
end box19
563,144
567,144
567,144
568,145
568,146
568,149
567,150
566,151
565,151
564,151
563,150
563,149
end box20
546,158
547,158
547,159
548,160
548,161
548,162
548,164
547,164
545,165
544,165
543,165
542,164
541,163
end box21
437,141
438,140
439,140
441,140
442,141
443,142
444,143
444,149
443,151
441,152
440,153
438,152
436,151
435,150
end box22
462,145
463,144
464,144
465,144
466,145
466,145
467,146
467,147
467,148
467,149
467,150
466,151
465,152
464,152
463,152
462,151
461,150
end box23
564,127
564,127
565,126
566,126
567,126
568,127
569,127
569,128
570,129
569,130
569,131
569,132
568,133
567,134
566,135
565,134
564,133
563,132
end box24
561,125
562,124
563,123
565,122
566,121
568,122
570,123
571,124
571,126
572,128
572,129
572,131
571,133
570,135
569,137
567,137
565,136
563,135
562,133
561,132
end box25
574,117
574,116
575,116
576,116
577,116
578,116
579,117
579,118
579,119
579,120
579,121
579,122
579,124
578,125
576,125
575,125
574,124
573,123
end box26
end total27boxes
