180,219
196,208
206,199
218,197
228,196
237,196
245,195
253,196
262,197
276,199
293,205
306,219
309,235
305,249
286,255
264,253
253,254
245,254
236,253
229,252
219,252
198,253
181,247
177,235
end box0
271,205
280,194
289,187
300,186
310,186
317,186
324,185
331,185
340,186
350,189
363,195
373,205
377,220
375,232
362,238
342,238
333,238
325,238
317,237
309,237
301,236
286,235
274,229
270,218
end box1
1,221
23,201
45,189
67,186
83,185
96,186
108,185
121,187
138,186
157,191
179,202
204,222
210,248
203,268
173,276
137,273
120,272
108,273
96,275
83,275
65,276
30,278
0,270
-4,249
end box2
403,193
409,188
415,184
420,184
424,184
428,183
431,184
435,184
439,183
444,184
450,188
457,193
461,201
459,207
449,209
441,209
436,210
431,209
428,209
424,209
419,209
410,209
402,206
400,200
end box3
505,180
505,178
507,176
509,174
511,174
521,174
523,175
525,177
527,180
527,183
527,187
526,190
522,191
510,190
507,190
505,189
504,186
504,183
end box4
436,192
437,188
440,185
443,184
446,184
455,184
458,184
461,186
464,188
467,192
468,196
468,201
465,204
460,205
456,205
452,204
449,204
446,204
443,203
439,202
436,199
435,196
end box5
301,196
302,187
309,181
318,180
326,181
343,181
350,181
357,184
364,189
370,197
373,206
372,216
365,222
353,222
344,222
338,221
309,219
303,214
302,205
end box6
627,145
630,145
631,145
632,146
633,147
633,148
633,149
633,150
633,152
632,153
631,154
629,154
628,153
627,153
626,152
end box7
515,159
516,159
516,160
517,161
517,163
517,165
516,166
514,166
512,166
511,166
510,165
end box8
391,170
392,171
393,172
393,177
392,178
391,178
388,178
387,178
386,177
end box9
616,145
617,145
618,146
618,147
618,148
618,149
618,150
617,151
616,152
615,152
614,151
613,151
end box10
626,158
627,157
628,157
629,157
630,158
630,158
631,159
631,160
631,161
631,162
631,163
630,164
629,165
628,165
627,165
626,164
end box11
657,142
661,142
662,143
663,144
663,145
663,146
663,147
663,149
662,150
661,150
659,151
658,150
657,150
end box12
391,170
395,170
396,171
396,172
397,177
396,178
394,178
392,178
391,178
390,177
end box13
623,129
624,129
626,128
627,129
628,130
628,137
627,138
625,138
624,138
623,138
end box14
end total15boxes
