572,187
573,184
574,181
576,178
579,177
589,177
594,177
596,179
598,183
599,186
599,190
599,195
598,199
595,201
590,201
579,201
575,201
572,198
572,194
572,190
end box0
605,193
606,192
607,190
608,189
617,189
619,190
621,191
622,193
622,196
622,199
621,201
618,201
607,201
605,200
604,198
604,196
end box1
524,191
530,188
564,188
571,191
573,198
570,202
525,201
522,197
end box2
621,176
622,176
623,176
624,176
625,176
626,177
626,184
625,185
623,185
622,185
621,184
end box3
598,163
599,162
601,162
602,163
602,163
603,164
603,165
603,166
603,167
603,168
602,169
601,170
600,170
599,170
598,169
end box4
477,173
478,172
479,171
480,171
481,171
482,172
483,173
484,174
484,177
484,179
483,180
482,181
480,182
479,181
478,180
477,179
end box5
444,174
445,173
446,172
447,172
448,172
449,173
450,174
450,175
451,176
451,177
451,178
451,180
450,181
449,182
447,182
446,182
445,181
444,180
end box6
496,174
496,173
497,173
498,173
499,173
500,173
501,174
501,175
502,176
502,177
502,178
502,180
501,181
500,181
498,182
497,181
496,181
495,180
494,179
end box7
544,158
544,158
546,158
546,158
547,159
547,159
548,163
547,164
546,164
545,165
544,164
543,164
end box8
599,172
600,172
602,172
603,173
603,173
604,174
604,178
603,179
602,180
601,180
600,180
599,179
end box9
end total10boxes
