492,192
493,186
496,179
500,175
507,174
514,174
520,173
526,174
533,175
538,178
541,186
543,192
543,199
542,207
541,215
535,218
527,218
520,217
513,217
507,218
499,217
494,214
493,206
493,199
end box0
546,182
546,179
547,175
549,173
553,173
559,173
562,173
565,174
567,176
569,179
570,182
571,185
571,189
570,194
568,196
563,196
559,195
553,194
550,194
547,192
547,188
547,185
end box1
573,178
573,176
574,175
576,173
578,173
585,173
587,174
589,176
590,178
591,181
591,184
590,187
587,187
584,187
577,187
575,187
573,185
573,183
572,181
end box2
554,179
555,177
557,175
559,174
564,175
566,175
568,176
570,177
571,179
572,181
572,184
572,187
572,190
570,191
567,192
564,191
561,191
557,190
end box3
538,187
538,183
539,179
541,176
545,175
549,175
552,175
556,175
560,176
563,179
564,183
565,187
566,191
566,195
564,200
562,203
557,204
552,202
549,202
545,202
542,200
539,197
538,194
538,190
end box4
640,174
641,174
642,173
643,174
644,174
645,175
645,181
645,182
644,183
642,183
641,183
640,182
end box5
628,176
629,175
630,175
631,175
632,175
633,176
633,177
633,180
633,181
633,183
631,183
630,184
629,183
628,182
end box6
end total7boxes
