5,234
8,217
19,205
37,202
53,204
65,207
74,206
84,208
95,209
108,214
120,223
132,236
137,253
135,268
121,279
102,282
87,281
75,279
38,281
21,279
11,266
7,252
end box0
74,220
86,202
107,196
125,194
139,195
149,197
158,195
168,196
180,196
194,200
211,208
231,222
239,244
234,259
209,267
186,269
170,267
159,265
104,265
82,256
75,241
end box1
239,207
247,197
256,191
265,188
274,189
281,190
286,189
293,190
301,189
310,192
319,198
329,207
334,220
333,232
322,238
305,239
296,239
288,237
280,237
272,238
263,237
247,237
237,231
235,220
end box2
418,204
425,199
433,196
439,195
443,195
459,195
464,196
473,199
481,204
484,213
481,220
470,222
461,222
436,223
426,223
417,220
416,212
end box3
663,178
665,174
668,172
672,171
685,171
689,172
693,174
696,177
697,182
696,187
692,190
687,190
674,190
670,190
666,189
663,186
662,182
end box4
686,174
686,172
687,170
688,169
690,168
697,169
699,170
700,171
701,173
702,176
701,178
701,181
698,182
696,182
690,181
687,181
686,180
685,178
685,176
end box5
472,192
472,190
473,188
474,187
476,186
478,185
479,185
481,186
483,187
485,188
486,189
487,191
487,194
487,196
486,199
485,200
482,201
480,201
477,200
475,200
474,199
472,197
471,193
end box6
454,195
455,192
458,189
460,187
463,187
471,187
475,187
477,189
481,191
483,194
484,199
483,203
481,207
477,208
472,208
460,206
456,205
454,202
453,198
end box7
591,170
591,170
592,169
593,169
593,170
594,171
594,171
594,172
594,173
594,174
594,175
594,176
593,176
592,177
591,176
590,176
590,175
end box8
576,175
576,175
577,174
578,174
579,174
580,175
581,175
581,176
582,177
581,178
581,179
581,181
581,182
579,182
578,183
577,182
576,182
575,180
end box9
625,173
626,172
627,172
628,172
629,173
630,174
630,175
630,180
630,181
629,182
627,182
626,182
625,181
end box10
615,156
616,157
617,158
618,159
618,160
617,162
618,163
616,165
615,165
613,165
612,165
611,164
610,163
end box11
609,146
614,145
615,146
616,147
617,148
617,149
617,151
616,152
615,153
614,154
612,154
611,154
610,153
609,152
608,151
end box12
593,161
594,160
595,160
596,160
597,161
598,161
598,162
599,163
599,164
599,165
599,167
598,168
597,168
595,169
594,168
593,168
592,167
end box13
563,175
563,174
566,174
567,174
568,175
568,176
569,177
569,178
569,179
569,181
568,182
566,182
565,182
564,182
563,182
562,181
562,180
end box14
625,157
626,157
627,157
628,157
629,157
630,158
630,159
631,160
631,161
630,162
631,164
630,165
629,166
627,166
626,166
625,165
end box15
395,177
396,176
397,176
398,176
399,177
400,178
401,179
402,180
401,181
401,182
401,184
400,185
399,186
397,187
396,186
395,185
394,184
end box16
560,161
560,161
563,160
564,161
565,161
565,162
566,163
566,164
566,165
566,167
565,167
563,168
562,168
561,168
560,168
559,167
559,166
end box17
end total18boxes
