472,197
474,188
479,183
488,183
496,183
503,182
510,184
516,186
521,192
526,199
529,204
530,213
530,222
529,232
523,236
512,234
503,232
489,232
481,231
479,226
end box0
325,219
332,204
345,185
359,174
377,173
396,175
411,177
429,176
445,179
458,188
476,205
482,221
488,244
484,267
478,285
455,289
430,284
380,279
353,287
332,286
325,266
324,243
end box1
552,177
554,174
556,171
558,169
561,168
570,168
574,168
576,170
579,174
581,176
581,181
581,185
580,190
576,191
571,189
560,190
556,190
553,189
552,184
552,180
end box2
637,189
638,186
641,184
643,182
646,182
656,182
658,184
662,186
664,189
664,193
664,197
662,200
658,201
645,200
641,201
638,200
636,196
636,192
end box3
574,177
573,175
574,173
575,171
578,171
583,171
585,171
587,173
588,174
589,176
590,179
590,182
589,185
587,186
584,186
582,185
579,185
577,185
575,184
574,183
end box4
523,180
523,179
524,177
526,176
528,176
535,176
537,176
539,178
540,180
541,183
541,186
540,189
537,189
534,189
527,189
525,189
523,187
522,185
522,183
end box5
579,173
580,172
581,172
582,172
583,172
584,173
585,174
586,175
587,176
587,177
587,179
587,181
585,182
584,182
582,182
581,182
579,181
578,180
end box6
590,171
590,170
591,170
592,170
594,170
595,170
596,171
597,172
597,173
597,174
597,176
597,177
596,178
595,178
593,179
592,178
591,178
590,177
589,176
end box7
526,180
527,178
528,177
533,177
534,178
535,179
536,180
536,181
536,183
536,185
534,185
533,186
530,186
528,185
527,185
526,184
527,182
end box8
535,181
536,179
537,177
538,176
540,175
547,176
549,176
551,178
551,180
552,183
552,185
551,188
548,189
546,189
544,189
541,189
539,189
537,189
535,187
535,185
535,183
end box9
595,162
596,162
598,162
599,163
600,163
600,164
600,165
600,166
600,167
599,168
598,168
597,169
596,168
595,168
595,167
end box10
584,174
584,172
585,170
586,169
588,168
593,168
595,169
596,170
598,172
599,173
599,176
599,178
598,181
596,182
594,182
591,181
589,182
587,182
585,181
584,180
584,177
584,175
end box11
247,254
242,241
245,226
246,203
254,165
275,111
298,110
319,158
326,200
328,225
329,241
328,254
328,266
325,277
326,292
342,343
341,402
309,396
262,396
233,402
235,334
249,289
249,275
248,264
end box12
660,174
660,174
661,173
662,173
663,173
664,174
664,174
665,175
665,176
665,177
665,178
665,180
665,180
663,181
662,181
661,181
660,180
659,179
end box13
end total14boxes
