94,209
101,204
108,201
139,201
148,204
155,209
160,218
157,225
144,226
102,227
92,224
91,218
end box0
570,181
570,180
572,178
573,177
582,177
584,177
586,179
587,181
588,184
588,187
587,190
584,190
581,190
574,190
571,190
570,189
569,186
569,184
end box1
576,178
581,178
582,178
583,179
584,181
584,182
584,184
584,186
582,187
581,187
579,187
578,187
576,187
575,186
575,185
end box2
502,182
502,181
504,179
506,178
514,178
515,179
517,180
519,182
520,185
520,188
518,190
515,190
507,190
504,190
502,189
501,187
501,185
end box3
515,143
516,142
518,142
519,143
520,143
520,144
520,148
520,150
518,150
517,150
516,150
515,149
end box4
734,90
739,85
799,85
806,90
805,101
801,106
739,106
737,100
end box5
608,130
609,130
611,129
612,129
613,130
614,130
615,132
616,133
616,134
616,136
615,137
614,139
613,139
611,140
610,139
608,139
608,137
607,136
end box6
611,141
612,141
616,141
617,142
618,143
619,144
618,145
619,147
618,148
617,149
616,150
614,150
613,150
612,149
611,148
610,147
end box7
772,139
774,137
776,136
779,136
781,136
784,137
786,139
786,142
787,149
786,152
785,155
782,157
779,157
776,157
773,156
771,154
771,151
end box8
613,174
614,173
615,173
616,173
617,174
618,175
619,176
619,181
618,182
617,183
615,184
614,183
613,182
612,181
end box9
955,157
956,157
958,157
959,157
960,158
961,159
961,160
961,162
961,164
960,165
959,166
957,166
956,166
955,165
954,164
end box10
560,177
561,176
562,176
563,176
564,176
565,176
566,177
567,178
568,179
567,180
567,182
567,183
566,184
565,185
563,185
562,185
561,184
560,183
end box11
767,196
768,193
769,190
771,188
774,187
777,186
780,185
783,186
787,187
789,189
791,192
792,196
792,199
792,203
791,208
788,210
784,211
780,211
777,211
773,211
769,209
767,207
767,202
767,199
end box12
984,154
985,154
987,154
989,154
989,155
990,157
990,162
989,164
988,164
986,165
985,164
983,164
983,162
end box13
609,141
609,139
610,138
612,137
615,137
617,137
619,137
621,139
622,140
623,142
622,145
622,147
622,149
620,151
618,151
616,151
613,151
611,151
610,150
609,148
608,146
608,144
end box14
988,185
989,184
991,183
992,183
993,185
994,187
994,194
994,196
993,199
991,200
988,199
987,196
end box15
1004,161
1005,160
1006,160
1007,160
1008,161
1008,161
1009,166
1008,167
1007,168
1006,168
1005,168
1004,167
end box16
936,159
937,158
939,158
940,159
941,160
942,166
941,167
940,168
938,168
937,168
936,167
end box17
245,141
246,141
249,141
250,141
250,142
250,150
249,151
247,152
246,152
244,151
end box18
end total19boxes
