584,202
586,196
590,188
594,183
601,183
608,183
615,182
622,183
630,183
635,187
638,195
640,201
640,210
640,218
638,226
631,229
622,228
615,226
608,227
601,229
592,229
586,226
584,217
585,209
end box0
571,188
572,186
573,184
574,183
576,182
586,182
588,183
590,185
590,188
590,191
590,194
589,197
586,198
576,198
573,198
571,196
571,193
571,191
end box1
448,190
448,189
449,188
450,187
451,188
452,189
453,190
453,191
453,192
453,193
453,194
453,195
453,197
452,198
450,199
449,199
448,197
447,195
end box2
726,127
726,127
727,126
728,126
729,126
730,127
730,127
731,128
731,129
731,130
731,131
731,132
730,133
729,134
728,134
727,134
726,133
726,132
end box3
743,112
744,112
746,112
747,112
748,113
749,114
749,115
749,117
749,119
748,120
747,121
745,121
744,121
743,120
end box4
659,158
660,158
661,157
662,158
663,158
664,159
664,160
664,163
664,165
664,166
663,167
661,167
660,167
659,166
658,164
end box5
675,160
675,160
676,159
677,159
678,159
679,160
680,160
680,161
680,162
680,163
680,164
680,166
680,167
679,167
677,168
676,167
675,167
674,165
end box6
740,111
756,56
787,10
849,0
904,-5
950,3
992,4
1036,3
1084,9
1142,20
1179,61
1195,115
1203,184
1188,243
1155,274
1086,285
1039,288
992,278
952,274
912,273
864,277
796,268
759,241
749,183
end box7
end total8boxes
