423,189
423,187
425,185
427,184
437,184
439,185
441,187
442,189
442,192
442,195
441,198
438,199
428,198
425,198
423,197
423,194
423,192
end box0
1195,224
1197,219
1197,214
1201,210
1206,209
1211,208
1216,207
1221,208
1228,209
1233,211
1234,218
1234,224
1235,229
1235,236
1234,243
1230,247
1223,248
1217,247
1210,248
1204,248
1197,247
1194,242
1193,235
1195,229
end box1
545,192
545,192
549,192
550,192
550,193
551,194
551,195
551,196
551,198
550,198
548,199
547,199
546,198
545,198
544,198
543,197
end box2
561,192
565,192
566,192
566,193
567,194
567,195
567,196
567,198
566,199
564,199
563,199
562,199
561,199
560,198
559,197
end box3
394,192
397,189
401,187
405,186
418,186
421,187
427,189
431,192
433,198
431,202
426,205
420,205
398,204
394,202
393,197
end box4
492,163
493,163
494,162
495,163
495,163
496,163
497,164
497,165
497,166
497,167
497,168
496,169
495,170
494,170
493,170
492,169
end box5
514,142
515,142
516,142
517,142
518,142
518,143
518,149
517,150
516,151
515,150
514,149
end box6
end total7boxes
