875,262
910,225
943,200
981,192
1015,191
1039,190
1063,188
1089,187
1120,194
1166,197
1199,221
1226,260
1234,308
1221,342
1175,359
1120,362
1089,363
1063,363
1036,368
1010,372
973,374
914,368
869,348
863,311
end box0
12,213
33,194
56,187
76,186
89,186
100,188
109,187
119,188
130,188
147,191
169,198
194,214
201,238
193,251
159,258
135,257
120,255
76,255
50,258
23,249
12,237
end box1
545,187
546,184
548,181
551,180
554,180
564,180
567,181
570,184
572,187
573,191
573,195
570,198
566,199
562,199
553,199
550,198
546,197
545,194
544,190
end box2
end total3boxes
