811,234
824,216
842,198
861,190
880,189
898,192
913,192
930,190
948,194
967,200
989,216
999,234
1004,262
999,284
984,300
955,302
931,298
882,295
857,301
828,300
811,285
808,261
end box0
577,186
579,183
582,179
585,176
589,176
593,176
596,176
600,176
605,175
608,178
612,182
615,186
616,192
615,197
613,202
606,203
601,202
596,201
593,201
588,202
583,202
578,201
575,197
575,191
end box1
616,186
617,183
620,180
623,177
626,177
637,177
641,177
644,179
647,183
649,186
650,191
650,197
649,201
643,202
637,201
626,201
621,201
617,200
615,195
615,191
end box2
735,207
742,199
750,190
757,184
766,182
775,182
784,181
793,182
804,182
813,186
824,195
827,205
826,219
825,232
819,242
805,242
792,241
783,241
775,241
766,242
752,244
740,243
733,232
733,220
end box3
682,179
682,177
684,175
685,174
687,174
696,174
698,174
700,177
701,179
702,182
702,185
701,189
698,189
694,189
687,189
684,189
682,187
681,184
681,182
end box4
568,189
569,186
572,183
575,180
578,180
581,180
587,180
591,179
595,181
598,185
600,188
600,193
600,198
598,202
593,203
588,202
584,202
581,202
577,203
572,203
568,202
566,197
567,193
end box5
671,180
671,179
673,177
674,176
676,176
683,176
685,176
687,178
688,180
688,183
688,186
687,188
684,189
682,189
677,189
675,189
673,189
671,187
670,185
670,183
end box6
670,179
671,176
674,174
676,172
679,172
689,172
692,173
695,176
698,179
698,183
698,187
695,190
691,191
687,190
678,190
675,190
671,189
669,186
669,182
end box7
716,194
717,190
719,187
721,185
725,185
734,185
738,185
741,187
743,190
745,194
746,198
745,202
744,206
740,208
735,207
728,207
724,207
720,207
717,205
716,201
716,197
end box8
736,177
736,175
738,173
740,172
750,172
753,172
755,174
756,177
756,180
756,183
754,186
751,186
738,186
736,185
735,183
735,180
end box9
658,178
659,177
662,177
663,177
664,178
665,179
665,180
665,181
665,182
665,184
664,185
663,186
661,186
660,185
659,185
658,184
657,183
end box10
750,178
750,176
751,174
752,173
754,172
761,172
763,173
765,175
765,177
765,180
765,182
764,185
762,186
760,186
753,186
751,186
750,184
749,182
749,179
end box11
634,188
634,186
634,184
636,182
637,181
639,181
642,181
644,181
645,182
647,183
648,185
649,187
649,190
649,192
649,195
647,196
644,197
642,197
639,197
637,197
635,195
634,193
634,191
634,189
end box12
728,179
730,175
733,173
736,171
751,171
754,172
759,175
762,178
762,183
761,188
757,191
752,191
735,191
731,190
728,187
727,183
end box13
539,189
539,187
540,185
541,184
543,183
545,183
546,183
548,183
550,184
552,185
553,186
554,188
555,191
555,193
554,196
552,197
549,197
547,197
544,197
542,197
540,196
539,195
538,193
538,191
end box14
663,162
664,162
665,163
665,164
665,165
665,166
665,167
664,168
663,169
662,169
661,168
660,168
end box15
694,157
695,157
695,158
696,163
695,164
693,164
691,164
690,164
end box16
792,144
794,143
795,143
796,144
798,144
798,145
798,151
797,152
796,153
794,154
793,153
791,152
791,151
end box17
842,126
845,125
846,126
847,127
848,128
848,129
848,130
848,131
848,133
847,134
846,135
844,135
843,135
842,134
841,133
end box18
779,159
780,160
780,165
779,166
777,166
775,166
774,166
773,165
end box19
end total20boxes
