571,187
572,184
576,179
578,176
583,176
587,175
591,176
596,176
601,177
603,179
606,184
609,187
609,193
609,199
608,205
604,207
597,205
582,206
574,208
572,205
571,198
572,193
end box0
111,180
117,174
123,170
128,168
133,168
145,169
151,168
157,169
165,173
170,179
172,188
170,195
162,198
152,198
147,198
142,198
137,198
132,199
127,198
118,197
110,194
109,187
end box1
335,174
337,171
340,169
343,167
346,167
353,168
356,167
359,168
363,170
366,174
367,178
367,183
363,186
358,186
354,185
345,185
342,185
337,185
334,182
334,178
end box2
609,162
612,162
613,162
614,163
615,164
615,165
615,166
615,168
614,168
612,169
611,169
610,168
609,168
608,168
608,167
end box3
593,163
597,163
598,163
598,164
599,165
599,166
599,167
599,169
598,170
596,170
595,170
594,170
593,169
592,169
591,168
end box4
607,172
608,171
608,171
609,170
610,170
611,170
612,171
612,171
613,172
613,173
614,174
614,175
613,177
612,177
611,178
610,178
609,178
608,177
607,176
607,176
end box5
343,174
343,173
345,171
346,170
348,169
353,169
356,169
358,170
359,172
361,174
361,177
361,180
360,183
357,183
354,183
352,183
349,183
347,183
344,183
343,182
342,179
342,177
end box6
328,172
329,170
330,169
332,167
334,167
342,167
344,168
346,170
347,172
347,175
347,178
346,181
343,181
340,181
335,181
333,182
330,182
328,180
328,177
328,175
end box7
626,169
627,169
627,169
628,168
629,168
630,169
630,169
631,170
631,171
631,172
631,173
631,174
630,175
629,176
628,176
627,175
626,175
625,174
625,173
end box8
625,164
626,164
626,164
627,164
628,164
628,164
629,164
630,165
630,166
630,167
630,168
630,170
629,170
628,171
627,171
626,171
625,170
624,169
624,168
end box9
577,160
578,159
578,159
579,159
580,159
580,159
581,160
582,160
582,161
582,162
582,163
582,164
581,165
580,165
579,165
578,165
577,165
576,164
576,163
end box10
359,175
360,173
361,172
362,171
363,170
365,170
366,169
368,170
370,170
371,171
372,173
373,175
374,177
374,179
373,181
371,182
369,183
366,182
365,182
363,182
361,181
359,180
359,178
359,176
end box11
590,175
590,173
591,171
593,169
595,169
597,168
599,168
600,169
602,169
604,171
605,172
607,174
607,177
607,180
606,183
604,184
601,184
594,183
592,182
591,181
590,179
590,177
end box12
478,170
478,170
481,169
482,169
483,170
483,171
484,172
484,173
484,174
484,176
483,176
481,177
480,177
479,177
478,176
477,176
476,175
end box13
449,163
449,163
450,162
451,162
452,162
453,163
453,163
454,164
454,165
454,166
454,167
454,168
453,169
452,170
451,171
450,170
449,169
449,168
end box14
559,161
560,160
560,159
561,159
562,159
562,160
563,160
564,161
564,162
564,163
564,164
564,165
563,166
562,167
561,168
560,167
559,166
559,165
end box15
1053,61
1054,60
1057,59
1058,60
1059,60
1060,62
1061,63
1061,64
1060,66
1060,67
1059,68
1058,69
1056,69
1055,69
1054,68
1053,67
end box16
192,151
194,149
196,147
210,147
213,147
215,150
216,161
214,165
211,166
194,166
192,164
end box17
517,146
517,147
518,148
518,149
518,150
518,152
517,153
515,153
512,152
511,152
end box18
188,150
189,148
216,147
218,150
218,155
218,159
190,161
187,159
187,155
end box19
493,145
497,145
497,145
498,146
498,147
498,148
498,149
498,150
498,152
496,152
495,152
494,152
493,151
end box20
349,123
362,122
363,124
363,140
351,140
349,139
end box21
562,170
563,169
564,169
565,169
566,170
567,171
567,172
568,177
567,178
566,179
564,179
563,179
562,178
561,177
end box22
496,158
496,158
497,158
498,158
498,158
499,159
499,159
500,160
500,161
500,162
500,163
499,164
498,165
497,165
496,164
495,164
495,163
end box23
511,159
512,159
513,159
514,159
514,159
515,159
516,160
516,161
516,162
516,163
516,164
515,165
514,166
513,166
512,166
511,165
511,164
end box24
461,145
462,145
465,145
465,145
466,146
466,150
466,152
464,152
463,152
462,152
461,151
end box25
547,147
548,147
549,148
549,149
549,150
549,151
549,152
548,153
547,154
546,154
545,153
544,153
end box26
463,159
463,159
464,159
465,159
465,159
466,160
466,160
467,161
467,162
467,163
467,164
466,165
465,165
464,166
463,165
462,165
462,164
end box27
282,112
283,107
297,107
299,110
299,138
298,142
287,142
283,140
end box28
433,139
434,139
435,139
436,139
437,139
438,140
438,147
437,147
435,148
434,147
433,147
end box29
623,109
624,108
625,108
626,108
627,109
628,117
627,118
625,119
624,118
623,117
end box30
493,145
497,145
497,145
498,146
498,147
498,148
498,149
498,150
498,152
496,152
495,152
494,152
493,151
end box31
end total32boxes
