553,179
553,177
554,176
556,174
558,174
566,174
568,175
570,177
571,179
571,182
571,185
570,188
567,189
564,189
557,189
554,188
552,187
552,184
552,182
end box0
553,195
554,189
560,183
565,179
571,178
578,178
583,179
590,179
598,178
603,182
608,189
611,195
611,204
611,212
608,221
600,222
570,222
560,223
554,220
552,212
553,203
end box1
541,180
541,178
543,176
545,175
547,175
555,175
557,176
559,178
561,180
561,183
561,186
560,189
556,190
553,190
546,190
543,190
541,188
540,185
540,183
end box2
944,198
945,195
947,193
950,192
962,192
965,193
968,195
971,198
972,202
972,206
969,208
964,209
961,209
953,208
950,207
946,207
944,205
943,201
end box3
358,192
358,191
360,189
361,187
363,187
371,187
373,188
374,190
375,192
375,195
375,198
375,201
372,202
369,202
364,201
362,202
359,201
358,200
358,197
357,195
end box4
560,175
561,174
564,174
566,174
567,175
568,176
568,178
568,179
568,181
568,183
567,184
565,184
563,185
562,184
560,184
559,183
558,182
end box5
344,192
344,190
345,188
346,187
348,186
350,186
351,185
353,186
355,187
357,188
358,190
359,191
359,194
359,196
358,199
356,200
354,200
352,200
349,200
347,200
345,199
344,197
344,195
344,193
end box6
545,176
546,176
551,176
552,176
553,177
554,179
554,180
553,182
554,184
552,185
550,185
548,186
547,185
545,185
544,184
543,183
end box7
508,179
508,177
509,175
510,174
512,174
517,173
519,174
521,175
522,176
523,178
524,181
524,183
523,186
520,187
518,187
513,187
511,187
509,186
508,185
507,182
507,180
end box8
513,176
514,175
515,174
516,174
517,174
518,175
519,176
520,177
520,178
520,179
520,180
520,182
519,183
518,184
516,184
515,184
514,183
513,182
512,181
end box9
844,194
845,191
847,188
850,185
853,185
856,185
859,185
862,186
866,185
869,187
871,190
873,194
874,198
874,202
872,206
867,208
863,207
859,207
856,207
852,208
848,207
845,205
843,202
843,198
end box10
921,198
926,194
931,192
934,192
946,192
950,193
955,194
961,197
963,203
961,207
955,210
927,209
922,207
920,202
end box11
364,189
365,189
366,188
368,188
369,189
370,190
371,191
371,192
371,193
371,195
371,196
370,197
369,198
367,198
366,198
364,197
364,196
363,195
end box12
806,196
806,195
807,195
808,194
809,195
810,195
811,196
811,197
811,198
811,199
811,200
812,202
811,203
810,204
808,204
807,204
806,203
805,201
end box13
223,194
223,193
224,192
225,192
226,192
227,193
228,194
228,195
228,196
228,197
228,198
228,200
228,201
227,202
225,203
224,202
223,201
222,199
end box14
783,163
784,163
786,163
787,162
788,163
789,164
790,165
790,166
790,167
790,169
790,170
789,171
788,172
786,172
785,172
783,172
783,170
782,169
end box15
837,157
838,157
839,157
841,157
842,157
843,158
842,167
841,168
839,168
838,168
836,167
end box16
599,159
601,159
601,161
602,162
602,163
602,165
602,166
600,168
599,168
596,168
594,167
594,166
end box17
784,163
785,164
786,165
787,166
787,169
786,170
785,171
784,172
782,172
781,172
780,171
779,170
end box18
729,170
730,170
732,169
733,170
734,171
734,178
733,179
731,179
730,179
729,178
end box19
589,163
589,162
590,160
592,158
602,158
604,159
605,161
606,163
606,166
606,169
605,171
603,173
600,173
593,173
591,172
589,170
589,168
589,166
end box20
320,173
321,173
321,174
322,175
322,177
322,179
321,180
319,180
318,180
317,180
316,180
end box21
826,157
827,156
829,156
831,156
832,157
831,166
830,167
828,167
827,167
825,166
end box22
772,175
773,174
775,174
776,175
776,175
777,180
776,181
775,182
774,182
773,182
772,181
end box23
641,155
642,155
643,155
644,155
645,155
646,156
646,163
645,164
643,164
642,164
641,163
end box24
end total25boxes
