278,197
282,191
288,187
294,186
324,187
331,191
336,197
339,206
337,213
328,216
283,216
276,212
276,205
end box0
559,176
559,176
563,176
564,176
564,177
565,178
565,179
565,180
565,182
564,182
562,183
561,183
560,183
559,182
558,182
557,181
end box1
543,177
548,177
549,177
550,178
551,179
551,180
551,182
551,184
549,184
547,184
546,184
545,184
544,184
543,183
542,183
end box2
622,188
623,186
624,184
625,183
627,183
634,182
636,183
638,185
639,187
639,190
639,193
638,195
636,196
633,196
626,196
624,196
622,194
622,192
622,190
end box3
447,183
449,180
450,177
453,176
456,176
458,175
461,175
463,175
466,176
469,177
472,180
474,183
474,187
475,191
473,195
469,196
464,196
461,195
455,195
451,195
448,194
446,190
447,186
end box4
579,176
580,176
581,176
582,176
583,176
583,176
584,177
585,178
585,179
585,180
585,182
584,182
582,183
581,183
580,183
579,182
578,182
578,181
end box5
529,177
529,177
530,176
532,176
533,177
533,177
534,178
535,179
535,180
535,181
535,183
534,183
532,184
531,184
530,184
529,183
528,183
end box6
522,182
522,180
523,178
524,177
526,177
531,177
533,177
534,178
536,179
537,181
538,184
538,186
537,189
534,190
532,190
529,189
528,189
526,189
524,189
522,188
521,186
521,184
end box7
625,186
626,185
627,185
628,184
630,184
632,185
633,185
633,186
634,188
634,189
634,191
634,193
632,193
631,194
629,194
628,194
626,194
625,193
625,192
end box8
485,194
487,191
490,189
492,188
495,188
502,188
504,188
507,189
511,191
514,194
516,198
514,202
511,205
506,205
502,205
495,204
492,204
488,203
484,201
483,198
end box9
553,179
554,177
555,176
557,175
558,174
565,174
566,175
568,176
570,178
570,181
570,184
569,186
566,186
563,186
557,186
555,186
553,185
552,183
552,181
end box10
592,179
592,179
593,178
594,178
595,178
596,179
596,179
597,180
597,181
597,182
597,183
597,184
596,185
595,186
594,186
593,186
592,185
591,184
591,183
end box11
590,182
591,180
592,179
593,177
594,177
596,176
597,176
599,176
601,177
603,178
604,180
605,181
605,184
605,186
604,188
602,189
600,190
597,190
595,190
593,190
591,189
590,188
590,185
590,183
end box12
524,144
525,143
528,143
529,143
530,144
531,145
531,146
531,147
531,148
531,150
530,151
529,151
527,152
526,151
525,151
524,150
end box13
725,134
727,132
734,132
737,132
738,134
739,147
737,149
735,151
726,150
725,148
end box14
631,162
632,162
633,163
634,164
633,166
633,168
633,168
631,169
629,168
628,168
627,167
end box15
643,176
643,176
644,175
646,175
647,176
648,176
648,177
649,178
649,179
649,180
649,182
648,183
646,183
645,183
644,183
643,182
642,182
end box16
641,188
642,187
643,186
644,186
646,186
647,187
648,188
648,189
648,195
647,197
646,198
644,198
643,198
641,197
640,196
end box17
529,159
530,160
531,160
531,161
531,163
531,164
530,165
529,165
528,166
527,165
526,165
end box18
496,176
496,176
497,176
499,176
500,176
500,176
501,177
501,178
501,179
501,180
501,182
501,182
499,183
498,183
497,183
496,182
495,182
495,181
end box19
645,163
646,163
647,164
647,165
647,167
647,168
646,169
645,170
644,170
643,170
642,169
641,168
end box20
520,158
521,158
521,159
522,160
522,164
521,165
519,165
517,165
516,165
515,164
end box21
593,139
593,139
595,139
595,139
596,140
596,145
595,145
594,146
593,145
592,145
end box22
592,129
592,129
594,129
594,129
595,130
595,135
594,136
593,136
592,136
591,135
end box23
end total24boxes
