768,189
768,187
769,185
770,184
772,184
779,184
781,184
782,186
784,188
784,191
784,193
783,196
780,197
778,196
773,197
771,197
769,197
767,195
767,193
767,191
end box0
653,191
654,188
656,185
659,182
662,182
677,182
680,184
683,187
685,191
685,196
686,201
684,206
679,207
661,207
656,207
653,205
652,200
652,196
end box1
722,186
723,185
724,185
726,185
727,185
728,186
729,187
729,188
729,189
729,190
729,192
728,193
726,193
725,193
724,193
723,193
722,192
721,191
end box2
754,182
756,180
760,180
761,180
762,181
762,182
762,183
762,184
762,186
761,187
759,187
756,187
755,186
754,185
754,184
end box3
739,176
742,176
743,176
744,177
744,178
745,179
744,180
744,182
743,182
742,182
741,183
740,182
739,182
738,181
738,181
end box4
752,189
752,187
754,186
755,185
756,184
763,184
765,185
766,187
767,188
767,191
767,193
766,195
764,196
755,196
753,196
752,195
752,192
752,190
end box5
754,189
754,188
755,187
755,187
756,186
760,186
761,187
762,188
762,189
762,190
762,191
762,193
761,194
759,194
758,194
757,194
756,194
755,193
754,192
754,191
754,190
end box6
738,188
738,187
739,186
739,186
740,185
744,185
745,186
746,187
746,188
747,189
746,191
746,192
745,193
743,193
741,193
740,193
738,192
738,191
738,190
738,189
end box7
708,187
709,186
710,186
712,186
713,186
714,187
714,188
715,189
715,190
715,191
715,193
714,194
712,194
711,194
710,194
709,194
708,193
707,192
end box8
773,178
777,178
778,178
778,179
779,180
779,181
779,182
779,184
778,185
776,185
775,185
774,185
773,184
772,184
772,183
end box9
685,191
685,189
686,188
687,187
688,186
690,185
691,184
693,185
695,186
696,187
697,189
698,191
698,193
698,195
697,197
696,198
694,199
692,199
689,199
687,199
686,197
685,196
685,194
684,192
end box10
660,159
660,159
661,158
662,157
663,157
664,157
665,158
666,158
667,160
668,161
668,162
668,164
667,165
666,166
665,167
663,168
662,167
661,166
660,165
659,164
end box11
1112,150
1113,149
1124,148
1127,149
1127,163
1125,164
1115,164
1113,163
end box12
832,159
833,160
834,161
834,166
833,167
832,167
829,167
828,167
827,166
end box13
657,161
657,159
658,158
659,157
660,156
662,155
663,155
665,155
667,155
669,157
669,159
670,161
670,162
670,164
669,167
668,169
666,170
664,170
661,170
659,169
658,167
658,165
657,164
657,162
end box14
791,163
792,163
792,164
793,169
792,170
790,170
788,170
787,169
786,169
end box15
826,144
827,142
830,142
832,141
834,141
836,142
838,144
838,155
837,158
835,159
832,160
829,159
827,158
825,156
end box16
828,146
829,145
830,145
831,144
833,144
834,145
835,146
836,147
836,154
835,155
833,156
831,156
830,156
828,155
827,154
827,153
end box17
708,177
708,177
711,176
712,177
713,177
713,178
713,179
714,180
713,181
714,183
713,184
711,184
710,184
709,184
708,183
707,182
end box18
692,161
696,160
697,161
697,162
698,163
698,164
698,165
698,167
697,168
696,168
694,168
693,168
692,168
691,167
end box19
191,79
194,73
200,73
207,69
216,68
219,74
218,118
216,126
208,126
200,124
194,121
191,114
end box20
707,158
708,158
710,158
711,158
712,159
712,160
713,165
712,166
711,167
709,167
708,167
707,166
end box21
end total22boxes
