558,191
559,187
564,181
568,178
573,178
578,177
583,177
588,178
594,178
597,181
601,187
604,191
605,198
604,205
603,212
597,213
572,212
563,215
559,212
558,204
559,197
end box0
652,193
655,188
658,182
663,179
669,178
674,178
679,179
684,179
691,178
697,180
700,187
703,193
704,201
704,208
701,214
692,216
685,216
679,215
674,216
667,218
658,218
651,215
649,209
650,201
end box1
-3,230
9,206
31,189
56,183
79,188
97,193
111,195
128,192
145,193
166,199
190,213
209,234
222,264
218,288
191,308
165,313
48,310
22,308
0,286
-6,262
end box2
634,191
635,188
636,184
638,182
642,181
645,180
648,180
652,181
656,181
659,182
661,186
661,190
661,194
660,198
659,203
656,205
652,205
648,206
644,207
640,207
636,205
634,203
633,198
634,194
end box3
639,182
640,180
641,178
642,177
644,176
646,176
649,176
651,176
654,177
655,179
656,181
656,184
656,187
655,189
653,190
650,191
645,190
643,191
641,190
639,188
639,186
638,184
end box4
691,160
695,160
696,161
697,162
697,167
696,168
695,169
693,169
692,169
691,168
690,167
end box5
end total6boxes
