68,274
109,234
150,207
191,199
228,197
256,199
283,197
311,196
343,202
384,210
428,236
469,275
482,330
470,368
407,380
343,380
310,378
281,367
259,366
234,369
199,374
138,375
74,365
60,328
end box0
456,216
462,208
469,199
476,193
486,193
495,193
504,192
513,192
523,193
533,197
542,206
546,216
546,229
545,243
539,251
526,254
513,252
504,251
495,250
487,251
474,252
461,251
456,241
455,229
end box1
565,196
566,193
569,190
572,189
585,189
588,190
592,192
594,196
595,200
595,204
592,207
587,208
574,208
570,207
566,207
564,204
564,200
end box2
572,194
572,192
574,191
576,189
586,189
588,190
590,192
591,194
591,197
591,200
590,203
587,204
577,203
574,203
572,202
572,199
571,197
end box3
578,173
579,172
581,172
582,173
583,173
583,174
583,178
583,179
581,180
580,180
579,180
578,179
end box4
end total5boxes
