670,183
670,181
671,179
672,178
674,177
681,178
683,179
684,180
685,182
685,185
685,187
685,190
682,191
680,191
673,191
671,190
670,189
670,186
669,184
end box0
618,180
619,178
620,177
622,176
631,176
634,176
636,178
637,180
638,183
637,186
636,189
633,189
623,189
620,189
618,188
617,185
617,183
end box1
641,178
642,177
646,177
647,178
648,179
649,180
649,181
648,183
649,184
647,185
646,185
643,185
642,185
641,184
640,183
end box2
498,202
498,199
501,196
503,194
506,194
509,195
512,194
514,194
518,194
520,196
523,199
525,202
525,206
525,210
523,213
519,214
515,214
512,213
509,213
506,214
503,213
499,212
498,209
498,205
end box3
669,188
669,186
669,184
670,183
672,182
674,182
675,181
677,182
679,183
680,184
681,186
682,188
682,189
682,192
682,194
680,196
678,196
676,196
673,196
671,196
670,194
669,193
669,191
669,189
end box4
672,179
673,178
674,178
678,178
679,178
680,180
681,181
681,182
681,184
681,186
679,186
678,187
675,187
673,186
672,186
672,185
end box5
391,210
391,203
392,195
399,193
407,193
413,192
418,193
424,194
430,195
435,199
438,205
442,210
444,218
445,226
442,234
435,237
426,237
419,236
413,235
407,235
400,233
395,229
392,224
392,217
end box6
637,181
637,179
639,177
640,176
649,176
651,176
653,178
654,180
654,183
654,186
653,188
650,189
641,189
639,188
637,187
636,185
636,183
end box7
486,206
488,203
491,200
493,198
496,197
499,196
502,197
505,197
508,198
510,200
514,202
517,206
518,210
517,214
513,217
510,219
506,219
502,219
499,219
496,219
493,217
489,216
487,213
486,210
end box8
624,180
626,177
631,177
632,178
633,179
634,180
634,181
634,183
634,185
632,185
631,185
626,185
625,185
624,184
625,182
end box9
486,209
486,207
486,204
486,200
488,193
492,185
496,188
500,195
502,200
503,204
504,206
504,209
504,212
503,214
502,216
502,221
501,229
498,234
491,236
488,229
488,219
488,215
488,213
487,212
end box10
265,253
264,246
265,239
269,231
274,219
284,198
295,191
306,204
313,221
316,234
315,245
315,253
313,260
310,266
309,273
305,281
302,298
295,315
280,317
273,297
272,278
270,271
266,265
266,259
end box11
480,194
480,193
481,191
482,190
484,191
484,193
485,194
485,195
485,197
485,198
485,199
485,201
484,203
483,205
481,204
480,201
479,199
end box12
465,195
465,194
466,191
467,191
469,192
469,193
470,195
470,196
470,197
470,198
470,199
470,200
470,202
469,204
468,206
466,205
465,202
end box13
1008,81
1009,79
1011,77
1025,78
1027,80
1026,92
1024,93
1010,93
1008,91
end box14
628,4
629,3
631,2
636,1
641,2
643,3
644,6
644,13
643,16
642,18
636,20
630,19
628,17
627,15
end box15
593,177
593,177
596,176
597,177
598,177
598,178
599,179
599,180
599,181
599,183
598,184
596,184
595,184
594,184
593,183
592,182
end box16
496,175
500,175
500,175
501,176
501,177
501,178
501,179
501,180
501,181
499,182
498,182
497,182
496,181
end box17
250,174
252,171
282,171
286,173
286,180
285,183
249,183
249,180
end box18
662,162
663,163
663,168
662,169
661,169
658,169
657,169
656,168
end box19
266,244
267,238
270,232
273,225
277,214
286,191
297,182
308,194
316,211
318,224
318,235
319,243
318,251
314,258
312,265
309,274
305,290
297,303
281,307
273,292
272,271
271,262
267,257
266,250
end box20
341,236
340,229
340,220
342,208
348,194
359,182
369,183
378,200
384,213
386,222
387,230
387,236
387,242
385,248
385,256
386,270
384,290
373,295
357,293
351,278
350,260
348,252
345,247
343,242
end box21
end total22boxes
