501,196
501,192
503,189
506,186
510,186
513,186
516,186
519,186
523,186
526,189
529,192
530,195
531,200
531,204
529,209
525,211
520,211
516,210
513,209
509,209
506,208
503,207
501,203
501,199
end box0
442,206
442,199
446,192
452,188
459,187
465,187
472,187
478,188
486,188
491,192
494,200
497,206
498,214
498,222
495,229
487,232
478,232
472,231
465,232
459,231
452,230
445,227
443,220
442,213
end box1
380,224
386,217
393,209
398,203
406,201
415,201
422,201
430,202
440,203
445,208
453,216
457,224
459,235
459,247
455,257
444,259
431,258
422,256
414,257
404,260
391,261
383,258
379,247
379,236
end box2
526,193
526,191
526,189
528,187
530,187
532,186
534,186
535,186
537,187
539,188
540,190
541,192
541,195
541,197
541,200
539,202
536,202
534,202
531,201
529,201
527,200
526,198
526,194
end box3
538,190
538,188
539,186
541,184
543,184
545,184
548,184
550,184
552,185
554,187
555,189
555,192
555,194
554,197
552,198
549,198
547,198
544,198
542,198
540,197
539,196
538,194
538,192
end box4
521,191
521,188
523,185
525,183
529,183
531,183
536,183
540,183
542,185
545,188
546,191
546,194
547,199
545,202
542,204
537,204
534,203
531,202
528,202
525,202
522,200
521,197
521,194
end box5
729,221
737,208
749,195
761,187
774,184
788,184
800,184
814,186
830,185
844,192
858,205
863,220
864,240
862,259
853,273
833,275
756,275
737,273
728,258
727,240
end box6
531,188
532,185
535,183
537,181
540,181
547,182
550,181
552,183
555,185
557,188
558,192
558,195
556,199
552,199
548,199
545,198
539,199
536,198
533,197
531,195
531,191
end box7
576,180
581,179
582,180
583,181
583,182
584,183
583,185
583,186
582,187
581,187
578,187
577,187
576,186
575,185
end box8
509,195
509,193
510,191
511,189
513,189
515,188
518,188
520,189
522,190
524,191
525,193
526,195
527,198
527,201
526,204
524,206
521,206
518,206
515,205
513,205
511,204
509,202
508,200
508,198
end box9
394,194
394,193
394,191
395,190
396,188
398,186
400,185
402,187
403,188
404,190
404,192
405,194
405,195
405,197
405,200
405,203
403,205
400,205
397,205
395,204
393,201
394,198
393,197
393,195
end box10
416,190
417,188
417,187
418,185
420,183
422,182
424,183
425,185
426,187
427,189
427,191
427,192
427,194
427,197
426,199
425,202
422,202
419,202
417,200
416,198
416,195
416,194
end box11
418,188
419,187
420,185
421,185
423,185
424,187
425,188
425,190
425,191
425,192
425,193
425,195
425,197
423,199
422,200
420,199
418,197
418,195
end box12
396,190
397,189
398,188
399,187
401,188
402,189
403,190
403,192
403,193
403,194
403,195
403,197
403,199
401,200
400,201
398,201
396,199
396,197
end box13
532,173
533,174
533,175
534,176
534,178
534,180
533,181
531,181
529,181
528,181
527,180
end box14
end total15boxes
