711,207
716,198
724,186
733,179
744,177
755,177
765,177
777,178
790,178
801,184
811,195
813,207
812,222
811,237
807,249
790,249
775,247
765,247
755,250
743,252
727,253
712,252
709,238
710,222
end box0
445,196
448,191
453,186
457,185
463,185
470,185
474,185
479,185
484,186
489,191
494,195
496,203
495,210
490,214
481,214
476,214
471,214
466,214
461,214
456,214
449,213
445,209
445,202
end box1
-4,264
5,238
23,215
46,203
72,203
95,204
114,208
135,210
159,213
181,222
202,242
213,266
219,297
213,325
196,346
170,355
140,351
116,348
93,352
67,360
35,363
11,353
-2,326
-5,296
end box2
484,192
484,188
485,185
488,183
492,183
495,182
498,183
501,183
505,183
507,185
510,188
511,192
512,196
512,200
511,205
507,207
502,207
498,206
495,205
492,205
489,203
486,202
485,198
484,195
end box3
839,180
873,151
909,139
942,138
964,140
981,140
995,140
1012,138
1030,140
1062,141
1098,153
1129,181
1143,220
1126,241
1076,255
1040,255
936,252
898,255
851,241
832,220
end box4
469,193
470,189
471,185
474,183
479,183
482,183
485,183
488,183
492,184
495,186
498,189
500,192
501,197
501,202
499,206
495,208
490,209
485,207
482,206
479,206
472,203
470,200
469,196
end box5
886,172
913,154
942,150
962,149
973,148
982,149
991,148
1000,150
1012,149
1028,152
1053,157
1084,173
1094,198
1081,212
1042,219
931,219
894,212
881,198
end box6
524,190
524,188
524,186
525,185
527,184
529,183
531,182
532,183
534,184
536,186
536,188
537,190
537,192
537,194
537,196
535,198
533,199
531,200
528,199
526,198
525,196
524,195
524,193
523,191
end box7
502,189
503,186
505,183
507,181
511,181
513,181
516,181
518,181
522,181
524,183
527,186
529,189
530,193
530,197
528,201
524,202
520,202
516,201
513,201
510,201
507,200
504,199
502,196
502,192
end box8
546,160
547,159
552,159
553,160
554,161
554,168
553,169
551,170
548,170
546,169
545,168
end box9
610,171
611,170
612,170
613,170
614,170
615,170
616,171
616,172
617,173
617,174
617,175
617,177
616,178
615,178
613,179
612,178
611,178
610,177
end box10
563,158
566,158
567,158
568,159
569,160
569,161
569,162
569,163
569,165
568,166
567,167
565,167
564,167
563,166
end box11
544,177
544,177
545,176
546,176
547,176
548,177
548,177
549,178
549,179
549,180
549,181
549,182
549,184
547,184
546,184
545,184
544,183
543,182
end box12
790,162
791,161
792,160
793,160
794,160
795,161
796,162
797,168
796,169
795,170
793,171
792,170
791,169
end box13
594,164
594,164
595,164
596,164
596,164
597,164
598,165
598,166
598,167
598,168
598,169
597,170
596,171
595,171
594,171
593,170
end box14
691,159
692,158
694,158
695,159
696,159
696,160
696,165
696,166
694,166
693,166
692,166
691,165
end box15
end total16boxes
