92,221
112,207
127,197
142,193
154,193
165,194
174,193
184,194
197,193
217,194
237,202
249,220
248,240
240,254
217,262
154,263
139,265
115,266
92,257
88,242
end box0
595,221
596,215
603,209
608,204
615,205
634,204
641,205
646,208
651,216
655,221
655,230
654,238
651,247
645,248
604,249
599,246
596,237
597,229
end box1
604,192
605,190
606,188
607,187
609,187
616,187
618,187
620,189
621,191
621,194
621,197
620,199
618,200
608,200
606,200
604,198
604,196
604,194
end box2
473,208
472,201
474,194
480,192
487,193
493,193
498,193
503,194
508,195
512,199
516,204
520,208
521,216
522,223
519,229
513,232
505,232
498,231
493,231
end box3
556,195
556,192
557,191
559,189
561,189
566,189
568,189
570,190
572,192
573,194
573,197
573,200
572,202
570,204
567,204
565,204
562,203
560,203
558,203
557,201
556,199
556,197
end box4
531,196
532,193
534,190
537,189
540,189
547,189
550,190
552,191
555,193
557,196
559,200
558,204
556,207
552,208
548,208
545,207
533,205
531,202
531,199
end box5
705,205
710,195
718,183
728,177
740,176
752,176
761,176
772,177
785,177
795,183
805,194
808,205
807,220
807,235
803,248
789,251
772,247
761,247
752,248
740,248
722,252
708,251
704,236
704,220
end box6
571,192
571,189
572,188
574,186
576,186
578,185
582,185
584,186
586,187
588,189
588,191
588,194
588,197
587,199
585,201
582,202
580,201
577,201
575,201
573,200
571,198
571,196
571,194
end box7
677,212
678,209
679,206
681,203
684,201
688,201
691,201
695,201
699,201
702,203
704,208
704,211
703,215
703,219
703,224
699,226
695,227
691,227
687,228
683,229
678,228
676,224
676,219
677,215
end box8
435,219
438,213
442,206
446,202
454,202
460,202
465,202
471,203
478,203
484,206
488,213
492,219
494,227
494,236
491,243
482,245
472,244
466,243
460,243
453,243
444,244
437,242
434,235
435,226
end box9
272,208
276,202
281,197
288,195
294,196
307,196
313,195
321,196
326,201
330,208
332,216
331,224
324,228
315,229
308,229
303,229
298,229
293,229
286,230
277,228
270,224
270,216
end box10
540,195
539,193
540,191
542,190
544,189
549,189
551,190
553,191
554,192
555,194
556,197
556,199
555,202
553,203
550,203
548,203
542,202
540,200
539,198
539,197
end box11
623,192
623,190
624,188
625,187
627,187
632,186
634,187
636,188
637,189
638,191
638,194
639,196
638,199
635,200
633,200
626,200
624,199
623,198
622,196
622,193
end box12
499,209
499,205
500,200
504,198
509,198
513,198
516,198
520,199
524,200
526,202
530,206
531,209
532,214
532,219
531,225
527,227
521,227
517,226
513,225
509,225
505,223
end box13
490,207
491,201
493,195
499,193
506,193
511,194
516,194
520,195
526,195
531,198
534,203
538,207
540,215
540,222
536,227
530,230
522,230
516,229
511,228
506,227
501,226
496,224
492,213
end box14
379,238
380,233
381,226
381,216
386,204
395,190
404,181
415,194
419,212
419,225
419,232
421,238
421,244
420,249
419,256
419,269
418,291
408,299
391,294
383,282
384,261
383,253
380,248
379,243
end box15
168,252
171,241
176,232
184,224
192,217
203,215
214,214
224,219
234,223
241,231
249,240
252,252
254,263
251,275
248,286
236,290
222,291
213,297
204,299
194,295
182,290
174,283
169,274
168,262
end box16
774,134
775,131
799,131
801,134
801,158
800,161
775,160
end box17
67,79
70,74
72,68
76,64
81,62
86,60
91,60
97,62
101,64
107,67
110,73
112,79
112,84
111,90
107,96
103,101
98,105
92,108
85,107
79,105
74,101
71,95
68,90
68,84
end box18
926,120
928,118
949,118
952,119
953,142
951,145
928,144
926,141
end box19
524,158
525,156
525,154
526,153
528,151
530,151
532,150
534,151
536,152
538,153
538,155
539,157
539,160
538,162
538,164
537,166
534,168
532,168
529,168
527,167
525,165
525,163
524,161
524,159
end box20
580,173
581,174
581,175
581,179
580,180
575,180
574,179
end box21
573,164
574,164
578,164
579,164
580,165
581,167
581,168
581,170
581,171
580,173
578,173
576,174
575,173
573,173
572,172
end box22
844,188
849,187
850,188
850,189
851,196
850,197
848,197
845,197
843,197
842,196
end box23
530,157
531,157
532,157
534,157
535,157
536,158
537,159
537,161
537,162
537,164
537,166
536,167
534,168
532,168
531,168
529,167
528,166
528,164
end box24
982,121
985,118
989,117
992,119
992,148
989,149
984,149
982,145
end box25
1052,255
1054,243
1062,233
1068,221
1080,218
1093,214
1105,211
1119,214
1134,215
1136,231
1139,245
1145,256
1148,269
1151,286
1150,302
1138,311
1120,312
1105,311
1091,314
1076,315
1061,309
1050,300
1049,284
1050,269
end box26
961,130
961,127
961,122
963,118
968,117
972,114
978,114
981,117
982,152
979,156
973,156
967,152
963,150
961,145
961,140
961,137
961,135
end box27
642,159
643,159
645,159
646,159
647,160
647,161
648,166
647,167
646,168
644,168
643,168
642,167
end box28
end total29boxes
