752,220
761,208
770,195
780,185
792,182
805,184
817,183
829,185
846,185
866,186
874,199
871,218
826,263
816,265
805,267
793,269
778,267
756,265
750,254
750,237
end box0
268,224
272,208
283,197
299,194
315,194
326,195
337,194
347,196
359,197
372,203
383,213
394,226
397,243
395,259
382,266
359,268
348,270
337,271
326,271
317,269
305,267
284,267
275,257
270,242
end box1
800,259
836,222
875,196
914,190
947,187
973,189
998,188
1025,185
1051,193
1084,205
1125,226
1163,260
1175,309
1164,342
1112,359
1061,365
1024,358
996,348
975,348
951,352
914,359
858,358
803,343
792,309
end box2
1,267
27,238
51,216
80,207
107,203
129,202
149,203
171,205
196,211
231,216
258,235
277,267
285,304
274,333
240,346
194,346
170,351
149,353
128,355
108,354
79,353
33,351
0,335
-7,306
end box3
471,193
473,189
478,184
483,182
488,182
501,183
506,182
511,184
515,189
519,193
520,201
520,208
515,211
507,212
502,212
497,211
492,211
487,212
481,212
474,212
471,207
471,200
end box4
634,179
635,177
637,176
639,175
648,175
651,175
653,177
655,179
655,182
655,185
653,188
650,188
640,188
637,188
635,187
633,185
633,182
end box5
505,193
504,189
505,186
508,184
512,184
515,184
518,184
521,184
524,185
526,187
529,190
530,193
531,197
531,201
529,205
527,207
522,208
518,206
515,205
512,205
end box6
730,205
732,199
736,194
741,190
746,187
752,187
758,186
765,186
775,185
782,187
782,196
758,229
752,232
744,234
734,234
730,229
728,220
730,212
end box7
600,189
601,187
603,186
605,185
616,185
619,187
622,189
623,192
622,196
620,198
615,197
603,198
600,197
599,195
598,192
end box8
698,189
698,186
700,183
703,180
706,179
709,179
712,179
716,179
720,178
724,180
726,184
726,188
722,200
709,204
704,204
700,204
698,201
697,196
697,192
end box9
624,181
624,179
625,178
626,176
628,176
635,176
637,176
639,178
639,180
639,183
639,185
638,187
636,188
634,189
629,189
627,189
625,188
624,187
623,185
623,182
end box10
524,190
525,188
527,188
529,187
530,187
532,188
534,189
535,190
536,192
536,194
537,196
537,198
537,200
535,202
533,203
531,203
528,202
527,202
end box11
717,204
722,195
728,187
736,181
744,179
753,179
762,179
770,180
781,180
793,182
799,191
760,236
753,240
742,243
730,243
720,239
716,227
716,216
end box12
691,195
692,190
695,185
699,181
704,179
709,179
714,179
719,180
726,180
731,182
733,189
733,194
732,200
729,211
725,214
719,215
714,215
709,217
702,218
695,218
692,213
691,207
691,200
end box13
464,203
470,200
476,198
479,196
493,197
497,197
505,199
511,203
513,210
511,215
504,218
496,217
477,217
469,218
463,215
462,209
end box14
1106,321
1117,308
1128,299
1139,294
1151,293
1161,292
1170,291
1182,290
1197,288
1212,292
1223,304
1229,320
1229,337
1228,354
1218,366
1199,369
1182,365
1171,367
1160,366
1150,364
1133,366
1115,363
1103,354
1102,338
end box15
624,176
625,175
629,175
630,176
631,177
631,178
631,179
631,180
631,182
630,183
628,183
627,184
626,183
625,183
624,182
623,181
end box16
511,193
512,191
514,191
515,190
518,190
519,190
521,192
522,193
523,195
524,197
524,199
524,201
524,203
523,205
521,207
518,206
515,205
513,205
end box17
670,179
670,178
672,176
673,175
682,175
684,176
686,177
687,179
688,182
688,185
686,187
683,188
675,187
672,188
670,186
669,184
669,182
end box18
546,177
546,177
547,176
548,176
549,176
550,176
551,177
551,178
552,179
552,180
552,181
552,183
551,184
550,185
548,185
547,184
546,183
545,183
end box19
498,159
499,158
500,158
501,158
502,158
503,158
504,159
505,160
505,161
505,162
505,163
505,165
504,166
503,167
501,167
500,167
499,166
498,165
end box20
529,173
530,173
531,173
532,173
533,173
534,174
534,175
535,176
535,177
535,178
535,180
534,181
533,182
531,182
530,181
529,181
528,179
end box21
513,162
514,162
515,162
516,162
517,162
517,162
518,163
518,164
518,165
518,166
518,167
517,168
516,169
515,169
514,169
513,168
end box22
481,158
482,158
484,158
485,158
486,159
487,160
487,161
487,163
487,165
486,166
485,167
483,167
482,167
481,166
480,165
end box23
529,162
530,161
532,161
533,162
534,162
534,163
535,164
535,165
535,166
535,168
534,169
533,169
531,170
530,169
529,169
end box24
544,159
544,159
546,159
546,159
547,159
548,160
548,161
548,163
548,164
547,165
546,166
545,166
544,165
543,165
end box25
544,186
545,186
547,185
548,186
549,187
549,193
549,194
548,195
546,195
545,195
544,194
end box26
530,190
531,189
532,188
533,189
534,189
535,189
535,190
536,191
536,192
536,193
536,194
536,195
536,197
534,197
533,198
532,197
531,196
end box27
462,189
463,189
464,188
465,189
466,189
467,190
467,191
467,195
466,196
465,197
464,198
463,198
462,197
461,195
end box28
621,154
622,153
624,153
625,154
626,155
626,162
625,163
623,164
622,163
621,162
end box29
82,160
83,159
84,159
86,159
87,160
87,161
87,170
86,171
85,172
82,172
81,171
end box30
544,159
544,159
546,159
546,159
547,159
548,160
548,161
548,163
548,164
547,165
546,166
545,166
544,165
543,165
end box31
end total32boxes
