534,194
535,188
539,182
545,180
552,180
557,180
562,181
567,181
572,181
577,184
582,189
586,194
587,202
587,209
583,215
575,216
568,215
562,214
557,213
552,214
546,214
539,212
536,208
535,201
end box0
522,206
525,201
531,195
536,193
542,192
557,193
563,193
569,195
576,200
580,205
580,214
579,222
573,226
565,228
557,227
542,227
534,228
526,227
522,221
521,214
end box1
457,175
458,174
460,173
462,172
471,172
474,173
476,175
477,178
477,181
475,183
471,183
460,183
457,183
456,180
456,178
end box2
431,164
431,163
432,161
433,161
434,161
435,163
436,164
436,165
436,166
436,167
436,168
436,169
436,171
435,173
434,174
432,173
431,171
431,169
end box3
526,164
526,164
527,163
528,162
529,163
530,163
530,164
531,165
531,166
531,167
531,168
531,169
530,170
530,172
528,173
527,172
526,170
526,169
525,168
end box4
610,161
610,160
611,159
612,158
613,159
614,160
614,161
615,162
615,163
615,164
615,165
615,166
614,167
614,169
612,171
611,170
610,167
610,166
end box5
513,162
513,162
514,161
515,160
516,161
517,162
517,162
517,163
518,164
518,165
518,166
518,167
517,168
516,169
515,170
514,169
513,168
513,167
end box6
595,162
595,161
596,160
597,159
598,160
599,161
599,162
599,163
600,164
600,165
599,166
600,167
599,168
599,170
597,171
596,170
595,168
595,167
end box7
446,164
446,163
447,162
448,162
449,162
450,163
450,164
451,165
451,166
451,167
451,168
451,169
450,170
450,172
448,173
447,172
446,170
446,169
end box8
542,163
542,163
543,162
544,161
545,162
546,162
546,163
547,164
547,165
547,166
547,167
547,168
546,169
546,171
544,171
543,171
542,170
542,168
end box9
582,165
582,164
583,163
584,163
585,163
586,164
586,165
587,166
587,167
587,168
587,169
587,170
587,172
586,173
584,174
583,173
582,171
582,170
end box10
626,159
626,159
627,158
628,158
629,158
630,158
631,159
631,160
631,161
631,162
631,163
631,164
630,165
629,166
628,167
627,167
626,165
625,164
625,164
end box11
628,146
629,145
630,145
631,145
632,146
633,146
633,147
634,148
634,149
633,150
633,152
633,153
631,153
630,153
629,153
628,152
end box12
546,78
547,77
548,77
549,76
551,76
553,77
554,77
555,78
555,84
554,86
552,86
550,87
549,86
547,85
546,85
546,83
end box13
446,141
447,141
449,141
450,141
451,142
451,143
451,148
451,149
450,150
448,150
447,150
446,149
end box14
end total15boxes
