200,210
204,203
210,196
217,194
225,194
244,194
251,194
259,196
265,203
270,210
273,221
273,231
266,237
253,237
245,237
238,236
231,236
225,236
216,237
205,235
199,230
199,220
end box0
732,192
734,189
736,187
738,185
741,185
748,185
751,185
754,186
757,189
759,192
760,196
760,200
757,203
753,204
749,203
746,203
743,203
740,204
736,203
733,202
731,199
731,195
end box1
735,192
735,190
736,189
738,187
740,187
742,187
746,186
748,187
750,188
751,190
752,192
753,195
753,198
752,201
749,201
746,202
744,201
741,202
739,202
736,202
734,200
734,197
734,195
end box2
266,207
266,203
269,198
272,196
277,195
285,196
289,196
294,196
297,199
301,203
303,207
305,213
304,219
303,224
297,226
291,225
286,225
277,224
272,224
268,222
266,217
266,212
end box3
159,206
162,200
166,194
171,192
177,192
192,192
198,191
205,193
208,199
211,205
212,213
212,220
207,225
199,227
192,226
187,226
182,226
176,227
169,227
161,226
157,220
158,213
end box4
922,178
924,175
927,172
930,171
933,171
943,171
946,172
950,174
953,178
954,182
954,187
950,189
945,190
932,190
929,189
924,189
921,186
920,182
end box5
54,210
58,207
63,204
67,204
80,204
84,205
89,207
94,210
96,216
95,221
90,224
83,224
65,223
59,223
54,220
53,215
end box6
744,191
746,188
748,186
750,184
753,184
755,184
758,184
760,184
763,184
766,185
769,188
771,191
772,195
771,199
769,202
765,203
761,202
758,202
755,202
752,203
748,202
745,201
743,198
743,194
end box7
819,180
820,178
821,176
822,174
824,174
826,173
829,173
832,174
833,175
835,177
836,179
836,182
836,185
835,187
833,189
830,189
828,189
825,189
823,188
821,188
820,186
819,184
819,182
end box8
753,192
753,190
754,188
755,187
757,186
759,185
760,185
762,185
764,186
766,187
767,189
768,191
768,194
768,196
767,199
765,200
763,201
761,201
758,200
756,201
754,200
753,198
752,195
752,193
end box9
89,213
93,209
97,207
116,208
120,209
125,213
128,218
127,223
121,224
114,225
99,224
92,224
88,222
87,217
end box10
299,207
301,203
303,200
305,198
309,198
318,198
322,198
325,200
327,203
329,207
331,211
331,216
329,220
324,221
319,220
315,220
312,220
308,220
304,220
300,219
299,215
299,211
end box11
517,105
520,103
545,104
547,108
546,128
543,131
519,130
516,127
end box12
890,157
891,156
900,155
901,157
901,158
901,160
900,162
890,161
890,159
end box13
582,122
583,121
584,121
586,121
587,122
588,123
589,124
589,131
588,132
586,134
585,135
583,134
581,132
580,131
end box14
581,111
583,109
585,108
587,109
588,111
588,113
589,121
588,123
587,125
585,127
582,126
581,123
580,121
end box15
872,175
872,175
873,174
874,174
875,174
876,175
876,175
877,176
877,177
877,178
877,179
877,180
876,181
875,182
874,182
873,182
872,181
871,180
end box16
1011,107
1013,104
1025,103
1027,105
1028,131
1026,134
1012,132
end box17
511,189
512,188
513,188
514,188
516,189
516,189
517,191
518,192
518,193
517,195
517,196
516,197
515,198
513,199
512,198
510,198
510,196
end box18
510,208
511,207
512,207
514,207
515,208
515,209
516,216
515,217
514,219
513,220
511,220
509,218
end box19
507,207
508,205
510,203
513,203
515,204
517,205
518,215
518,218
517,221
516,223
513,224
510,223
508,222
507,219
end box20
1162,125
1164,124
1165,124
1167,124
1168,125
1169,127
1169,136
1167,138
1166,139
1163,138
1162,137
end box21
576,146
576,144
576,142
577,140
579,139
582,138
584,138
587,139
587,142
587,156
585,158
582,159
579,158
577,157
576,153
576,151
end box22
590,156
591,154
592,152
593,150
595,150
598,150
600,150
602,151
604,153
604,155
605,157
605,160
604,162
604,164
603,166
600,168
598,169
595,169
593,168
591,166
591,163
end box23
end total24boxes
