609,162
609,161
611,159
612,158
614,158
621,158
624,158
625,160
627,162
627,165
627,168
626,171
623,171
620,171
613,172
610,171
608,170
608,167
607,165
end box0
615,161
615,160
615,159
616,158
617,158
621,158
623,158
623,159
624,161
624,162
624,164
624,166
622,166
621,167
619,167
618,167
616,167
615,166
614,165
615,163
614,162
end box1
599,159
599,159
600,158
601,158
602,158
603,159
604,159
604,160
605,161
605,162
604,163
604,165
604,165
602,166
601,167
600,166
599,165
598,164
598,164
end box2
632,158
632,158
633,157
634,157
635,157
636,158
637,158
638,159
638,160
638,161
638,162
638,164
637,165
635,165
634,165
633,165
632,165
631,164
630,163
end box3
652,188
652,184
652,179
654,173
657,166
663,153
669,153
675,162
679,171
680,178
681,183
681,187
680,191
679,195
678,199
679,209
678,222
671,228
660,228
655,218
656,203
655,197
653,195
653,191
end box4
801,205
801,198
801,190
803,178
808,160
818,139
830,141
841,162
847,177
847,190
847,199
847,205
847,211
845,217
843,223
841,230
840,250
832,276
814,282
805,263
805,235
803,225
801,218
801,212
end box5
645,190
645,188
645,184
646,179
648,173
652,165
658,161
663,167
665,176
666,182
667,186
667,190
666,193
666,196
665,200
665,206
664,217
659,223
651,221
648,210
647,202
647,198
646,195
645,193
end box6
571,160
571,159
572,158
573,158
574,158
575,159
575,160
576,161
576,162
576,163
576,164
576,165
575,166
575,168
573,169
572,168
571,166
571,165
end box7
587,157
587,157
588,156
589,156
590,156
591,156
592,157
592,158
592,159
592,160
592,161
592,162
592,164
591,165
589,165
588,165
587,163
586,162
586,161
end box8
599,159
599,159
600,158
601,158
602,158
603,159
604,159
604,160
605,161
605,162
604,163
604,165
604,165
602,166
601,167
600,166
599,165
598,164
598,164
end box9
532,109
533,108
534,107
535,107
536,107
537,108
538,109
539,110
539,115
538,116
537,117
535,117
534,117
533,116
532,115
end box10
697,59
698,55
699,51
702,48
706,47
710,46
713,46
717,46
722,47
725,50
727,54
729,58
729,63
729,68
728,73
724,76
718,76
714,77
709,77
705,76
700,75
697,72
696,67
697,62
end box11
523,155
524,154
525,154
526,154
528,154
529,155
529,156
530,162
528,164
527,164
525,165
524,165
523,163
522,162
end box12
551,159
551,158
552,157
553,156
554,157
555,158
556,159
556,160
556,161
556,162
556,163
556,164
556,166
555,168
553,169
552,168
551,166
550,164
end box13
end total14boxes
