249,201
275,186
295,180
311,179
322,178
331,178
339,177
347,178
358,178
374,181
397,185
422,201
427,223
416,235
385,242
362,240
306,241
285,242
254,235
245,224
end box0
776,188
782,182
788,177
794,175
800,175
814,175
821,175
828,176
836,181
841,188
842,197
840,204
831,208
821,209
815,209
794,208
785,207
776,204
775,196
end box1
864,203
881,189
898,182
913,180
924,179
933,178
942,177
951,178
962,179
979,181
998,187
1011,203
1013,222
1008,235
984,243
964,243
952,244
942,244
933,243
924,243
909,244
888,244
865,236
861,223
end box2
419,187
421,183
424,180
427,179
430,179
438,180
442,179
445,181
449,183
452,186
453,191
453,196
449,199
444,200
439,199
430,199
427,198
422,198
419,195
419,191
end box3
457,181
457,179
458,178
460,176
462,176
470,176
472,177
473,179
474,181
475,184
475,187
474,190
471,191
468,191
461,191
458,190
457,189
456,186
456,184
end box4
543,174
543,174
544,173
546,173
547,173
548,174
548,175
549,176
549,177
549,178
549,180
548,181
546,181
545,181
544,181
543,181
542,180
end box5
572,175
572,173
574,172
575,171
576,170
583,170
585,170
586,172
587,174
587,177
587,179
586,181
584,182
575,183
573,182
572,181
572,178
571,176
end box6
479,173
479,172
480,172
482,172
483,173
484,173
484,174
485,175
485,176
485,177
485,179
484,180
482,180
481,180
480,180
479,180
478,179
end box7
473,176
474,174
475,172
476,171
478,170
485,171
487,171
489,173
490,175
490,178
490,181
489,183
487,184
484,184
477,184
475,183
473,182
473,180
473,178
end box8
554,178
555,176
556,174
557,173
559,173
566,173
568,173
570,175
571,177
571,180
571,183
570,185
567,186
558,186
556,186
554,184
554,182
553,180
end box9
740,53
743,52
760,64
760,69
759,73
758,80
743,84
726,72
725,69
end box10
51,210
51,208
52,207
53,206
54,205
56,204
57,204
59,204
61,205
63,206
64,208
65,209
65,212
64,214
64,216
62,217
60,218
58,218
55,218
53,218
52,217
51,215
50,213
50,211
end box11
784,212
786,205
791,202
798,200
804,201
807,209
811,250
807,255
799,253
790,254
783,255
782,245
end box12
529,171
530,171
531,170
533,170
534,171
535,172
536,173
537,174
537,175
537,177
537,179
535,180
534,180
532,180
531,180
529,179
529,178
end box13
758,140
759,139
761,139
762,140
763,141
763,148
762,149
760,150
759,149
758,149
end box14
735,79
735,77
751,76
752,78
752,81
752,84
753,87
752,90
744,92
735,88
end box15
766,75
767,72
769,71
772,71
774,72
776,74
777,76
776,79
777,81
776,84
777,86
776,89
775,92
772,93
769,94
766,92
end box16
33,165
34,164
34,161
34,157
36,155
39,154
43,151
47,151
50,153
51,181
49,186
43,184
39,182
35,179
34,175
34,172
34,169
33,167
end box17
391,99
392,97
395,96
401,96
403,97
403,116
402,118
395,118
392,117
end box18
733,100
734,94
738,92
743,90
748,91
750,96
750,124
749,131
743,132
738,131
734,128
734,120
end box19
806,108
807,108
810,108
811,108
812,119
811,121
809,121
806,121
805,120
end box20
802,139
803,139
808,138
809,139
809,152
808,154
806,154
803,154
802,153
end box21
end total22boxes
