292,223
303,210
316,197
328,190
342,189
356,190
367,189
380,190
395,190
408,196
424,209
435,223
435,243
433,262
421,273
396,273
379,271
367,270
356,269
345,269
328,271
303,272
292,262
290,244
end box0
424,205
425,199
430,193
435,190
443,190
454,190
460,191
467,191
472,194
477,200
482,205
484,214
483,224
480,230
470,231
461,229
454,228
449,228
442,229
435,230
427,228
425,221
425,213
end box1
463,186
464,179
469,176
476,176
486,176
491,177
497,178
500,181
503,187
505,192
506,198
506,204
504,211
499,213
493,214
486,212
481,212
477,211
end box2
733,187
747,169
762,150
781,141
801,142
819,146
833,149
849,148
867,149
891,152
907,167
916,188
922,214
918,237
903,252
871,251
850,252
834,250
818,253
799,257
777,260
746,255
732,239
729,215
end box3
578,175
579,171
582,169
585,166
588,166
597,166
601,166
604,168
607,171
609,174
609,179
609,184
608,188
603,189
598,188
587,189
582,189
579,188
577,183
577,179
end box4
573,175
573,173
574,171
575,170
577,169
579,168
582,168
585,169
587,170
588,172
589,174
588,177
588,179
587,182
585,183
583,183
581,183
578,184
576,184
573,183
572,181
572,179
572,176
end box5
530,172
532,169
535,167
537,164
539,164
551,164
553,166
556,169
559,172
560,176
559,180
557,184
553,185
538,185
534,185
531,183
529,180
529,175
end box6
536,175
537,173
539,171
540,170
542,170
551,170
553,171
555,173
557,175
557,178
558,182
557,185
553,185
541,185
538,185
536,184
535,181
536,178
end box7
531,163
531,160
533,156
534,153
538,152
549,153
553,152
555,155
557,159
558,162
558,166
558,171
557,176
555,178
549,178
537,178
534,177
532,174
531,170
531,166
end box8
526,176
527,175
528,175
530,175
531,175
532,176
533,177
533,178
533,179
533,180
533,182
532,183
531,183
529,184
528,183
527,183
526,182
525,181
end box9
560,160
561,160
561,160
562,160
563,160
563,160
564,161
565,161
565,162
565,163
565,164
565,165
564,166
563,166
562,167
561,166
560,166
560,165
end box10
579,159
582,158
583,158
584,159
584,160
584,161
584,162
584,163
583,164
582,164
580,164
579,164
578,163
578,163
end box11
513,180
513,180
514,179
515,179
516,179
517,180
518,180
518,181
519,182
519,183
519,184
519,186
518,187
517,187
515,188
514,187
513,187
512,186
end box12
659,177
659,174
660,171
663,165
667,162
670,165
672,171
672,175
671,184
671,187
671,191
671,199
668,203
662,201
660,193
660,188
660,185
end box13
757,127
758,126
759,126
760,126
762,127
763,127
763,133
763,134
762,136
761,136
759,137
758,137
756,136
end box14
639,127
640,126
641,126
642,126
643,127
644,128
645,134
644,135
643,136
641,137
640,136
639,135
end box15
693,127
696,126
698,127
699,127
699,128
700,133
700,135
699,136
697,136
695,137
694,136
692,136
691,135
end box16
end total17boxes
