594,188
595,185
597,183
598,180
601,179
614,179
615,182
617,185
618,188
618,191
618,195
618,200
616,201
600,201
595,201
594,199
594,194
594,191
end box0
552,191
552,189
554,187
555,186
557,185
566,185
568,187
570,189
571,191
571,194
571,197
570,200
568,201
564,201
556,201
554,201
552,199
552,196
552,194
end box1
593,178
596,178
597,178
598,179
599,180
599,181
599,182
599,184
597,184
596,184
594,184
593,184
592,184
591,183
end box2
593,189
594,187
595,185
596,184
598,183
606,183
608,184
609,186
610,188
610,191
610,193
609,196
607,197
597,198
594,197
593,195
593,193
593,191
end box3
626,178
630,178
631,178
631,179
632,180
632,181
632,182
632,184
631,185
629,185
628,185
627,185
626,184
625,184
625,183
end box4
496,208
500,205
527,205
532,208
535,213
533,217
526,218
497,216
495,212
end box5
519,204
519,202
521,200
523,199
532,200
534,200
537,202
538,204
539,207
539,210
537,213
534,213
522,213
520,211
519,209
518,207
end box6
479,210
485,207
516,207
522,210
526,216
523,221
480,220
477,216
end box7
592,189
592,188
593,187
594,187
595,187
596,187
597,187
598,188
599,189
599,190
599,191
599,192
599,194
598,195
596,195
595,196
594,195
593,195
592,194
591,193
end box8
579,177
580,177
580,177
581,178
581,179
581,180
581,181
580,182
579,182
578,182
577,182
576,181
576,181
end box9
611,177
615,177
616,177
616,178
617,179
617,180
617,181
617,183
616,183
611,183
610,183
609,182
end box10
601,183
601,182
603,180
604,179
613,179
615,180
616,181
618,183
618,186
618,188
617,191
615,192
605,192
603,191
601,190
601,188
601,186
end box11
562,173
563,174
563,174
564,175
564,176
564,177
564,178
563,179
562,179
560,179
559,179
end box12
562,162
562,162
563,162
564,163
564,164
564,166
564,167
563,168
562,169
561,169
560,169
559,168
559,167
end box13
565,142
566,141
567,141
568,141
569,142
570,143
570,148
570,150
569,151
567,152
566,152
565,150
end box14
562,173
563,174
563,174
564,175
564,176
564,177
564,178
563,179
562,179
560,179
559,179
end box15
end total16boxes
