587,181
588,179
589,177
590,176
592,176
599,176
601,176
602,178
603,180
604,183
604,185
603,188
600,189
598,189
591,189
589,189
587,187
587,185
587,183
end box0
-13,190
19,150
51,122
92,114
129,112
157,110
184,109
213,110
246,115
288,123
326,149
354,190
366,243
357,283
309,303
252,306
214,305
184,302
159,298
133,293
92,299
35,301
-10,280
-21,241
end box1
573,179
573,177
575,176
576,174
577,174
579,174
582,174
584,174
586,174
587,176
588,178
588,181
588,183
587,186
585,186
583,187
580,186
578,187
576,187
574,187
573,185
572,183
572,180
end box2
1041,163
1046,157
1053,153
1060,152
1065,151
1078,152
1084,151
1091,152
1098,156
1105,163
1107,172
1104,179
1094,183
1085,183
1079,183
1074,184
1069,185
1063,185
1056,185
1047,184
1039,180
1039,172
end box3
958,165
965,159
971,155
977,154
981,153
986,154
989,154
993,155
998,154
1004,155
1011,159
1019,165
1024,174
1022,181
1012,184
1001,184
995,184
990,183
985,184
980,184
975,184
964,184
956,180
955,173
end box4
348,191
349,190
350,190
351,190
352,191
353,192
353,199
352,200
350,201
349,200
348,199
end box5
end total6boxes
