682,193
683,187
683,179
684,170
689,157
698,141
706,146
715,162
719,173
721,181
721,187
723,193
723,198
721,203
718,207
716,214
714,227
709,248
696,249
690,229
689,214
686,208
684,203
683,198
end box0
367,191
367,189
367,185
367,180
369,173
374,164
379,164
384,171
386,180
387,184
388,188
388,191
388,194
387,197
386,200
386,205
385,215
381,222
373,221
369,213
369,203
369,198
368,196
367,194
end box1
429,172
430,171
431,170
432,170
433,170
434,171
435,172
436,173
437,174
436,175
436,176
436,178
435,179
434,180
432,180
431,180
430,179
429,178
end box2
488,178
489,176
490,175
492,174
494,172
496,172
498,172
500,174
501,175
503,177
503,179
504,182
503,184
503,187
501,189
499,191
496,191
493,190
491,189
489,187
488,185
488,181
end box3
508,160
509,159
510,159
511,159
512,159
513,159
514,160
515,161
515,162
515,163
515,164
515,166
514,167
513,168
511,168
510,167
509,167
508,166
end box4
492,177
493,176
494,175
495,175
497,175
498,176
499,177
500,178
501,180
500,181
500,183
500,185
499,186
497,187
495,188
494,187
492,186
491,185
491,184
end box5
532,139
533,140
533,142
533,145
533,147
532,148
530,148
525,148
524,147
end box6
524,129
525,128
531,128
532,128
532,129
533,135
531,137
530,137
527,137
525,137
524,136
end box7
543,161
543,160
544,160
545,160
546,160
547,160
548,161
548,162
549,163
548,164
548,165
548,167
548,168
547,169
545,169
544,168
543,168
542,167
end box8
464,158
465,157
469,157
470,158
471,159
471,164
470,165
469,166
466,165
465,165
464,164
end box9
522,106
523,105
524,105
526,105
527,106
528,107
527,116
526,117
525,118
522,118
521,116
end box10
542,127
543,126
546,126
548,126
549,127
549,128
550,134
549,136
547,137
545,137
544,137
542,136
541,135
end box11
541,141
545,141
546,142
547,143
547,148
546,149
545,150
543,150
542,150
541,149
540,148
end box12
410,189
411,188
412,187
413,187
415,187
416,188
416,190
417,191
417,192
417,193
417,194
417,196
416,197
415,199
413,199
412,199
410,198
410,196
end box13
624,109
625,105
628,103
647,103
651,104
653,108
654,122
653,126
649,129
627,128
624,125
623,121
end box14
662,92
663,90
664,90
666,90
667,91
668,93
668,102
667,104
665,105
662,104
661,103
end box15
557,162
557,161
558,160
559,160
560,160
561,161
562,162
562,163
563,164
562,165
562,166
562,167
562,169
561,170
559,171
558,170
557,169
556,168
end box16
609,158
610,157
611,157
613,157
614,158
615,159
615,160
616,165
616,167
615,168
613,170
612,170
610,170
608,168
end box17
538,125
539,124
544,124
546,124
548,124
550,126
550,138
549,140
547,141
539,141
537,139
end box18
427,173
427,171
429,170
431,169
433,168
435,169
437,170
438,171
439,174
439,176
439,177
439,180
438,182
437,184
435,186
433,186
430,186
428,185
427,183
426,181
end box19
498,159
500,159
500,160
501,162
501,163
501,165
501,167
500,168
498,168
495,168
493,168
492,167
end box20
429,164
429,164
430,163
431,163
432,163
433,163
434,164
434,165
435,166
435,167
435,168
434,170
434,171
433,171
431,172
430,171
429,171
428,170
end box21
527,158
528,158
529,158
530,158
531,158
532,159
532,160
532,161
532,162
532,163
532,164
532,166
531,167
529,167
528,167
527,166
end box22
end total23boxes
