326,193
342,183
355,177
366,175
374,174
381,174
388,174
394,175
404,175
415,176
431,181
444,193
448,208
442,219
423,224
405,223
394,221
381,223
373,224
362,225
345,225
325,220
322,209
end box0
558,178
559,175
561,172
563,169
567,168
578,168
582,168
584,171
587,175
589,178
589,183
589,188
588,193
585,195
579,194
566,194
561,194
559,192
558,187
558,183
end box1
584,176
584,173
585,172
587,170
589,170
596,170
598,171
600,173
601,175
601,178
601,181
601,184
598,185
595,185
588,184
586,183
584,182
584,180
584,178
end box2
602,175
602,173
603,172
605,170
607,170
615,170
617,171
618,173
620,175
620,178
620,181
619,184
616,185
613,184
608,184
606,185
603,184
601,183
601,180
601,178
end box3
588,174
589,173
590,173
593,173
594,173
595,174
596,175
597,176
597,177
597,179
597,181
595,181
594,182
592,182
591,182
589,181
589,180
588,179
end box4
607,174
607,173
608,173
609,173
611,173
612,173
613,174
614,175
615,176
615,177
615,179
615,180
613,181
612,182
610,182
609,182
607,181
606,181
606,179
end box5
493,176
496,172
500,171
504,170
515,170
519,171
523,172
528,175
529,180
528,184
522,186
517,187
498,186
493,184
492,180
end box6
479,179
480,178
481,177
482,177
483,177
484,178
485,179
485,180
486,181
486,182
486,183
486,185
485,187
484,187
482,188
481,187
480,186
479,185
end box7
970,25
976,21
981,21
987,25
1002,48
1000,54
999,61
981,73
976,71
960,61
958,48
end box8
510,157
511,156
513,156
514,157
514,157
515,164
514,164
512,165
511,164
510,163
end box9
end total10boxes
