592,185
593,182
597,178
599,175
602,174
615,174
619,174
621,177
625,181
627,185
627,190
627,195
626,201
621,202
615,201
602,201
597,202
593,200
592,194
592,190
end box0
345,193
349,188
353,185
358,183
362,183
373,183
377,183
383,184
388,187
392,193
395,200
393,206
386,209
378,209
374,210
366,210
361,210
356,210
348,209
343,206
342,199
end box1
437,179
438,176
439,172
441,169
444,169
459,168
462,171
463,175
464,178
464,182
465,187
464,192
461,194
456,194
444,194
440,193
437,190
437,186
437,182
end box2
623,179
623,177
623,175
625,174
627,173
632,173
634,174
636,174
637,176
638,178
639,181
638,183
638,186
636,187
633,187
631,187
627,186
625,186
623,184
622,180
end box3
626,172
627,172
631,172
632,173
633,174
633,175
634,176
633,178
633,179
632,180
630,180
628,180
627,180
626,179
625,178
end box4
633,182
633,180
634,178
635,177
637,177
644,177
645,178
647,179
648,181
649,184
649,186
648,189
645,189
642,189
637,189
634,189
632,188
632,186
632,184
end box5
640,176
640,176
645,176
646,176
647,177
647,178
647,179
647,181
647,182
646,183
644,183
642,183
641,183
640,182
639,181
end box6
515,181
517,178
519,176
521,174
524,174
531,174
534,174
537,175
540,178
542,181
543,185
542,189
540,192
536,193
532,193
529,192
526,192
523,193
520,192
516,191
514,188
514,184
end box7
606,141
610,141
611,141
611,142
612,145
612,147
611,148
609,148
608,148
607,148
606,148
605,147
end box8
499,158
502,157
503,158
504,159
505,165
504,167
503,167
501,167
500,167
499,166
end box9
607,133
607,133
609,132
610,132
611,132
612,133
612,134
612,139
612,140
611,140
609,141
608,140
607,140
606,139
end box10
706,112
710,108
749,108
747,174
741,173
710,173
706,172
end box11
627,163
628,164
628,164
629,165
629,166
629,167
629,168
628,169
627,169
626,169
625,169
624,168
end box12
642,131
642,131
643,131
644,131
644,131
645,132
645,137
644,137
643,137
642,137
641,137
end box13
end total14boxes
