808,273
850,231
897,204
943,199
979,199
1008,203
1033,202
1061,200
1094,203
1142,206
1193,230
1230,273
1244,332
1229,371
1166,392
1107,392
1064,383
981,375
935,389
876,389
816,369
798,332
end box0
761,197
766,191
773,187
779,187
784,187
795,188
799,187
805,188
811,192
819,197
823,205
821,212
811,214
801,213
796,214
792,214
788,213
784,213
779,212
770,213
762,210
759,204
end box1
693,201
700,195
706,190
714,190
719,190
732,190
738,189
744,190
751,195
759,201
763,211
761,219
750,220
738,220
732,220
728,219
723,220
719,220
714,219
703,219
694,217
692,210
end box2
626,220
629,213
636,205
642,201
650,200
657,200
664,200
671,200
680,200
687,203
693,212
697,220
697,230
695,240
691,247
680,248
671,248
664,247
657,248
648,250
638,251
629,249
625,240
626,230
end box3
815,196
820,190
826,187
832,186
836,186
840,187
843,187
846,187
851,186
857,187
863,190
870,196
875,204
873,211
863,213
853,213
848,213
844,213
839,213
835,213
830,213
821,212
813,210
812,203
end box4
845,196
851,190
857,187
864,186
868,186
883,186
889,187
896,190
904,196
909,204
906,211
895,213
885,213
880,213
876,213
872,213
868,212
863,211
854,212
845,210
843,203
end box5
557,208
561,203
566,200
571,198
575,198
579,198
582,198
586,198
591,197
597,198
603,202
607,208
608,215
606,221
599,224
592,224
587,224
582,224
578,225
574,225
568,226
560,225
554,221
555,215
end box6
989,72
991,69
995,68
999,67
1002,67
1006,67
1011,68
1014,71
1014,93
1012,96
1007,99
1003,100
999,99
994,97
991,94
989,91
end box7
699,139
700,137
714,136
715,138
715,140
715,145
715,148
713,149
701,148
700,147
699,145
end box8
631,136
632,134
634,132
649,133
650,135
650,144
649,147
647,148
633,148
631,146
end box9
639,153
641,152
644,152
645,153
646,154
646,163
644,164
643,165
640,165
639,164
end box10
556,189
557,189
558,190
558,197
557,198
555,198
552,198
550,198
549,197
end box11
end total12boxes
