173,215
201,199
226,193
243,191
253,190
263,189
272,188
281,191
293,191
310,193
336,198
364,215
368,239
355,251
320,260
298,258
237,258
214,260
179,252
168,240
end box0
458,209
459,204
462,199
467,197
472,197
476,197
481,197
485,197
490,197
494,200
497,204
500,209
501,215
501,221
497,226
492,228
486,228
481,227
476,227
472,227
467,226
462,224
460,219
459,214
end box1
605,176
605,174
607,172
608,171
610,170
617,171
619,171
621,173
622,175
622,178
622,181
621,183
619,184
616,184
609,184
607,184
605,182
605,180
605,178
end box2
494,159
495,158
497,158
498,159
499,159
499,160
499,161
499,163
499,164
499,166
497,166
496,166
495,166
494,165
493,164
end box3
253,177
254,176
256,176
258,176
259,177
259,184
258,186
257,187
255,187
254,186
252,186
end box4
558,162
558,160
559,159
560,158
561,157
563,156
564,156
566,156
568,157
570,158
570,160
571,162
571,164
571,166
570,168
569,169
567,170
565,170
562,170
560,170
559,169
558,167
557,165
557,163
end box5
end total6boxes
