590,172
591,171
591,171
592,170
592,170
595,169
596,169
597,170
598,171
598,172
598,173
598,174
598,176
597,177
595,177
594,177
593,177
592,177
591,176
590,175
590,174
590,173
end box0
627,173
627,173
628,172
629,172
630,172
631,172
632,173
632,174
633,175
633,176
633,177
633,179
632,179
630,180
629,181
628,180
627,179
626,179
625,178
end box1
620,174
620,172
621,170
622,169
624,169
629,168
631,169
633,170
634,172
635,173
636,176
636,178
635,181
632,181
630,182
627,181
626,181
623,181
621,181
619,180
619,178
619,176
end box2
611,171
612,170
613,170
614,170
615,170
616,170
617,171
618,172
618,173
619,174
618,176
618,177
617,178
615,178
614,179
613,178
612,178
611,177
610,176
end box3
1043,210
1043,203
1045,195
1048,184
1053,170
1062,151
1076,148
1088,161
1095,177
1096,191
1096,202
1098,209
1095,217
1092,224
1091,232
1091,245
1089,265
1077,276
1058,280
1044,277
1044,248
1045,233
1043,224
1042,217
end box4
430,187
431,182
434,176
438,175
441,180
442,185
442,189
442,200
442,204
442,212
439,215
433,214
432,205
end box5
480,179
480,177
481,175
482,174
484,176
485,177
485,179
485,180
485,181
485,182
485,183
485,184
485,186
484,189
483,191
481,189
480,186
479,184
end box6
492,182
492,180
492,178
493,176
494,173
496,167
499,165
502,169
504,174
505,177
505,179
505,181
505,183
504,185
504,187
503,190
503,197
500,202
496,200
494,192
494,188
493,186
492,185
492,183
end box7
347,181
348,179
349,177
350,176
352,177
353,179
353,181
353,182
354,183
354,184
353,185
354,187
353,188
352,191
351,193
349,192
348,189
347,187
end box8
525,177
526,175
527,174
528,173
530,174
531,175
531,177
531,178
532,179
532,180
532,181
532,183
531,184
530,186
529,188
527,187
526,184
525,183
end box9
641,171
641,170
642,169
643,169
644,169
645,170
646,171
646,172
646,173
646,174
646,175
646,176
645,177
645,179
643,180
642,179
641,178
640,176
end box10
1119,223
1119,214
1120,204
1123,191
1129,176
1141,160
1153,164
1164,183
1169,197
1172,207
1175,215
1176,223
1176,230
1173,237
1171,245
1169,256
1165,273
1156,288
1139,288
1130,275
1127,254
1125,244
1122,237
1121,230
end box11
550,143
553,143
554,143
555,144
556,145
557,146
557,147
556,149
556,150
555,151
554,152
552,152
551,152
550,151
549,150
end box12
704,142
709,142
711,142
711,143
712,145
712,146
712,148
712,150
711,151
709,151
706,151
704,151
703,150
end box13
613,142
614,142
615,142
616,142
617,142
617,142
618,143
618,144
618,145
618,146
618,147
617,148
616,149
615,149
614,149
613,148
end box14
561,146
562,145
563,145
564,145
565,146
565,146
566,147
566,148
566,149
566,150
566,151
566,153
564,153
563,153
562,153
561,152
560,151
end box15
280,101
282,95
287,93
290,98
291,133
288,137
282,136
280,127
end box16
794,113
795,109
821,109
823,112
824,126
823,130
794,129
793,125
end box17
576,172
577,171
578,170
579,170
580,170
581,171
582,172
582,173
583,174
583,175
583,176
583,178
582,179
581,180
579,181
578,180
577,179
576,178
end box18
769,126
770,125
771,125
772,125
774,124
775,125
776,126
777,127
777,134
776,135
774,136
772,136
771,136
769,135
768,134
end box19
end total20boxes
