415,216
420,207
429,196
437,189
447,187
459,187
468,186
479,187
491,188
502,193
513,204
516,215
514,230
513,245
508,255
493,257
478,254
468,253
459,253
449,254
435,256
420,255
415,244
415,230
end box0
744,261
770,222
800,191
837,175
875,169
906,175
937,177
968,177
1006,180
1049,188
1076,219
1093,260
1099,309
1090,351
1054,369
999,375
965,375
936,372
907,376
876,382
837,385
775,377
741,357
739,312
end box1
668,207
671,201
676,195
681,192
687,192
693,191
698,192
703,193
711,192
717,194
721,201
724,207
725,215
724,223
720,229
712,231
704,230
698,229
693,230
686,231
677,232
669,230
666,223
667,215
end box2
589,180
589,178
590,177
592,175
594,175
602,175
604,176
605,178
606,180
606,183
606,186
606,189
603,190
600,190
593,190
590,190
589,188
588,185
588,183
end box3
622,180
622,179
624,177
625,175
626,174
628,174
633,174
636,174
638,175
639,177
639,180
639,183
639,186
638,189
636,190
633,190
631,190
628,191
625,191
623,190
622,188
621,185
622,183
end box4
645,194
646,191
648,188
650,185
654,184
657,184
663,184
668,184
671,186
674,189
674,193
673,197
672,201
671,205
667,207
663,207
660,208
657,208
652,209
648,208
646,206
645,201
645,197
end box5
637,193
638,192
639,190
640,188
641,187
643,186
648,186
651,186
654,187
654,190
654,193
653,201
650,202
646,204
643,204
640,205
637,204
637,201
636,198
637,196
end box6
636,191
637,188
639,185
641,182
643,181
647,181
653,181
658,181
661,183
664,186
663,190
662,194
662,198
660,202
658,204
646,205
642,206
637,206
636,203
635,198
636,194
end box7
end total8boxes
