792,204
807,193
821,187
833,186
843,185
850,185
857,184
864,185
872,186
883,189
899,194
916,205
920,221
914,232
893,236
874,235
865,236
858,237
850,236
818,234
799,230
793,220
end box0
358,193
360,188
363,184
367,181
372,182
377,182
380,182
384,182
389,182
393,184
397,189
400,193
401,199
401,205
398,210
392,212
385,211
381,209
376,210
371,211
365,212
360,210
357,205
358,199
end box1
561,177
562,176
563,176
564,176
565,176
566,176
567,177
568,178
568,179
569,180
568,182
569,183
567,184
566,184
564,185
563,184
562,184
561,183
560,182
end box2
556,178
556,177
558,175
559,174
561,174
568,174
570,174
572,176
573,178
574,181
574,184
573,187
570,187
567,187
562,187
560,187
557,187
556,186
555,183
555,181
end box3
573,178
573,176
574,174
575,173
577,173
579,172
582,172
584,173
586,173
587,175
588,177
589,180
589,182
588,185
585,186
583,186
581,186
578,186
576,186
574,186
572,184
572,182
572,180
end box4
299,194
303,190
306,188
310,187
323,188
326,188
331,190
336,193
337,199
336,203
330,205
324,205
309,205
303,205
299,203
298,198
end box5
495,192
500,188
528,189
535,192
539,197
535,201
527,202
497,200
493,197
end box6
408,197
408,195
410,194
412,193
421,193
423,193
426,195
427,197
428,200
428,203
426,206
423,206
413,205
410,206
408,205
407,203
406,200
end box7
578,176
578,176
579,175
580,175
581,175
582,175
583,176
583,177
584,178
584,179
584,180
584,182
583,183
581,183
580,184
579,183
578,183
577,182
577,181
end box8
1023,140
1024,138
1045,137
1045,140
1045,147
1043,148
1025,148
1023,146
end box9
595,140
597,140
597,141
598,143
598,146
598,147
596,149
595,149
592,149
590,148
589,148
end box10
497,147
498,147
499,147
500,147
501,147
501,147
502,148
502,149
502,150
502,151
502,152
501,153
500,154
499,154
498,154
497,153
end box11
512,143
512,143
514,143
514,143
515,144
515,144
516,148
515,149
514,149
513,149
512,149
511,149
end box12
30,243
32,237
33,231
37,226
43,224
49,221
54,221
60,224
66,226
70,231
72,237
74,243
75,248
75,255
73,263
70,269
62,272
55,274
49,272
41,271
34,268
31,261
30,254
30,248
end box13
580,105
581,104
583,104
584,105
585,113
584,114
582,114
581,114
580,113
end box14
end total15boxes
