594,171
594,171
595,170
596,170
597,170
598,171
599,171
599,172
600,173
600,174
599,175
599,177
598,177
597,178
596,178
595,178
594,177
593,177
593,176
end box0
576,171
577,171
577,171
578,171
579,171
579,171
580,171
581,172
581,173
581,174
581,175
581,176
580,177
579,177
578,178
577,177
576,177
575,176
575,176
end box1
511,174
512,174
512,174
513,174
514,174
514,174
515,174
516,175
516,176
516,177
516,178
516,179
515,180
514,180
513,180
512,180
511,180
510,179
510,178
end box2
609,171
610,171
610,171
611,171
612,171
613,171
613,171
614,172
614,173
614,174
614,175
614,177
613,177
612,177
611,178
610,177
609,177
608,176
608,176
end box3
627,172
627,172
628,171
629,171
630,171
631,172
632,172
632,173
632,174
633,175
632,176
632,178
631,178
630,179
629,179
628,179
627,178
626,178
626,177
end box4
545,173
545,173
546,172
547,172
548,172
549,173
549,173
550,174
550,175
550,176
550,177
550,179
549,179
548,180
547,180
546,180
545,179
544,178
544,178
end box5
562,172
563,172
563,172
564,172
565,172
565,172
566,172
567,173
567,174
567,175
567,176
567,177
566,178
565,178
564,179
563,178
562,178
561,177
561,177
end box6
496,173
497,172
497,172
498,172
499,172
499,172
500,173
500,173
501,174
501,175
501,176
501,177
500,178
499,178
498,178
497,178
496,178
496,177
end box7
529,173
532,173
533,173
534,174
534,175
534,176
534,177
534,179
533,179
532,179
531,179
530,179
529,179
528,178
528,178
end box8
507,178
507,176
508,175
509,174
510,174
512,173
513,173
515,173
516,174
518,175
519,176
520,178
520,180
520,182
519,184
517,184
515,184
513,184
512,185
510,185
508,184
507,183
506,181
506,179
end box9
808,178
809,175
808,171
808,164
811,157
817,148
822,149
827,158
831,164
831,170
832,174
832,178
832,181
832,185
830,188
830,193
828,202
824,211
815,211
811,203
810,192
810,187
809,184
809,181
end box10
643,173
643,172
644,172
645,171
646,171
647,172
648,173
648,174
649,176
649,177
649,179
648,180
647,181
645,181
644,181
643,180
642,179
end box11
868,61
870,53
876,52
883,52
890,51
893,57
895,99
891,103
883,102
875,103
868,105
866,96
end box12
580,164
581,165
581,165
582,166
582,167
582,168
582,169
581,170
580,170
579,170
578,170
577,169
577,169
end box13
696,189
697,187
698,187
700,187
700,189
701,190
701,195
701,197
700,198
699,200
697,199
696,197
end box14
656,174
656,173
657,173
658,173
659,173
660,173
661,174
661,175
662,176
661,177
661,178
661,180
661,181
660,182
658,182
657,182
656,181
655,180
end box15
565,163
566,164
566,164
567,165
567,166
567,167
567,168
566,169
565,169
564,169
563,169
562,168
562,168
end box16
497,163
497,163
498,163
499,163
499,163
500,164
500,164
500,165
500,166
500,167
500,168
500,169
499,169
498,170
497,169
496,168
end box17
772,176
773,175
774,175
775,175
776,176
777,176
777,177
778,178
777,179
777,180
778,182
777,183
776,183
774,184
773,183
772,183
771,181
end box18
691,181
691,179
692,178
692,175
693,172
695,168
698,166
701,169
703,173
703,176
704,179
703,181
703,182
703,184
702,186
703,190
702,196
699,197
694,197
692,192
692,187
692,185
692,184
692,182
end box19
611,115
612,114
613,114
614,114
615,115
615,115
615,121
615,122
613,123
612,122
611,121
end box20
710,125
711,125
713,125
714,125
715,126
715,133
714,134
712,134
711,134
710,133
end box21
579,122
579,122
580,122
581,122
582,122
582,123
582,128
581,129
580,129
579,128
578,128
end box22
565,131
566,130
567,130
568,130
569,131
569,131
569,138
569,138
567,139
566,138
565,137
end box23
end total24boxes
