633,190
634,187
637,183
640,181
643,181
654,181
658,180
661,183
664,187
666,190
666,195
667,200
665,206
660,206
654,205
643,205
638,205
634,204
633,199
633,195
end box0
584,196
586,192
589,186
594,184
600,184
604,184
609,184
613,185
619,185
623,187
627,192
630,196
632,203
632,211
629,216
621,217
615,217
609,215
604,215
599,216
592,217
585,216
583,210
583,203
end box1
804,246
811,222
827,199
847,183
869,176
893,178
916,179
940,180
969,182
995,190
1004,216
1003,244
989,324
963,328
936,328
915,329
893,334
868,339
839,340
811,329
801,307
801,276
end box2
732,190
733,185
737,180
742,178
748,178
761,179
767,178
771,180
775,186
778,190
780,197
779,204
775,210
769,211
762,209
747,210
739,212
734,210
731,203
731,197
end box3
801,211
802,205
804,199
808,196
814,196
836,196
842,198
842,204
840,228
835,231
829,232
824,232
819,232
813,233
807,232
803,228
801,222
801,216
end box4
657,192
656,190
657,188
658,187
660,186
662,186
664,185
665,186
667,187
668,188
669,190
670,191
670,194
670,196
670,198
669,200
666,201
664,201
661,200
660,199
658,198
657,197
656,193
end box5
689,179
690,178
692,178
693,179
693,179
694,180
694,181
694,182
694,183
693,184
692,184
691,184
690,184
689,184
689,183
end box6
732,190
733,186
736,183
738,180
741,180
756,179
760,181
762,185
762,189
762,194
762,198
760,202
756,204
740,205
735,205
733,203
731,198
732,194
end box7
720,179
720,177
722,175
723,174
725,173
733,173
735,174
736,176
737,178
737,181
737,183
736,186
734,187
724,188
722,187
720,185
720,183
720,180
end box8
662,174
664,174
665,175
666,175
666,176
667,177
667,178
667,179
667,181
666,182
664,182
663,182
662,182
661,181
660,180
end box9
725,174
730,173
731,174
732,175
733,176
733,177
733,179
732,180
731,181
730,181
727,181
726,181
725,180
724,179
end box10
610,146
610,146
611,146
612,146
612,146
613,147
613,147
613,150
613,151
612,152
611,152
610,152
609,151
end box11
end total12boxes
