496,191
498,187
501,182
505,178
510,178
523,179
529,179
532,181
535,187
538,191
539,197
539,203
537,209
530,210
524,209
514,209
509,210
502,210
497,208
496,203
496,196
end box0
357,181
357,179
359,177
360,176
363,176
371,176
373,177
375,179
376,181
377,184
377,187
376,190
372,191
369,190
362,191
359,191
357,189
356,186
356,184
end box1
449,189
450,185
451,182
454,180
458,180
461,179
467,180
471,180
474,182
476,185
478,189
479,193
479,197
477,202
473,203
468,203
464,202
461,202
457,202
454,201
450,200
449,196
448,193
end box2
477,95
478,93
479,91
480,91
482,91
483,93
483,95
483,96
484,97
484,98
483,99
484,101
483,103
482,105
481,107
479,105
477,103
477,101
end box3
494,95
494,94
495,92
496,91
498,92
498,94
499,95
499,96
499,97
499,98
499,99
499,100
499,102
498,104
497,105
495,104
494,102
493,100
end box4
460,96
460,95
461,93
462,93
463,93
464,95
465,96
465,97
465,98
465,99
465,100
465,102
465,103
464,105
463,106
461,105
460,103
459,101
end box5
513,83
513,82
514,81
515,81
516,81
517,82
517,83
518,84
518,85
518,86
518,87
518,88
518,90
517,91
515,92
514,91
513,90
513,88
end box6
450,97
451,95
452,94
453,94
455,94
455,95
456,97
456,98
457,99
457,100
457,101
457,103
456,105
455,106
454,107
452,106
450,105
450,103
end box7
end total8boxes
