1170,198
1170,189
1177,186
1187,185
1194,184
1201,184
1208,186
1215,188
1221,192
1224,200
1227,207
1228,215
1229,224
1227,234
1220,238
1211,240
1202,240
1194,239
1186,237
1179,235
1173,229
1171,222
end box0
1027,188
1032,182
1038,179
1043,177
1048,178
1059,178
1064,177
1071,178
1076,182
1082,188
1084,195
1082,202
1074,205
1065,205
1060,205
1056,205
1051,205
1047,205
1042,205
1033,205
1025,202
1025,195
end box1
1088,205
1095,196
1103,188
1111,182
1121,182
1130,182
1137,181
1146,181
1157,181
1165,186
1174,195
1181,205
1184,218
1183,232
1176,241
1162,244
1148,242
1138,241
1129,240
1120,240
1108,241
1095,239
1087,230
1085,218
end box2
1196,194
1197,188
1197,182
1201,177
1207,175
1213,174
1218,174
1225,175
1232,175
1237,179
1237,187
1238,193
1238,199
1238,206
1237,214
1234,219
1226,221
1219,220
1212,220
1206,219
1200,217
1197,211
1196,199
end box3
end total4boxes
