1038,205
1070,188
1093,182
1110,179
1121,179
1131,179
1140,178
1149,179
1163,178
1183,179
1211,183
1237,203
1240,228
1228,242
1191,251
1102,251
1077,252
1039,244
1030,231
end box0
578,194
579,189
581,182
584,178
590,178
596,177
601,177
607,178
613,178
617,181
619,188
621,193
620,199
620,205
619,213
616,217
607,215
601,214
596,215
589,217
580,218
579,213
578,205
579,199
end box1
527,174
527,174
528,173
529,173
530,173
531,174
532,174
532,175
532,176
533,177
533,178
533,180
531,180
530,181
529,181
528,181
527,180
526,180
526,179
end box2
491,178
491,176
492,175
493,173
495,173
500,172
502,173
504,174
505,175
506,177
506,180
506,182
505,184
503,185
501,186
496,186
494,186
492,185
491,184
490,181
491,179
end box3
489,178
490,175
492,172
495,170
497,170
505,170
509,170
511,172
514,175
516,178
516,182
516,186
514,189
511,191
506,190
497,190
493,190
490,189
489,185
489,181
end box4
516,174
516,174
517,173
518,173
519,174
519,174
520,175
521,175
521,176
521,177
521,178
521,179
520,180
519,180
518,181
517,180
516,180
516,179
end box5
787,122
788,119
810,119
812,121
813,144
811,147
787,145
785,143
end box6
576,192
577,191
578,191
579,191
580,192
580,192
581,193
581,197
580,198
579,199
578,199
577,199
576,198
575,197
end box7
480,189
481,188
482,187
483,187
485,187
486,188
487,189
488,197
487,198
485,199
484,200
482,199
480,198
479,197
end box8
482,177
483,176
484,176
485,176
486,177
487,178
488,179
488,184
487,185
486,186
484,187
483,186
482,185
481,184
end box9
480,196
483,194
487,193
489,195
491,199
492,219
491,223
487,223
482,222
480,220
end box10
end total11boxes
