587,183
588,181
589,179
590,178
592,178
599,178
601,179
602,180
603,182
604,185
604,188
603,190
601,191
591,191
589,191
587,189
587,187
587,185
end box0
611,177
611,177
615,177
616,177
616,178
617,179
617,180
617,181
617,183
615,183
614,184
613,184
612,184
611,183
610,183
610,182
end box1
619,180
619,178
621,177
622,176
630,175
631,176
633,178
634,179
634,182
634,184
633,186
631,187
623,187
620,187
619,186
618,184
618,182
end box2
593,178
593,178
598,177
599,178
600,179
600,180
601,181
600,183
600,184
599,185
597,185
594,185
593,184
592,183
end box3
522,171
522,169
523,164
526,158
529,158
532,162
534,167
534,170
534,173
534,175
534,176
533,178
533,180
533,183
533,190
530,194
526,193
524,186
523,181
523,179
end box4
383,216
385,213
389,211
391,213
392,241
389,243
384,242
383,238
end box5
end total6boxes
