231,240
247,225
261,207
277,199
295,199
310,198
324,195
342,194
361,197
384,201
403,217
406,239
409,264
404,287
392,302
361,302
341,303
325,300
309,301
292,304
269,308
236,306
224,290
223,266
end box0
496,194
497,190
502,186
506,184
510,184
523,184
528,184
531,186
536,191
539,194
541,201
540,208
537,213
531,214
523,211
509,213
503,214
498,212
495,207
496,201
end box1
577,196
577,191
582,186
586,182
592,181
597,181
602,181
608,181
614,181
617,185
621,192
623,196
623,203
623,210
622,219
618,221
590,219
579,223
578,218
577,209
578,202
end box2
555,181
556,179
558,178
559,177
561,177
568,176
571,177
572,179
574,181
574,184
574,187
573,190
570,190
560,190
558,190
556,189
555,186
555,184
end box3
560,178
560,177
561,177
565,177
566,178
567,179
568,180
568,181
568,183
568,185
566,185
565,185
562,185
560,185
559,185
559,184
559,182
end box4
3,202
6,193
14,186
23,183
32,183
53,184
61,184
69,187
78,194
82,202
84,214
82,224
75,230
62,231
53,230
22,233
12,230
5,223
4,213
end box5
188,196
194,190
203,188
210,188
236,188
244,190
252,196
257,206
253,212
240,214
214,213
209,213
199,214
187,212
185,205
end box6
572,180
572,178
574,177
575,176
576,175
578,174
579,174
581,174
583,175
585,176
586,177
587,179
587,182
587,184
586,186
584,187
582,188
580,188
578,188
576,187
574,186
573,185
572,183
572,181
end box7
89,206
92,202
97,200
100,199
113,199
116,200
122,202
126,205
129,211
127,215
121,218
115,218
98,218
93,218
88,215
86,211
end box8
585,192
585,189
589,185
591,182
595,182
611,182
613,184
617,189
619,192
618,197
618,202
617,208
613,209
594,208
588,209
585,207
584,201
585,197
end box9
577,176
577,176
578,175
579,175
580,175
581,176
582,176
582,177
583,178
582,179
582,180
582,182
581,182
580,183
579,183
578,183
577,182
576,181
end box10
189,199
191,196
194,194
197,192
200,192
210,192
213,193
217,195
220,199
221,203
220,207
217,210
212,211
208,211
205,210
202,211
199,211
196,210
191,210
188,207
188,203
end box11
441,182
442,180
443,178
444,177
446,177
453,177
455,177
457,179
458,181
458,184
458,187
457,189
455,190
452,190
445,190
442,190
441,189
440,186
440,184
end box12
542,177
542,177
543,176
544,176
545,176
545,177
546,177
547,178
547,179
547,180
547,181
547,182
546,183
545,184
544,184
543,184
542,183
542,182
end box13
557,188
557,186
558,184
559,183
561,183
568,183
570,184
571,185
572,187
573,190
572,192
572,195
569,196
560,196
558,195
557,194
556,192
556,189
end box14
676,172
676,171
677,170
678,170
679,170
680,171
681,172
681,173
681,174
681,175
681,176
681,177
681,179
680,180
678,181
677,180
676,179
676,177
end box15
1083,154
1083,150
1085,147
1087,144
1091,141
1095,141
1099,140
1103,141
1106,143
1109,146
1111,150
1112,154
1112,158
1112,162
1110,166
1107,170
1103,172
1099,172
1094,172
1090,171
1087,168
1085,165
1083,161
1083,157
end box16
1081,126
1083,124
1118,123
1121,126
1120,133
1119,137
1082,136
end box17
573,189
574,188
575,187
576,187
578,187
579,188
580,189
580,191
580,196
579,198
578,199
576,199
575,199
573,198
573,196
end box18
512,143
513,142
515,142
516,143
517,144
518,145
518,146
518,148
518,150
517,151
516,152
514,152
513,152
512,151
511,150
end box19
625,160
628,160
629,160
630,161
631,162
631,163
631,164
631,165
631,167
630,168
629,169
627,169
626,169
625,168
624,167
end box20
708,160
708,160
709,159
710,159
711,159
712,160
712,160
713,161
713,162
713,163
713,164
713,165
712,166
711,167
710,167
709,167
708,166
707,165
end box21
616,160
617,161
618,162
619,163
618,164
618,166
618,167
617,168
616,168
614,169
613,168
612,168
611,167
end box22
493,174
494,173
495,173
496,173
497,174
497,174
498,175
498,176
498,177
498,178
498,179
497,180
496,181
495,181
494,181
493,180
end box23
582,162
583,163
584,164
584,165
584,166
583,168
582,168
581,168
579,168
578,168
end box24
end total25boxes
