410,189
411,175
419,161
430,154
446,155
460,156
471,156
484,157
497,158
507,165
517,177
522,189
522,206
522,223
517,236
502,241
485,240
472,237
460,236
448,236
432,238
418,236
414,221
412,205
end box0
654,187
670,175
686,168
701,166
711,166
720,166
728,164
736,165
746,166
761,168
779,173
793,187
795,204
785,215
764,222
697,225
679,225
657,217
652,207
end box1
113,263
145,227
176,200
210,188
246,190
272,191
296,193
323,191
354,194
392,201
423,227
452,263
468,311
461,349
418,372
363,371
324,366
296,362
273,361
246,363
206,371
153,368
109,347
101,311
end box2
834,244
870,204
904,176
944,166
979,165
1007,164
1033,164
1062,162
1097,167
1143,174
1179,200
1209,243
1220,295
1209,333
1158,355
1100,356
1062,356
1034,355
1006,357
978,356
937,360
882,355
833,333
822,296
end box3
513,190
513,184
515,177
520,173
527,173
533,173
538,172
544,173
551,174
556,178
559,185
562,190
563,198
564,206
562,215
556,217
546,216
539,214
533,213
526,214
519,214
515,210
513,203
513,197
end box4
631,182
632,179
635,176
637,173
640,173
643,173
649,173
653,172
656,174
659,178
660,181
659,185
659,189
657,193
654,195
649,194
639,196
635,195
632,194
631,189
631,185
end box5
622,180
623,178
624,177
625,176
626,174
628,174
629,173
631,173
634,173
637,174
637,177
635,186
633,187
629,188
627,189
624,190
622,188
622,186
622,183
622,181
end box6
592,173
593,172
593,172
594,171
594,171
598,171
598,171
599,172
600,173
600,174
600,175
600,177
598,177
597,178
596,178
595,177
594,177
593,177
592,176
end box7
608,175
609,174
610,173
610,173
612,172
613,172
614,173
615,173
616,174
616,175
616,176
616,177
616,179
615,179
613,180
612,180
611,180
610,180
609,179
608,178
608,177
608,176
end box8
557,176
556,174
557,172
558,171
560,171
562,170
563,170
565,170
567,171
568,172
569,174
570,176
571,178
571,180
570,182
568,183
566,184
564,184
562,184
560,183
558,182
557,181
556,179
556,177
end box9
561,173
562,172
563,171
564,171
565,172
566,172
567,173
567,174
568,175
568,176
568,177
568,179
567,180
566,180
564,181
563,180
562,180
561,178
end box10
592,164
595,164
596,164
597,165
598,166
598,167
598,168
598,170
596,170
595,170
593,170
592,170
591,170
591,169
end box11
654,177
653,175
654,174
656,173
657,172
659,171
660,171
662,171
664,172
666,173
667,174
667,176
667,179
667,181
666,183
665,184
663,185
661,185
659,185
657,184
655,183
654,182
653,180
653,178
end box12
1054,131
1055,128
1055,123
1056,118
1058,111
1064,103
1070,101
1075,109
1079,116
1080,122
1080,127
1080,131
1081,134
1080,138
1080,143
1079,149
1076,157
1071,166
1062,165
1057,156
1056,147
1055,141
1054,138
1054,134
end box13
1068,131
1068,127
1067,122
1068,116
1071,107
1077,98
1084,100
1089,109
1093,116
1094,122
1094,127
1094,131
1095,134
1095,138
1094,143
1094,151
1091,160
1085,168
1076,168
1071,158
1070,147
1069,141
1068,138
1068,134
end box14
866,160
866,158
867,157
867,155
869,154
871,152
873,152
875,152
877,154
878,156
879,158
879,159
879,162
880,164
880,167
879,170
876,171
870,171
867,171
865,169
865,166
865,163
865,161
end box15
649,158
650,158
650,159
651,160
651,161
651,162
651,164
650,165
648,165
646,165
645,164
644,163
end box16
662,159
663,159
663,160
664,161
663,162
663,163
663,165
663,166
661,166
660,166
659,166
658,165
657,164
end box17
666,142
667,143
669,145
668,148
668,150
666,151
658,150
657,149
end box18
534,145
535,146
536,147
536,148
536,149
536,150
536,152
535,153
534,153
532,154
531,153
530,153
529,152
end box19
end total20boxes
