741,211
748,201
757,192
765,186
775,184
785,184
794,183
804,184
816,184
826,189
836,198
840,210
839,223
836,237
830,245
811,244
802,247
794,249
784,251
774,252
763,249
745,247
739,239
739,225
end box0
786,236
811,214
835,197
859,190
880,190
897,189
913,187
932,185
953,190
983,193
1007,209
1025,235
1029,267
1017,289
985,302
896,306
877,310
852,312
817,308
785,293
777,270
end box1
390,202
398,187
413,172
427,163
443,162
459,164
472,163
485,166
503,167
519,172
535,186
539,202
538,223
535,242
523,256
504,258
420,264
400,262
391,245
389,225
end box2
561,186
562,182
565,179
568,176
572,176
583,177
587,177
589,180
593,183
596,186
597,191
597,197
594,202
589,202
584,202
572,201
567,201
564,199
562,195
561,191
end box3
695,193
696,189
698,187
700,184
703,182
707,182
710,182
714,182
719,182
722,184
725,188
725,192
724,197
723,201
721,205
718,207
714,208
710,208
706,209
702,209
697,208
695,206
694,201
694,197
end box4
587,180
587,178
588,176
589,175
591,174
593,173
594,173
596,174
598,175
599,176
600,178
601,180
602,182
602,184
601,186
599,188
597,189
595,188
593,188
591,187
589,186
588,185
587,181
end box5
708,194
709,190
712,187
715,184
718,182
722,181
731,181
737,181
742,183
745,188
722,214
716,215
711,214
708,210
707,204
707,199
end box6
609,173
610,172
610,172
613,171
614,172
614,172
615,173
616,174
616,175
616,176
616,178
614,178
613,179
612,179
611,178
610,178
609,178
609,177
end box7
642,174
642,173
643,172
644,172
645,172
646,172
647,172
648,173
649,174
649,175
649,176
649,177
649,179
648,180
647,181
645,181
644,181
643,180
642,179
641,178
641,176
end box8
628,173
628,173
629,172
630,172
631,172
632,173
633,173
633,174
634,175
634,176
633,177
634,179
632,179
631,180
630,180
629,180
628,179
627,179
627,178
end box9
639,176
639,174
641,173
642,172
643,171
645,171
646,170
648,171
650,171
652,172
653,173
654,175
655,178
655,180
654,183
651,184
649,184
646,184
644,184
642,184
640,183
639,182
638,180
638,178
end box10
655,177
655,175
657,174
658,172
659,172
661,171
662,170
664,171
666,171
669,172
670,174
670,176
670,179
670,181
669,183
667,184
665,185
663,186
660,186
658,186
656,185
655,183
655,180
655,178
end box11
733,204
735,199
737,194
742,189
746,186
752,186
758,185
764,186
773,186
779,189
780,196
752,230
743,233
735,233
731,227
730,219
732,211
end box12
684,189
684,186
686,183
688,180
691,179
694,179
697,179
700,179
705,179
708,181
709,185
709,189
709,192
709,196
708,200
705,202
701,202
697,203
694,203
690,204
685,203
683,201
683,196
683,192
end box13
670,179
670,177
671,176
672,174
674,173
676,172
678,171
680,172
682,172
684,174
685,176
685,178
685,181
685,183
684,185
682,187
680,188
678,189
675,189
673,189
671,187
670,185
669,182
670,180
end box14
719,196
720,191
724,187
729,183
733,180
739,180
744,180
749,181
757,180
764,182
767,188
744,219
738,222
731,223
723,222
718,218
717,210
718,203
end box15
605,176
605,174
607,173
608,172
609,171
615,172
617,172
619,174
620,175
620,178
620,180
619,182
617,183
614,183
609,183
607,182
605,181
605,179
604,177
end box16
578,163
579,162
580,162
581,162
582,163
582,163
583,164
583,165
583,166
583,167
584,169
583,170
582,171
580,171
579,170
578,170
577,168
end box17
687,147
688,146
690,146
691,146
692,146
693,147
694,148
694,149
694,150
694,152
694,153
693,154
692,155
690,155
689,155
688,154
687,153
686,152
end box18
592,146
597,145
598,146
599,147
600,148
600,149
600,151
599,152
598,153
597,154
594,153
593,153
592,152
591,151
end box19
594,158
595,158
595,158
596,159
596,160
596,161
596,162
597,164
596,165
594,165
593,165
592,165
591,164
590,163
end box20
611,112
612,112
616,112
618,112
618,114
619,115
619,118
618,119
618,121
616,121
614,121
613,121
611,121
611,119
end box21
690,157
693,156
694,157
695,157
695,158
696,159
695,161
696,163
695,164
693,164
691,164
690,164
689,163
end box22
658,142
658,142
662,142
662,142
663,143
663,147
662,148
661,149
659,148
658,148
657,147
end box23
676,161
679,160
680,161
680,161
681,162
681,163
681,164
681,165
682,167
681,168
679,168
678,168
677,168
676,167
675,166
end box24
566,141
567,142
568,143
569,144
568,145
568,147
568,148
567,149
566,150
564,150
563,150
562,149
561,148
end box25
616,126
617,126
617,127
618,128
618,130
618,132
617,133
615,133
614,133
613,133
612,132
611,132
end box26
657,110
658,109
659,108
660,108
661,108
662,109
663,110
664,111
665,112
664,113
664,114
664,116
663,117
662,118
660,118
659,118
658,117
657,116
656,115
end box27
611,162
612,161
613,161
614,162
614,162
615,163
615,164
615,165
615,166
614,167
613,167
612,167
611,167
610,166
610,166
end box28
656,130
657,129
659,129
660,129
661,130
661,131
661,135
661,137
659,137
658,137
657,137
656,137
655,136
end box29
578,163
579,162
580,162
581,162
582,163
582,163
583,164
583,165
583,166
583,167
584,169
583,170
582,171
580,171
579,170
578,170
577,168
end box30
583,142
584,142
584,143
585,144
585,145
585,146
585,148
584,149
582,149
581,149
580,149
579,148
578,148
end box31
612,143
613,144
613,144
614,145
614,146
614,147
614,148
613,149
612,149
611,149
610,149
609,149
609,148
end box32
673,176
674,175
675,174
676,173
678,173
679,174
679,175
680,177
680,179
680,180
680,182
679,183
678,185
676,185
675,185
673,184
673,182
672,181
end box33
end total34boxes
