810,246
814,220
832,191
851,173
880,169
909,172
934,175
961,177
986,183
1005,197
1027,223
1031,247
1038,281
1033,314
1028,342
1001,352
962,341
884,340
843,352
817,344
810,314
810,280
end box0
633,178
635,175
638,172
640,170
644,169
653,170
658,169
660,171
664,175
666,178
666,183
666,188
664,192
659,193
654,192
642,193
638,193
634,192
633,187
633,183
end box1
670,179
670,177
671,176
672,174
675,174
680,174
683,174
685,175
686,177
687,179
688,182
688,185
687,188
684,189
681,188
679,188
676,188
674,189
671,188
670,187
669,184
669,182
end box2
17,276
48,242
87,221
119,209
149,207
174,207
198,206
224,204
254,211
293,217
331,238
359,275
368,322
352,356
307,376
261,380
197,372
173,377
143,386
109,388
65,375
19,358
7,325
end box3
746,190
747,187
749,184
752,181
755,180
758,180
765,180
769,179
773,181
775,185
775,189
774,193
772,201
768,203
753,205
748,205
746,203
745,198
745,193
end box4
761,193
767,187
774,182
780,178
785,177
803,177
811,177
820,178
829,184
832,193
831,203
828,211
821,217
811,218
784,220
775,220
765,219
758,212
759,203
end box5
715,180
716,178
718,176
720,175
732,174
735,174
737,177
739,180
739,183
739,187
737,190
733,190
721,191
717,191
715,190
714,186
714,183
end box6
688,176
689,175
690,175
691,175
692,175
693,175
694,176
694,177
695,178
695,179
695,180
695,182
694,183
692,183
691,184
690,183
689,183
688,182
687,181
end box7
712,188
714,185
716,182
719,181
722,181
733,180
736,181
739,184
741,187
741,192
740,196
738,199
734,200
721,200
717,199
714,199
712,195
711,191
end box8
655,180
655,178
656,176
657,175
659,174
661,174
662,173
664,174
666,175
668,176
669,178
670,179
670,182
670,184
669,187
667,188
665,189
663,188
660,188
659,188
657,187
655,185
655,183
655,181
end box9
738,191
740,187
744,183
748,179
752,178
757,178
762,178
766,179
773,178
778,180
782,185
783,191
782,197
776,208
772,210
757,211
751,213
742,215
738,211
736,204
737,198
end box10
675,175
675,175
676,174
677,174
678,174
679,174
680,174
681,175
681,176
682,177
682,178
682,179
682,181
681,182
680,182
678,183
677,182
676,182
675,181
674,180
end box11
706,175
706,175
709,174
710,175
711,175
711,176
712,177
712,178
712,179
712,181
711,181
709,182
708,182
707,182
706,182
705,181
704,180
end box12
952,100
953,97
953,93
955,89
959,87
962,85
967,85
971,86
974,88
977,92
978,96
979,100
979,103
979,107
977,112
975,116
972,119
967,120
962,120
958,118
955,114
953,110
952,107
952,103
end box13
953,121
954,119
979,121
979,133
977,136
953,135
end box14
711,162
712,162
713,163
713,164
713,165
713,166
713,167
712,168
711,168
710,169
709,168
708,168
708,167
end box15
625,177
625,177
626,176
627,176
628,176
629,177
630,177
630,178
630,179
630,180
630,181
630,182
629,183
628,184
627,185
626,184
625,183
624,182
624,182
end box16
end total17boxes
