867,186
885,178
896,173
904,170
911,169
918,168
924,167
930,168
937,169
947,171
964,175
979,185
982,200
974,209
956,214
939,212
902,212
887,213
868,208
863,200
end box0
45,210
50,205
55,201
61,200
65,201
76,201
80,200
86,201
92,205
98,210
101,217
100,224
91,227
83,227
77,227
64,227
58,228
50,227
43,224
42,217
end box1
281,202
285,199
289,197
293,196
306,196
309,197
314,199
319,202
322,208
320,213
315,215
308,215
304,215
295,215
291,215
285,215
280,212
279,208
end box2
659,178
662,178
663,178
664,179
665,180
665,185
664,186
663,187
661,187
660,187
659,186
658,185
end box3
542,188
543,188
544,187
545,187
546,188
547,189
547,190
547,195
547,196
546,197
544,198
543,197
542,196
end box4
638,175
644,175
645,175
646,176
646,183
645,184
643,185
640,185
638,184
637,183
end box5
494,176
495,176
496,176
497,176
498,176
499,177
500,178
500,179
500,181
500,183
499,184
498,185
496,185
495,185
494,184
493,183
end box6
482,190
483,189
484,188
486,189
487,190
487,192
487,200
486,202
485,203
483,202
482,200
end box7
658,186
661,186
662,186
663,187
664,188
664,190
664,193
663,194
662,195
660,195
659,195
658,194
657,193
end box8
598,174
599,173
600,173
601,173
602,173
603,174
603,175
603,180
603,181
602,181
600,182
599,181
598,180
end box9
608,175
609,175
610,175
611,175
612,175
613,176
613,177
614,178
614,179
614,180
614,182
613,183
612,184
610,184
609,184
608,183
607,182
end box10
545,175
546,175
547,175
548,175
548,175
549,175
550,176
550,177
550,178
550,179
550,180
549,181
548,182
547,182
546,182
545,181
end box11
495,106
497,105
498,105
500,105
501,107
501,117
500,119
499,119
496,119
495,118
end box12
end total13boxes
