266,253
285,229
301,207
325,199
350,197
370,196
389,195
410,195
432,200
457,209
478,228
491,253
500,285
495,314
475,329
434,333
410,334
389,332
370,332
352,329
326,329
284,328
263,314
259,285
end box0
745,233
748,217
764,196
776,183
796,184
816,186
832,186
854,183
871,186
883,198
902,217
903,233
908,258
906,283
906,312
889,317
854,303
764,312
749,308
745,282
745,257
end box1
655,177
655,175
657,174
658,172
659,172
664,172
666,172
668,173
669,175
670,176
670,179
670,181
669,183
667,184
665,185
662,184
661,184
659,184
657,184
655,182
655,180
655,178
end box2
598,156
599,155
601,155
603,155
604,156
604,163
603,165
602,165
600,166
599,165
597,165
597,163
end box3
841,160
846,159
847,160
848,161
848,166
847,167
846,167
843,167
842,167
841,166
end box4
551,163
552,161
573,160
574,163
574,166
574,170
572,172
552,171
551,169
end box5
573,173
574,172
576,172
577,173
577,173
578,174
578,178
577,179
576,180
575,180
574,180
573,179
572,178
end box6
563,190
564,188
565,188
566,189
567,190
568,191
568,197
568,198
567,200
566,201
564,200
563,198
end box7
556,163
558,162
571,161
573,163
573,166
573,168
572,171
557,169
557,167
end box8
736,162
737,161
738,161
739,161
740,161
741,162
741,168
741,169
740,169
738,170
737,169
736,169
end box9
728,161
729,162
730,163
730,164
730,165
730,166
730,168
729,169
728,170
726,170
725,169
724,169
723,168
end box10
end total11boxes
