791,252
829,198
874,158
925,142
976,136
1015,139
1055,138
1094,138
1145,146
1211,150
1252,188
1274,249
1281,317
1265,373
1219,400
1136,397
1088,399
1053,400
1017,400
981,401
932,402
852,394
797,376
783,321
end box0
678,192
680,186
685,179
690,176
697,176
714,177
721,177
726,179
731,186
734,191
734,200
733,208
730,214
723,216
714,215
708,214
703,214
696,216
687,217
681,215
678,207
679,199
end box1
855,178
862,172
870,168
877,167
882,166
901,166
908,167
917,171
925,178
927,188
923,195
911,197
881,198
876,197
865,197
854,195
851,188
end box2
468,204
468,197
470,189
477,187
485,188
491,189
496,189
501,189
507,190
513,193
516,199
521,204
523,212
523,220
520,227
511,229
503,228
497,227
491,227
485,226
479,226
473,223
470,218
470,211
end box3
935,178
937,172
941,168
946,165
951,165
964,165
970,165
976,166
979,172
982,177
982,184
981,191
978,195
971,197
965,197
960,197
955,198
949,199
942,199
936,197
933,191
934,184
end box4
517,192
518,188
521,184
525,182
529,182
539,183
544,183
547,185
551,188
554,192
555,198
555,203
552,208
546,209
541,208
536,207
533,207
529,208
525,206
520,206
517,202
517,197
end box5
525,180
527,175
530,170
536,168
542,168
555,168
561,168
566,170
570,175
573,180
575,188
575,194
570,199
563,201
556,201
551,200
546,200
541,200
535,200
529,198
525,193
525,187
end box6
529,190
530,186
532,182
536,180
540,180
547,180
551,180
555,181
558,183
562,186
564,190
566,195
566,201
563,206
558,207
552,207
547,206
544,205
540,205
536,205
531,203
529,199
529,195
end box7
797,177
803,171
809,167
816,166
821,165
840,165
849,164
858,168
861,177
862,186
858,192
848,195
830,198
825,199
819,199
812,199
803,198
793,194
793,186
end box8
420,207
418,198
419,189
426,185
437,186
444,186
451,186
458,187
465,189
470,194
473,201
477,208
478,216
479,225
477,234
470,238
460,239
451,237
444,236
437,236
429,235
424,230
end box9
353,199
357,192
367,191
376,192
388,193
394,194
400,195
406,198
411,204
417,210
419,219
419,228
413,234
404,236
396,236
389,236
end box10
580,175
581,175
582,174
583,174
584,174
585,175
586,175
587,177
588,178
588,179
588,181
588,182
587,184
585,184
583,185
582,184
580,184
579,182
end box11
673,190
674,189
675,188
676,188
677,188
678,189
679,190
680,191
680,196
679,197
678,198
676,198
675,198
674,197
673,196
672,195
end box12
986,6
987,4
998,3
1001,4
1002,7
1001,17
999,19
989,19
987,18
986,16
end box13
671,189
672,188
673,187
675,186
676,185
678,186
680,186
682,188
682,190
682,197
680,199
679,200
677,201
674,201
672,200
671,198
671,196
end box14
501,159
502,159
504,159
505,159
506,160
507,161
507,162
507,164
507,166
506,167
505,168
503,168
502,168
501,167
end box15
574,178
575,176
576,175
578,174
580,173
582,172
584,173
586,174
587,175
588,178
589,179
589,182
589,184
588,187
587,189
585,190
582,190
579,190
577,189
575,187
575,185
end box16
738,157
739,157
740,157
741,157
742,157
743,158
743,164
743,165
742,166
740,166
739,166
738,165
end box17
711,144
712,145
713,145
714,147
714,150
713,151
712,152
711,153
709,153
708,153
707,152
706,151
end box18
673,181
674,180
675,180
676,180
677,180
678,180
679,181
680,182
680,183
680,184
680,185
680,187
679,188
678,189
676,189
675,189
674,188
673,187
672,186
end box19
329,82
329,80
330,78
331,76
333,75
334,75
337,74
339,74
341,75
343,77
344,79
345,81
344,84
344,86
344,89
342,91
340,92
337,92
334,92
332,91
330,90
329,88
328,85
329,83
end box20
738,157
739,157
740,157
741,157
742,157
743,158
743,164
743,165
742,166
740,166
739,166
738,165
end box21
end total22boxes
