521,197
522,191
527,185
532,183
539,183
554,183
561,183
567,185
571,191
574,197
575,205
575,213
571,218
562,219
555,219
549,218
544,218
538,219
531,219
523,218
520,212
521,204
end box0
737,249
754,227
775,211
796,202
815,200
834,202
850,203
869,201
888,204
909,211
933,228
950,250
959,280
954,304
926,320
899,328
873,324
852,317
834,318
814,322
790,323
765,317
738,302
734,278
end box1
626,188
627,185
630,183
633,181
646,181
649,182
653,184
655,188
655,192
654,196
652,199
647,199
632,198
628,198
626,195
625,191
end box2
689,210
691,204
694,199
699,196
704,195
709,195
714,195
718,196
725,195
731,198
732,204
734,210
734,216
733,221
730,226
724,229
719,229
714,230
709,232
702,233
695,233
690,229
688,223
689,216
end box3
655,194
655,192
656,190
657,188
659,188
661,187
665,187
667,187
669,189
670,191
671,193
670,196
670,198
670,201
668,203
665,204
663,203
660,203
658,203
656,202
655,200
654,198
654,195
end box4
716,220
720,211
727,202
736,196
746,196
754,196
763,196
771,196
781,197
793,199
801,208
801,219
800,231
798,243
792,251
780,252
762,255
754,256
745,256
732,257
719,255
715,245
714,232
end box5
756,235
769,217
790,207
809,203
823,203
836,204
847,202
859,204
874,204
890,209
906,220
922,236
929,258
923,276
901,285
804,289
779,289
759,277
753,259
end box6
730,210
734,203
739,198
745,195
751,195
767,195
775,194
784,195
790,201
792,209
791,218
789,226
783,230
762,233
757,234
751,234
743,234
732,233
727,227
728,218
end box7
542,157
543,156
544,156
546,156
547,157
547,158
547,167
546,168
545,169
543,168
541,167
end box8
675,176
676,175
679,175
680,175
681,176
682,177
682,178
682,179
682,180
682,182
681,183
680,184
678,184
677,184
676,183
675,182
end box9
542,141
542,139
543,138
545,137
547,137
548,136
550,137
552,137
554,139
555,140
555,142
555,145
555,147
554,149
553,151
551,152
549,152
546,152
545,151
543,149
542,148
541,146
541,144
end box10
544,144
546,143
547,142
548,142
549,142
550,143
552,143
553,144
553,146
553,147
553,149
553,150
551,151
550,152
548,153
547,153
545,151
544,151
544,149
end box11
661,175
662,176
663,177
663,178
663,179
663,180
663,182
662,183
661,184
658,183
657,183
656,182
end box12
672,188
673,187
674,187
675,187
676,188
677,189
678,190
678,195
677,196
676,197
674,197
673,197
672,196
671,195
end box13
660,162
664,162
665,162
665,163
666,168
665,169
663,169
662,169
661,169
660,169
659,168
end box14
523,172
527,172
528,173
528,174
529,175
529,177
529,179
528,180
526,180
524,180
523,180
522,179
end box15
512,191
513,191
515,191
516,191
517,192
518,193
518,194
518,195
518,196
518,198
517,199
516,200
514,200
513,200
512,199
511,198
end box16
518,177
523,177
524,177
525,178
525,180
525,181
525,183
525,185
524,186
522,186
520,187
519,186
517,186
516,185
end box17
-2,60
0,50
6,52
9,58
10,97
6,102
-1,106
-3,94
end box18
680,162
681,163
681,164
682,165
682,166
682,167
682,169
681,170
680,170
678,170
677,170
676,170
675,169
end box19
542,157
543,156
544,156
546,156
547,157
547,158
547,167
546,168
545,169
543,168
541,167
end box20
end total21boxes
