199,208
214,198
224,191
234,190
243,190
249,188
256,187
263,188
271,188
283,190
297,195
309,207
310,222
308,233
291,239
272,238
263,238
256,240
249,239
242,237
234,237
216,237
199,232
196,222
end box0
309,195
311,189
316,184
322,182
327,182
332,182
337,182
341,183
347,182
353,185
357,190
362,195
363,203
362,210
358,215
349,216
342,216
337,215
332,215
327,215
321,215
314,213
310,209
309,202
end box1
554,183
554,181
555,179
556,178
558,178
565,178
567,179
568,180
569,182
569,185
569,187
569,190
566,190
564,191
557,190
555,190
554,189
553,187
553,184
end box2
236,207
240,199
245,193
253,192
259,192
265,192
275,193
283,192
289,194
293,201
299,208
302,216
300,224
293,228
282,229
276,230
270,229
265,230
259,229
254,228
244,227
238,223
236,215
end box3
210,210
214,204
218,198
223,196
229,195
235,195
240,195
245,196
251,196
258,198
264,203
268,210
269,219
268,226
263,231
253,233
247,234
241,234
235,234
229,234
222,233
213,231
208,226
208,218
end box4
506,182
506,181
508,179
509,178
511,177
518,177
520,178
522,180
523,182
524,185
524,188
523,191
520,191
517,191
510,191
507,191
505,190
505,187
505,185
end box5
575,177
576,176
580,176
581,177
582,178
582,179
582,180
582,181
582,183
581,184
580,184
578,184
577,184
576,184
575,183
574,182
end box6
529,179
529,179
533,178
534,179
535,180
535,181
535,182
535,183
535,185
534,186
533,186
531,186
530,186
529,186
528,185
527,184
end box7
544,178
545,177
546,177
548,177
549,177
550,178
551,179
551,180
552,181
551,183
551,184
550,185
549,186
547,186
546,186
545,185
544,184
end box8
502,186
503,184
506,183
520,182
523,183
526,186
526,189
526,193
523,195
519,195
506,195
503,195
501,192
501,189
end box9
559,179
560,178
564,178
565,179
566,180
566,181
566,182
566,183
566,185
565,186
564,186
561,186
560,186
559,185
558,184
end box10
282,178
284,174
287,172
307,172
311,174
314,177
315,182
314,186
310,188
283,185
282,182
end box11
412,174
412,173
413,172
414,171
415,172
416,173
416,174
417,175
417,176
417,177
416,178
417,179
416,180
416,182
414,183
413,182
412,180
412,179
end box12
398,177
398,176
399,175
400,174
401,175
402,176
403,177
403,178
403,179
403,180
403,181
403,182
403,184
402,185
400,186
399,186
398,183
end box13
836,122
838,121
850,122
851,124
850,141
838,141
836,139
end box14
315,159
316,159
317,159
318,159
319,159
320,160
321,161
321,166
320,167
319,168
317,168
316,168
315,167
end box15
317,142
318,141
319,141
320,141
322,142
322,142
323,144
323,145
323,147
323,149
322,150
321,151
319,152
318,151
317,150
316,149
end box16
851,118
852,115
874,114
877,116
877,140
875,142
852,141
850,138
end box17
545,186
546,186
551,185
552,186
553,187
553,190
553,192
553,194
552,195
550,195
548,195
547,195
545,195
544,194
end box18
229,141
230,142
231,143
232,145
232,148
231,150
230,151
228,152
225,152
223,151
222,150
end box19
626,159
627,158
631,158
632,159
633,160
633,161
633,162
633,163
633,165
632,166
631,167
629,167
628,167
627,166
626,165
625,164
end box20
300,219
301,218
302,218
304,218
305,219
305,221
305,229
304,230
303,231
301,230
299,229
end box21
219,157
222,156
223,157
224,158
225,159
225,164
224,166
223,166
221,166
220,166
219,165
218,164
end box22
end total23boxes
