639,187
660,177
674,173
684,171
691,170
697,170
702,169
708,170
715,171
724,174
741,176
760,187
766,202
756,209
733,214
717,212
681,213
667,213
644,209
637,202
end box0
-1,285
20,249
55,233
97,235
124,238
144,240
160,244
177,245
197,247
227,251
260,264
296,292
316,333
300,355
251,369
211,372
61,369
16,351
-1,326
end box1
598,173
599,172
600,172
601,172
602,172
603,172
604,173
604,174
605,175
605,176
605,177
605,179
604,180
603,180
601,181
600,180
599,180
598,179
end box2
579,175
579,173
580,172
582,170
583,170
590,169
592,169
594,171
595,173
596,175
596,178
596,181
596,184
594,185
591,186
583,185
580,184
579,182
579,180
579,178
end box3
615,172
616,170
621,169
622,170
623,171
624,172
624,173
624,175
624,177
622,177
620,177
618,177
617,177
615,177
615,176
end box4
1156,177
1157,171
1160,164
1163,156
1168,145
1176,130
1186,129
1195,142
1200,153
1203,162
1204,170
1206,177
1205,184
1203,190
1200,196
1199,206
1196,220
1187,232
1173,235
1164,224
1162,206
1161,196
1156,191
1156,184
end box5
1194,188
1194,185
1194,180
1195,175
1196,164
1203,154
1211,148
1218,154
1220,170
1220,178
1221,183
1222,187
1221,192
1221,196
1221,202
1221,212
1220,230
1213,233
1201,228
1196,217
1196,203
1196,197
1194,194
end box6
60,6
78,-4
202,-6
213,6
218,29
206,38
69,39
62,30
end box7
519,186
520,186
521,185
522,185
523,185
524,186
525,187
526,188
526,191
526,193
525,194
524,195
522,196
521,195
520,194
519,193
end box8
91,7
105,0
197,0
211,7
212,26
201,31
97,32
90,25
end box9
680,157
681,156
683,156
684,156
685,157
686,163
685,164
684,164
681,164
680,164
end box10
985,51
988,42
996,43
1005,40
1013,42
1017,49
1016,94
1013,102
1005,105
996,105
989,101
986,93
end box11
135,83
137,73
145,71
153,68
161,69
164,79
164,123
161,134
153,137
143,136
137,133
136,119
end box12
875,135
876,135
878,135
880,135
880,137
880,144
879,145
877,145
876,145
875,145
end box13
end total14boxes
