885,262
918,230
952,206
989,201
1019,201
1041,202
1062,200
1086,198
1113,201
1151,206
1185,228
1213,262
1223,307
1209,336
1161,352
1115,352
1085,352
1020,347
985,354
936,355
888,338
877,308
end box0
686,202
693,194
701,184
708,178
718,179
727,179
734,179
743,179
753,180
761,184
772,192
776,201
777,214
777,228
772,238
757,238
743,235
718,235
703,239
691,237
685,227
685,215
end box1
619,178
619,176
621,175
622,173
624,173
632,172
635,173
636,176
636,178
636,181
636,184
635,186
633,187
630,188
625,188
623,188
620,188
618,186
618,183
618,181
end box2
586,187
587,185
589,181
591,178
594,178
598,178
601,178
605,178
609,178
611,180
614,184
615,187
615,192
615,196
615,202
611,203
593,203
588,204
585,201
585,195
585,191
end box3
665,195
665,192
668,189
670,187
673,186
676,185
679,185
682,185
687,185
690,186
693,190
692,194
691,198
689,206
675,209
671,210
667,210
664,207
664,202
664,198
end box4
636,180
637,178
638,176
639,175
641,174
643,174
646,174
649,174
651,175
652,177
653,179
652,182
652,184
651,187
649,188
647,188
642,189
640,189
637,188
636,186
636,184
636,181
end box5
664,204
665,201
667,199
668,196
671,195
674,195
677,194
680,194
684,194
687,196
689,200
688,204
688,207
688,211
687,214
684,217
680,217
677,217
674,218
670,218
666,217
664,215
664,210
664,207
end box6
637,187
638,184
640,181
642,178
645,178
654,177
659,177
661,179
664,183
664,186
664,190
664,195
663,199
659,201
644,201
639,201
637,199
636,194
637,190
end box7
613,174
613,174
614,173
615,173
616,173
617,174
618,174
618,175
619,176
619,177
619,178
619,180
618,180
616,181
615,181
614,181
613,180
612,180
end box8
607,178
607,176
608,175
609,173
610,173
612,172
613,172
615,172
617,173
618,174
619,176
620,178
620,179
620,182
620,184
618,185
616,186
614,186
612,185
610,185
608,184
607,183
607,181
606,179
end box9
782,198
783,195
782,191
783,185
786,178
791,165
797,162
803,174
806,183
807,189
807,194
807,198
807,201
807,205
805,209
804,214
803,225
799,239
789,239
786,221
785,211
784,207
783,204
782,201
end box10
546,159
550,159
551,160
552,161
553,162
553,163
552,165
552,166
551,167
550,168
548,168
547,168
546,167
545,166
end box11
563,172
563,171
564,170
565,170
566,170
567,171
568,172
568,173
569,174
568,175
568,176
568,178
568,179
567,180
565,180
564,180
563,179
562,177
end box12
528,158
529,158
531,158
532,158
533,159
534,160
534,161
534,163
534,165
533,166
532,167
530,167
529,167
528,166
end box13
574,172
574,172
575,171
576,171
577,171
578,172
578,172
579,173
579,175
579,177
578,178
577,179
576,180
575,179
574,178
573,177
end box14
545,173
545,173
546,172
547,172
548,172
549,173
549,173
550,174
550,175
550,176
550,177
550,178
549,179
548,180
547,180
546,180
545,179
544,178
end box15
630,159
630,159
631,160
631,161
631,162
631,163
631,164
630,165
629,166
628,166
627,166
626,165
625,164
end box16
530,174
531,173
532,173
534,173
535,173
536,174
536,175
537,178
537,180
536,181
535,181
533,182
532,181
531,181
530,180
end box17
510,175
510,174
511,173
512,173
513,173
514,174
515,175
515,176
515,180
515,182
514,183
512,183
511,183
510,182
end box18
562,160
563,159
564,159
565,159
566,160
566,160
567,161
567,162
567,163
567,164
567,165
566,166
565,167
564,167
563,167
562,166
561,165
end box19
482,156
483,155
485,155
486,156
488,156
488,157
489,159
489,162
489,164
487,165
486,165
484,166
483,165
481,165
480,164
end box20
576,161
577,160
578,160
579,161
579,161
580,161
581,162
581,163
581,164
581,165
581,166
580,167
579,168
578,168
577,168
576,167
576,166
end box21
673,158
674,158
675,158
676,158
676,158
677,158
678,159
678,160
678,161
678,162
678,163
677,164
676,164
675,165
674,164
673,164
673,163
end box22
end total23boxes
