876,254
896,216
935,185
970,170
1007,168
1040,168
1069,166
1103,166
1137,172
1172,186
1208,217
1230,255
1242,307
1232,350
1198,383
1153,388
1008,373
957,386
918,376
882,347
874,306
end box0
290,232
304,208
322,186
344,175
368,174
390,179
409,178
432,174
455,175
476,186
500,206
505,231
512,263
510,293
498,318
468,325
435,317
410,308
370,307
336,317
305,314
289,292
287,262
end box1
63,228
92,199
118,182
152,181
177,183
196,183
212,182
231,181
251,182
283,186
315,201
341,230
354,269
343,294
300,309
263,314
236,314
214,306
177,301
147,309
108,310
70,291
57,267
end box2
end total3boxes
