438,193
439,186
444,181
451,180
457,180
462,181
467,181
471,181
476,182
481,184
486,188
491,194
495,201
494,209
488,213
479,214
472,214
467,214
462,214
457,213
452,212
445,211
440,207
439,200
end box0
543,196
545,191
549,187
554,185
559,185
563,185
566,185
570,185
576,184
581,186
585,191
588,195
589,202
589,209
585,214
579,215
571,213
557,214
550,216
545,214
541,208
542,202
end box1
551,191
552,188
556,185
559,183
562,184
575,183
578,185
582,188
585,191
585,196
585,201
582,205
577,206
561,205
557,205
552,205
550,200
550,196
end box2
279,193
281,189
285,186
289,185
305,186
310,186
314,189
317,193
318,198
317,204
313,207
283,206
280,203
279,198
end box3
498,182
499,178
501,176
505,175
515,176
517,176
520,177
524,179
526,182
528,186
527,190
524,193
520,194
516,193
501,191
498,189
498,185
end box4
823,83
824,79
826,76
828,74
831,72
835,71
838,70
842,71
845,73
848,76
851,79
852,82
852,87
851,91
849,94
846,97
843,100
839,101
834,101
831,99
828,96
825,93
823,90
823,86
end box5
823,105
825,102
853,104
854,108
854,118
852,121
824,120
823,117
end box6
580,191
581,190
582,189
583,189
584,189
585,190
586,191
586,192
587,193
587,194
587,195
587,197
586,198
585,199
583,199
582,198
581,198
580,197
end box7
576,191
577,190
578,188
579,188
581,187
582,186
584,187
586,188
587,189
588,191
588,193
589,194
589,196
588,199
587,201
585,202
583,202
580,201
579,200
577,199
576,197
end box8
545,176
546,175
548,175
549,176
550,177
551,178
552,179
551,182
552,183
550,184
549,185
547,185
546,185
545,184
544,183
end box9
end total10boxes
