485,175
486,171
488,169
491,167
495,168
502,168
506,167
509,169
512,171
514,175
515,179
514,183
512,186
507,187
503,187
500,187
494,186
491,186
487,185
485,182
485,178
end box0
207,202
226,183
253,178
274,178
286,179
305,181
313,183
324,183
339,185
360,191
387,205
400,228
390,242
358,252
333,250
220,240
209,226
end box1
467,178
469,174
472,171
475,170
479,171
486,171
489,171
492,172
496,174
499,178
501,182
500,187
496,190
491,190
487,190
475,189
470,189
467,186
467,182
end box2
490,176
490,173
491,172
493,170
495,170
500,170
503,170
505,171
506,173
507,175
507,178
507,181
506,183
504,184
501,185
499,184
496,184
494,184
492,183
490,182
490,180
489,178
end box3
606,178
606,176
607,174
608,173
610,172
612,172
613,172
615,172
617,172
619,173
620,175
621,177
621,180
621,182
620,185
618,186
616,186
614,186
611,186
609,186
607,186
606,184
605,182
605,179
end box4
522,175
522,173
523,171
524,170
526,169
531,169
533,169
535,170
536,172
537,174
537,177
537,179
537,182
534,183
532,183
530,183
527,183
525,183
523,182
522,181
521,179
521,176
end box5
7,229
19,201
41,182
68,174
93,175
114,178
131,183
149,185
168,187
191,194
216,210
237,233
248,266
241,291
214,311
189,321
62,315
40,310
16,286
7,262
end box6
end total7boxes
