553,180
554,177
557,174
558,171
562,170
573,170
578,170
580,173
583,177
584,180
584,185
584,190
583,196
580,197
560,197
555,197
553,195
553,189
553,184
end box0
301,192
318,181
333,175
345,173
354,173
361,173
368,173
375,174
384,173
396,175
412,181
428,192
433,209
429,221
409,229
390,228
338,228
321,228
301,222
297,210
end box1
584,176
584,174
585,173
587,171
589,171
596,171
598,172
600,174
601,176
601,179
601,182
600,185
598,185
595,185
588,185
586,184
584,183
584,181
584,179
end box2
602,176
602,174
604,173
605,172
607,171
614,171
616,172
618,174
619,176
620,179
620,182
619,185
616,186
613,185
608,185
606,185
603,185
602,184
601,181
601,179
end box3
607,174
608,173
609,173
610,173
611,173
612,173
613,174
614,175
614,176
614,177
614,179
614,180
613,181
612,182
610,182
609,182
608,181
607,180
606,179
end box4
590,174
591,173
595,173
596,174
596,175
597,176
597,177
597,178
597,180
596,181
594,181
593,181
592,181
591,181
590,180
589,179
end box5
494,176
496,172
500,170
503,169
516,170
519,170
523,172
527,176
528,180
527,184
522,187
517,187
498,186
494,184
493,180
end box6
581,175
582,172
584,169
587,168
590,168
597,168
601,168
602,170
606,172
607,175
608,179
608,183
606,186
602,187
598,187
589,186
586,186
583,185
582,182
581,178
end box7
970,24
976,20
981,20
987,24
1002,47
1001,53
999,61
982,72
976,70
961,66
959,60
957,47
end box8
510,156
511,155
513,155
514,155
514,156
515,163
514,163
512,164
511,163
510,163
end box9
end total10boxes
