411,180
413,175
417,170
423,167
429,167
433,167
438,168
442,168
448,168
453,170
458,175
462,180
465,188
464,196
460,201
451,202
443,200
428,201
421,201
414,200
410,194
410,187
end box0
437,173
437,170
439,166
442,164
446,164
457,164
460,164
462,167
466,170
468,173
469,178
469,183
467,188
463,189
458,189
443,186
440,184
438,181
437,177
end box1
695,179
702,173
709,170
715,169
720,168
725,168
728,168
733,168
738,168
745,169
753,173
759,179
764,188
761,196
752,199
740,199
734,199
729,199
724,199
719,199
713,199
702,199
694,196
693,188
end box2
489,161
489,159
491,157
492,156
494,155
502,155
504,156
505,158
506,160
506,163
506,166
505,168
503,169
500,169
493,170
490,169
489,168
488,165
489,163
end box3
479,160
480,159
484,159
485,160
486,161
486,162
486,163
486,164
486,166
485,167
483,167
482,167
481,167
480,167
479,166
478,165
end box4
509,158
509,158
513,158
513,158
514,159
515,160
515,161
515,162
515,164
513,164
512,165
511,165
510,165
509,164
508,164
507,163
end box5
438,166
441,163
444,161
447,160
459,160
462,161
467,162
471,165
472,170
471,174
467,177
442,176
439,173
438,170
end box6
574,148
575,148
580,148
581,148
581,149
582,156
581,157
579,158
577,158
576,157
574,157
573,156
end box7
543,156
543,156
544,155
545,155
546,155
547,155
548,156
548,157
548,159
548,160
548,161
547,162
546,163
545,164
544,163
543,162
542,161
end box8
566,145
567,146
568,147
569,148
568,151
568,152
567,153
566,154
563,154
562,153
561,152
end box9
501,141
502,142
502,143
502,145
502,147
501,148
496,148
495,147
end box10
560,156
561,155
562,155
563,155
564,156
565,157
565,158
566,163
565,164
564,165
562,166
561,165
560,164
559,163
end box11
end total12boxes
