427,201
430,197
437,193
441,190
445,190
457,191
463,191
467,193
473,197
477,201
479,209
477,215
472,219
465,220
444,220
437,221
431,221
426,215
427,208
end box0
469,185
471,183
475,182
479,183
482,183
485,183
488,185
489,188
492,190
492,193
493,196
493,200
493,205
491,207
487,208
482,206
479,205
476,205
end box1
540,178
540,177
542,175
543,173
545,173
553,173
555,174
556,176
557,178
557,181
557,184
557,187
554,187
551,187
544,188
541,187
540,186
539,183
539,181
end box2
450,195
451,192
453,188
455,185
459,186
470,185
474,186
476,189
479,192
480,195
480,200
481,204
480,210
477,212
471,211
456,208
454,206
452,203
452,199
end box3
536,179
537,176
540,174
542,172
544,171
552,172
556,171
558,173
561,176
563,179
563,183
563,187
561,190
558,192
553,191
543,191
540,191
537,190
536,186
536,182
end box4
7,226
6,212
11,199
24,196
38,198
49,199
59,204
69,209
75,218
77,228
78,238
80,248
80,258
78,271
73,281
61,286
50,291
37,292
23,292
10,288
8,274
end box5
825,92
825,90
827,88
845,89
845,98
844,101
826,100
825,98
end box6
699,146
700,144
700,143
702,141
703,140
705,139
706,139
708,139
710,140
712,142
713,144
713,146
713,148
713,150
713,152
711,154
709,155
707,155
704,155
702,155
700,153
700,151
699,149
699,147
end box7
659,158
660,158
661,158
662,158
663,158
664,159
664,160
664,161
664,162
664,163
664,164
664,166
663,166
661,167
660,166
659,166
end box8
643,156
646,155
647,156
649,156
649,157
650,159
650,160
650,162
650,163
648,165
647,165
645,166
644,165
642,165
642,163
end box9
868,157
871,156
873,156
874,157
875,158
875,160
875,161
875,163
875,164
873,166
872,166
870,167
869,166
867,166
866,165
866,163
end box10
1056,81
1065,78
1122,81
1123,92
1116,94
1061,94
1055,91
end box11
498,175
499,174
500,174
501,174
502,175
502,175
503,176
503,177
503,178
503,179
503,181
503,181
501,182
500,182
499,182
498,181
end box12
1034,26
1040,23
1092,22
1099,26
1100,38
1097,42
1036,42
1033,37
end box13
703,145
703,144
704,143
705,142
706,142
707,142
709,142
710,142
711,143
712,144
713,146
713,147
712,149
712,151
711,152
709,153
707,153
706,153
704,152
703,151
702,150
702,148
end box14
835,41
837,40
840,40
842,40
844,41
846,43
846,45
846,55
845,57
843,58
840,59
837,59
835,58
833,56
end box15
497,158
498,157
499,157
500,157
501,158
501,158
502,159
502,160
502,162
502,163
502,164
500,165
499,165
498,165
497,164
end box16
580,145
580,145
581,144
582,144
583,144
584,145
585,145
585,146
585,147
585,148
585,149
585,150
584,151
583,152
582,152
581,152
580,151
579,150
end box17
1091,101
1093,98
1096,97
1099,97
1102,98
1105,100
1106,116
1105,120
1103,123
1099,124
1095,124
1093,122
end box18
611,155
612,154
613,154
614,154
615,155
616,156
616,157
617,162
616,163
615,164
613,164
612,164
611,163
end box19
end total20boxes
