391,193
394,188
400,183
406,180
412,181
425,181
432,181
437,182
443,187
447,193
450,201
449,210
443,214
433,214
426,213
416,212
410,214
403,215
394,214
390,209
391,201
end box0
167,194
177,187
187,184
194,183
217,183
225,183
236,186
246,194
250,205
246,212
230,214
218,214
212,213
203,213
198,214
192,214
180,214
165,212
164,204
end box1
814,254
852,207
898,176
946,166
988,166
1022,170
1052,173
1086,168
1120,174
1161,187
1208,215
1256,257
1279,321
1269,367
1209,394
1141,396
1089,382
1051,368
990,377
939,390
879,386
819,361
806,317
end box2
319,188
322,181
327,176
333,174
340,174
355,174
362,173
368,175
372,182
377,188
379,197
378,204
372,209
362,210
356,210
350,209
345,210
339,211
333,210
323,208
318,204
318,196
end box3
503,176
504,173
508,170
510,168
514,168
528,167
531,169
534,172
537,176
537,181
538,187
534,190
529,191
524,191
513,191
508,191
503,190
501,186
501,181
end box4
718,179
720,174
725,170
731,169
736,169
747,169
753,168
758,170
763,174
767,179
769,187
768,193
763,198
755,199
749,198
739,198
734,199
727,200
720,199
715,194
716,186
end box5
835,186
850,173
866,165
881,162
892,161
933,161
951,162
969,170
979,186
979,204
972,218
950,225
877,229
858,228
837,220
832,206
end box6
63,196
68,190
74,186
81,184
86,184
105,184
112,185
120,189
124,196
125,205
123,212
115,215
106,216
100,216
95,217
90,217
85,217
78,217
69,216
61,212
62,204
end box7
780,177
780,173
783,170
785,168
789,168
798,168
802,168
805,170
808,173
809,176
810,181
810,185
808,189
803,191
799,190
795,190
792,190
788,190
785,189
781,188
779,185
779,181
end box8
503,176
507,170
511,166
517,165
539,165
544,166
548,170
553,176
556,183
555,189
548,193
540,194
534,194
530,194
525,194
520,195
515,194
507,193
501,189
502,182
end box9
127,194
129,190
132,187
135,187
150,187
153,188
156,190
159,194
161,198
160,203
156,205
151,206
147,207
130,204
127,202
126,198
end box10
112,195
116,188
122,185
129,185
149,185
154,186
159,190
165,195
169,202
167,208
157,211
150,212
145,213
141,213
136,213
132,212
127,212
120,211
112,208
111,201
end box11
197,144
198,142
200,141
210,141
212,143
213,157
211,159
199,160
197,158
end box12
781,157
781,158
782,160
782,163
782,165
781,166
774,165
773,165
773,163
end box13
484,159
485,159
486,159
487,159
488,159
489,160
489,161
490,166
489,167
488,168
486,168
485,168
484,167
end box14
478,176
479,175
480,175
481,175
482,176
483,177
483,184
482,185
480,186
479,185
478,184
end box15
770,160
771,159
772,157
783,157
785,158
787,160
787,162
788,165
788,168
786,170
784,172
774,172
772,171
770,169
770,165
end box16
70,171
74,171
75,172
75,179
74,179
71,179
70,179
end box17
708,145
713,145
714,146
714,155
712,156
709,156
707,155
end box18
end total19boxes
