355,196
356,191
361,184
365,181
371,180
377,181
382,181
388,181
394,181
398,185
402,191
405,196
405,203
405,211
403,218
397,220
388,218
382,216
377,216
370,219
362,220
357,218
356,210
356,203
end box0
423,183
424,181
425,180
427,178
429,178
437,178
439,179
441,181
442,183
443,186
442,189
441,192
438,193
428,193
425,193
423,191
422,188
422,186
end box1
442,179
447,178
448,179
449,180
450,181
450,182
450,184
450,186
448,186
447,186
445,187
444,186
443,186
442,185
441,184
end box2
475,176
475,175
477,173
478,172
480,171
485,171
488,171
490,172
491,174
492,176
493,179
493,182
492,185
489,186
486,186
481,186
479,186
476,185
475,184
474,181
474,179
end box3
417,186
419,183
422,181
424,179
427,179
437,179
440,181
443,183
445,185
446,190
445,194
443,197
439,198
423,197
419,196
417,193
417,189
end box4
465,178
465,178
466,178
467,177
468,177
469,178
469,178
470,179
471,180
471,181
471,182
471,184
469,184
468,185
467,185
466,185
465,184
464,183
464,183
end box5
479,174
480,173
481,173
483,173
484,173
485,174
486,175
486,176
486,177
486,178
486,180
485,181
484,181
482,182
481,181
480,181
479,180
478,179
end box6
414,179
414,179
417,178
418,179
419,179
419,180
420,181
420,182
420,183
420,185
419,186
417,186
416,186
415,186
414,186
413,185
412,184
end box7
344,195
345,193
346,192
347,191
348,190
355,190
357,190
358,192
359,194
358,197
358,199
357,201
355,201
351,202
349,203
347,203
345,202
344,200
344,198
344,196
end box8
574,189
575,188
575,188
576,187
580,186
581,187
582,188
582,189
582,190
582,191
582,193
581,193
579,194
578,194
577,194
576,194
575,193
574,192
574,191
574,190
end box9
561,187
561,187
562,186
563,186
564,186
565,187
565,187
566,188
566,189
566,190
566,191
566,192
565,193
564,194
563,194
562,194
561,193
560,192
560,192
end box10
975,105
975,96
979,89
986,85
994,83
1001,81
1008,81
1015,84
1023,85
1030,89
1033,97
1034,105
1035,112
1032,120
1028,126
1022,131
1015,134
1008,137
1001,136
993,135
987,131
982,126
978,119
977,112
end box11
-2,284
4,272
18,264
36,265
49,265
62,273
76,278
82,289
85,302
85,339
84,355
77,366
66,374
49,375
34,378
14,382
4,372
0,358
1,339
end box12
483,160
484,160
484,161
485,162
485,163
485,164
485,166
484,167
482,167
480,167
479,167
478,166
end box13
595,172
596,172
597,172
598,171
599,172
599,172
600,173
600,174
600,175
600,176
600,177
599,178
598,179
597,179
596,179
595,178
595,177
end box14
515,162
516,162
517,163
517,164
517,165
517,166
517,167
516,168
515,169
514,169
513,169
512,168
511,167
end box15
859,205
860,204
862,204
864,204
865,205
864,214
863,214
861,215
860,214
858,214
end box16
626,172
627,171
628,171
629,171
630,172
630,172
631,173
631,174
631,176
631,177
630,178
629,179
628,179
627,179
626,178
626,177
end box17
495,176
495,176
496,175
497,175
498,175
498,176
499,176
500,177
500,178
500,179
500,180
500,181
499,182
498,183
497,183
496,183
495,182
495,181
end box18
494,186
495,185
496,185
497,185
498,185
499,186
499,187
499,189
499,191
498,192
497,193
496,193
495,193
494,192
493,192
end box19
512,176
513,175
513,175
514,175
515,175
515,175
516,176
516,176
517,177
517,178
517,179
517,180
516,181
515,182
514,182
513,181
512,181
512,180
end box20
631,164
632,163
633,163
634,163
635,164
636,164
636,165
637,166
637,167
637,168
637,170
636,171
635,171
633,172
632,171
631,171
630,170
end box21
end total22boxes
