19,213
46,185
74,172
110,175
132,176
148,177
161,180
174,182
189,184
216,186
246,196
277,219
292,253
277,270
231,277
196,280
180,283
78,281
36,269
22,249
end box0
541,195
543,189
548,184
553,181
559,181
574,181
581,181
586,183
590,189
593,195
594,203
594,210
590,216
582,217
574,216
569,216
564,217
557,218
550,219
543,216
540,210
541,202
end box1
9,219
11,200
24,189
45,192
62,196
75,196
87,201
100,204
112,212
120,223
125,238
131,254
131,271
124,287
109,294
90,293
76,295
25,299
14,289
end box2
413,178
413,178
417,178
418,178
418,179
419,180
419,181
419,182
419,184
418,185
416,185
415,185
414,185
413,185
412,184
411,183
end box3
385,159
391,159
392,159
393,160
393,167
392,168
385,168
384,167
end box4
393,145
394,145
398,145
400,145
400,147
400,152
399,153
398,154
395,154
393,154
393,152
end box5
462,175
462,174
465,174
466,174
467,175
468,176
468,177
468,178
468,179
468,181
467,182
466,182
464,183
463,182
462,182
461,181
end box6
367,160
371,160
372,161
373,162
373,167
372,168
371,169
368,169
367,168
366,167
end box7
383,145
385,144
395,143
396,145
397,158
396,161
393,162
384,161
383,159
end box8
end total9boxes
