407,204
411,195
420,185
429,180
440,180
450,180
459,179
469,180
479,181
487,186
497,196
504,205
505,219
504,234
499,244
483,244
468,241
459,241
450,241
441,241
427,244
413,243
408,232
407,219
end box0
478,180
479,177
481,175
483,174
486,174
493,174
495,174
498,175
500,177
502,180
502,183
502,187
501,190
497,191
494,191
486,190
483,190
480,189
479,186
479,183
end box1
662,173
663,172
664,171
664,171
668,171
669,171
669,172
670,173
670,174
670,175
670,177
669,177
667,178
666,178
665,178
664,177
663,177
662,176
662,175
662,174
end box2
647,172
647,171
648,170
649,170
653,170
654,170
655,171
656,172
656,173
656,175
656,177
654,177
652,177
651,177
650,176
649,176
648,176
647,176
647,174
647,173
end box3
630,171
631,170
631,170
632,169
635,169
636,169
637,170
638,171
638,172
638,173
638,175
636,175
635,175
632,175
631,175
630,174
630,173
630,172
end box4
616,169
617,168
617,168
620,167
621,168
622,168
622,169
623,170
623,171
623,172
623,174
621,174
620,175
619,175
618,175
617,174
616,174
615,173
end box5
627,171
628,169
630,168
631,167
638,167
640,168
642,169
644,170
644,173
644,175
642,177
639,177
632,177
630,177
628,177
627,175
627,173
end box6
681,171
682,171
682,171
683,171
684,171
685,171
685,171
686,172
686,173
686,174
686,175
686,177
685,177
684,177
683,178
682,177
681,177
680,176
680,176
680,174
end box7
601,168
601,168
602,167
603,167
604,167
605,168
605,168
606,169
606,170
607,171
606,172
606,174
605,174
604,175
603,175
602,175
601,174
600,173
600,173
end box8
542,190
542,188
542,185
542,180
544,175
548,168
553,167
558,171
560,178
561,183
561,187
561,190
561,193
560,195
559,198
560,206
559,214
554,216
547,216
542,215
542,203
543,197
543,195
542,193
end box9
586,174
586,173
587,172
588,172
589,172
590,173
591,174
591,175
591,176
591,177
591,178
591,179
591,180
590,182
588,182
587,182
586,180
585,179
end box10
143,218
144,212
147,207
152,203
157,201
163,200
168,200
174,201
179,203
183,207
187,212
190,218
190,224
189,230
186,236
182,240
174,242
169,243
163,241
157,242
150,240
146,235
144,230
144,223
end box11
534,174
535,174
536,173
537,173
538,173
539,174
540,174
541,176
542,178
541,180
541,181
540,183
539,183
537,184
536,184
534,183
534,181
end box12
614,162
615,161
616,161
617,161
618,162
618,162
619,163
619,164
619,165
619,166
619,168
619,169
617,169
616,169
615,169
614,168
613,167
end box13
867,81
869,78
890,78
891,80
892,103
891,105
868,104
end box14
523,172
524,171
525,171
526,171
527,172
528,173
529,174
529,175
529,176
529,177
529,179
528,180
527,181
525,181
524,181
523,180
522,179
end box15
382,95
388,92
427,92
435,95
436,103
432,107
384,107
381,103
end box16
532,175
532,174
533,172
535,171
537,170
539,170
541,170
543,171
544,172
545,174
546,176
546,179
546,181
545,184
544,185
541,187
539,187
536,187
534,186
532,184
531,182
531,178
end box17
380,105
380,98
386,93
427,93
432,98
435,105
435,113
435,119
427,124
380,119
380,112
end box18
542,190
542,188
542,185
542,180
544,175
548,168
553,167
558,171
560,178
561,183
561,187
561,190
561,193
560,195
559,198
560,206
559,214
554,216
547,216
542,215
542,203
543,197
543,195
542,193
end box19
558,24
561,23
566,23
570,24
571,27
570,55
566,56
560,57
558,55
end box20
793,141
794,141
797,141
798,141
798,151
797,152
795,152
794,152
793,151
end box21
828,155
829,155
830,155
831,155
832,155
833,156
833,163
832,163
830,164
829,164
828,163
end box22
407,136
408,135
410,135
413,135
414,135
417,136
418,138
418,140
419,142
419,143
419,146
418,148
417,150
415,151
413,152
410,152
408,151
406,149
end box23
end total24boxes
