720,202
726,194
733,185
739,178
748,177
757,178
765,178
774,178
785,178
797,181
806,189
806,201
803,213
800,224
794,232
782,233
773,233
765,234
757,236
747,238
735,239
723,237
719,226
719,214
end box0
386,199
394,185
405,175
421,172
434,173
445,174
454,173
464,174
475,174
490,178
506,186
516,200
518,219
515,234
499,242
478,243
466,244
455,244
445,242
436,240
406,239
393,231
388,216
end box1
782,224
788,212
799,199
809,191
824,192
837,191
848,191
861,191
876,191
887,198
898,211
904,224
904,242
904,261
899,273
877,274
860,273
848,273
836,275
823,276
806,277
786,274
781,261
781,243
end box2
685,191
686,188
688,185
690,182
692,181
696,181
699,180
703,181
707,181
710,182
713,186
712,190
711,194
710,198
709,202
706,204
703,204
699,205
695,205
691,206
687,206
685,203
684,198
685,194
end box3
602,194
604,190
609,185
613,182
618,182
623,182
628,182
632,182
638,182
642,185
646,190
650,194
651,201
650,208
647,214
641,216
618,214
609,216
605,214
602,207
602,201
end box4
130,209
151,175
184,156
225,157
255,163
276,169
293,170
313,165
333,167
361,174
400,188
432,215
453,259
445,288
393,302
352,310
323,305
189,297
143,280
130,252
end box5
682,180
683,177
685,174
688,172
691,171
704,171
708,172
710,175
711,179
710,184
710,187
707,191
690,194
686,193
683,191
682,187
682,183
end box6
-3,227
-1,198
16,180
41,197
61,214
75,226
85,236
92,248
96,259
96,271
99,283
100,297
100,312
95,332
84,354
67,367
41,370
19,370
0,355
-2,326
end box7
34,227
64,192
97,168
135,161
167,162
192,166
214,169
239,166
265,169
298,177
332,199
365,230
381,277
375,311
328,333
285,341
245,332
216,322
167,325
127,335
80,333
36,309
27,275
end box8
589,176
589,174
590,172
591,171
593,170
595,170
598,170
600,170
602,171
603,173
604,175
604,178
604,180
604,183
601,184
599,185
597,184
594,184
592,184
591,183
589,181
589,179
588,177
end box9
638,178
638,176
639,175
640,173
642,173
644,172
645,172
647,172
649,173
651,174
652,176
652,177
652,180
652,182
652,184
650,185
648,186
646,186
644,186
642,185
640,184
639,183
638,181
638,179
end box10
557,177
556,175
557,173
559,171
561,171
566,171
568,172
570,173
571,174
572,176
572,179
572,181
572,184
570,185
567,185
565,185
563,185
560,185
559,184
557,182
556,178
end box11
683,190
684,184
689,179
694,175
699,174
705,174
710,175
716,175
722,175
729,177
732,184
733,190
732,197
730,203
727,209
721,211
715,212
710,212
705,213
698,214
690,214
685,211
682,204
683,197
end box12
724,176
729,173
734,171
755,171
762,172
767,176
767,182
764,186
731,188
725,186
723,181
end box13
572,175
572,173
573,171
574,169
576,169
578,168
583,169
585,169
587,171
589,173
589,175
589,178
589,181
589,184
587,185
584,186
581,186
578,185
576,185
574,184
572,182
end box14
534,178
535,175
537,172
540,171
543,172
550,172
553,172
555,173
559,175
561,178
562,182
562,186
559,189
555,189
551,189
548,188
536,187
534,185
533,181
end box15
623,175
623,174
625,172
626,171
628,171
635,170
637,171
639,173
640,175
641,178
641,181
640,184
637,185
627,184
625,184
623,182
622,180
622,178
end box16
567,175
567,171
569,168
572,166
576,166
585,166
589,166
592,168
595,171
596,174
597,179
597,183
595,187
591,189
586,189
582,188
576,188
572,187
569,186
567,182
567,178
end box17
1136,237
1140,226
1145,217
1152,207
1163,202
1174,198
1186,196
1200,196
1214,198
1221,209
1223,224
1224,236
1225,249
1225,263
1224,278
1213,285
1198,286
1186,288
1173,289
1160,288
1147,285
1136,277
1133,263
1134,250
end box18
492,189
492,182
496,176
503,175
509,176
519,177
523,177
529,177
533,180
537,185
542,190
545,197
545,204
539,209
531,210
525,210
519,210
514,210
510,209
505,207
499,205
495,201
494,195
end box19
551,177
552,174
554,171
556,169
560,170
567,170
570,170
573,172
576,174
577,177
578,181
578,185
576,188
572,189
568,189
565,188
559,188
557,187
554,186
552,183
552,180
end box20
641,175
641,174
642,174
643,174
644,174
645,174
646,175
646,176
647,177
646,178
646,179
646,181
646,182
644,182
643,183
642,182
641,182
640,181
end box21
540,176
540,174
541,172
542,171
544,171
546,171
549,171
551,171
552,172
554,174
555,175
555,178
555,180
554,183
552,184
550,184
547,183
542,183
540,181
539,179
539,177
end box22
489,174
489,172
491,170
493,168
495,168
504,169
506,170
508,172
510,174
511,177
511,181
509,184
506,185
502,184
492,184
490,182
489,179
488,177
end box23
1109,207
1109,205
1109,201
1109,195
1111,187
1116,178
1121,178
1126,186
1129,194
1129,200
1130,204
1130,207
1130,210
1130,213
1129,216
1129,222
1127,232
1123,240
1114,241
1110,231
1110,220
1110,215
1109,212
1109,210
end box24
700,205
701,203
701,200
701,195
703,190
708,185
712,182
717,187
720,192
721,198
720,202
720,205
720,208
720,211
718,213
718,218
717,225
713,231
706,231
703,223
702,217
702,212
701,210
701,208
end box25
451,100
452,97
454,93
456,90
459,87
462,85
467,85
471,86
474,88
477,92
479,96
480,99
480,103
480,108
478,112
476,116
472,119
467,121
462,121
457,119
454,115
452,111
451,107
451,103
end box26
574,146
575,145
577,145
578,145
579,145
580,146
581,147
582,148
582,149
582,151
582,152
580,154
579,154
577,154
576,154
574,153
574,152
573,151
end box27
1177,11
1184,2
1197,4
1224,8
1234,10
1234,96
1227,101
1177,112
1172,100
end box28
632,145
636,144
637,145
638,146
638,151
637,152
635,152
633,152
632,152
631,151
end box29
492,106
494,104
495,103
498,103
500,103
502,105
503,107
503,109
503,111
503,112
503,114
503,117
502,119
500,121
498,122
495,122
493,120
492,118
end box30
581,156
581,156
582,157
583,158
583,159
583,160
583,162
582,162
580,163
577,162
576,161
end box31
940,176
940,176
941,175
942,175
943,175
944,176
944,176
945,177
945,181
944,182
943,183
942,183
941,183
940,182
939,181
end box32
501,127
502,128
502,135
500,135
499,136
496,136
494,136
493,135
end box33
754,146
755,146
759,146
760,147
761,148
761,153
760,154
759,155
757,155
756,155
754,154
754,153
end box34
974,174
975,174
977,174
978,174
979,175
980,181
979,182
978,183
976,183
975,183
974,182
end box35
1017,190
1018,189
1019,189
1020,189
1021,190
1022,191
1023,197
1022,198
1021,199
1019,200
1018,199
1017,198
1016,197
end box36
680,144
681,145
681,146
682,151
681,152
679,152
677,152
676,152
675,151
end box37
1001,140
1002,139
1003,139
1005,138
1006,140
1007,150
1006,152
1004,152
1001,152
1000,151
end box38
end total39boxes
