764,246
791,218
816,196
845,187
871,185
893,185
913,185
936,183
961,189
992,195
1019,215
1041,245
1046,282
1034,309
1000,324
960,327
934,327
912,322
893,325
870,330
844,332
802,326
763,313
755,285
end box0
10,265
28,239
44,219
69,209
94,205
115,201
134,201
155,204
179,209
206,218
228,238
242,265
249,298
241,324
216,338
179,344
156,351
135,348
115,346
97,343
72,340
37,338
13,322
7,296
end box1
731,218
736,208
742,199
750,190
760,188
771,188
781,188
792,188
807,188
819,192
824,204
821,218
800,255
790,257
781,261
770,265
758,266
743,265
729,262
727,246
729,232
end box2
257,233
260,222
266,211
274,205
287,205
298,207
307,206
317,207
328,208
338,213
348,222
351,233
351,247
351,262
346,273
334,276
319,276
308,274
298,273
288,273
275,273
263,271
260,259
258,246
end box3
1013,285
1043,265
1066,255
1085,249
1100,248
1112,245
1125,242
1140,241
1157,243
1186,245
1215,254
1233,282
1236,311
1225,329
1193,344
1166,350
1094,345
1070,350
1044,342
1011,330
999,313
end box4
576,123
577,122
578,122
579,122
580,123
581,124
582,125
582,126
582,128
582,130
581,131
580,132
578,133
577,132
576,131
end box5
623,173
624,172
625,172
626,172
627,173
627,173
628,174
628,175
628,177
628,178
627,179
626,180
625,180
624,180
623,179
end box6
648,157
649,158
650,159
650,160
650,162
650,164
649,165
648,166
646,166
645,166
644,165
end box7
709,133
723,130
735,133
736,156
710,158
end box8
546,174
547,173
548,173
549,173
550,174
551,175
552,176
552,181
551,182
550,183
548,184
547,183
546,182
end box9
661,178
661,177
662,177
663,177
664,177
665,177
666,178
666,179
667,180
667,181
667,182
667,184
666,185
665,185
663,186
662,185
661,185
660,184
end box10
559,176
560,175
561,175
562,175
563,176
564,177
565,183
564,184
563,185
561,186
560,185
559,184
end box11
642,174
643,174
644,173
645,173
646,174
647,175
647,182
646,183
644,183
643,183
642,182
end box12
575,141
576,140
577,140
579,140
580,141
580,151
579,152
578,153
576,152
574,151
end box13
end total14boxes
