404,219
411,212
419,200
425,192
435,192
446,192
455,192
465,193
476,194
488,197
500,207
501,217
498,232
497,246
491,257
479,258
464,255
454,255
447,254
437,255
421,259
408,258
405,246
404,233
end box0
530,174
531,174
532,174
533,174
534,174
535,175
535,176
536,177
536,178
536,179
536,181
535,182
534,182
532,183
531,182
530,182
529,181
end box1
514,174
515,173
516,173
517,173
518,174
518,174
519,175
519,176
519,177
519,178
519,179
518,180
517,181
516,181
515,181
514,180
end box2
541,177
542,176
543,176
544,176
545,177
546,177
546,178
546,179
546,181
546,182
545,183
544,184
543,184
542,184
541,183
540,182
end box3
527,187
527,186
528,186
529,186
530,186
531,186
532,187
532,188
532,193
532,194
531,194
528,194
527,194
526,193
end box4
485,140
486,140
487,140
488,140
489,140
489,147
489,148
487,149
486,148
485,147
end box5
end total6boxes
