854,211
899,177
938,157
975,151
1003,150
1026,153
1046,154
1069,152
1093,157
1130,161
1175,176
1212,212
1227,260
1216,290
1157,307
1108,309
1001,300
963,312
913,308
854,292
840,261
end box0
1,210
1,204
2,197
8,195
15,195
20,194
25,195
30,196
36,196
41,199
43,205
44,210
45,217
46,224
44,230
39,234
32,235
26,235
19,236
13,236
6,234
2,230
1,223
2,216
end box1
367,206
367,204
367,201
367,196
369,190
374,182
378,181
382,189
384,195
385,200
385,203
385,206
385,209
384,211
383,213
383,217
382,226
379,234
372,234
370,224
370,216
369,212
368,211
367,209
end box2
428,171
429,172
430,173
430,178
429,179
428,179
425,180
423,179
422,179
end box3
421,159
422,158
423,158
424,158
425,159
426,160
426,166
426,167
425,168
423,168
422,168
421,167
420,166
end box4
367,206
367,204
367,201
367,196
369,190
374,182
378,181
382,189
384,195
385,200
385,203
385,206
385,209
384,211
383,213
383,217
382,226
379,234
372,234
370,224
370,216
369,212
368,211
367,209
end box5
end total6boxes
