190,201
206,189
222,184
235,183
243,182
250,182
257,182
264,183
271,183
282,186
298,190
316,201
321,217
315,228
294,233
274,231
264,229
250,231
243,230
233,232
216,231
193,227
187,218
end box0
860,180
864,173
870,169
877,168
883,167
896,168
902,168
909,169
917,173
922,180
924,189
923,197
915,201
904,201
897,201
875,201
865,201
858,196
858,188
end box1
324,196
326,192
328,190
332,189
345,189
348,190
352,192
355,196
356,200
356,205
352,208
347,208
343,208
340,208
334,208
331,207
327,206
324,204
324,200
end box2
997,207
996,200
996,192
998,181
1002,162
1013,135
1024,133
1036,157
1042,177
1042,190
1042,200
1043,206
1041,212
1038,218
1037,224
1038,237
1039,266
1029,280
1007,285
995,275
999,238
999,225
997,218
997,212
end box3
1059,206
1059,199
1060,190
1062,178
1066,156
1078,133
1091,129
1103,155
1107,178
1108,191
1110,199
1112,206
1111,213
1109,220
1109,229
1110,246
1110,275
1096,284
1072,285
1058,283
1060,244
1061,228
1059,220
1059,213
end box4
866,52
947,52
946,115
877,122
867,115
end box5
609,173
610,172
611,172
612,172
613,173
614,174
614,181
613,182
611,183
610,183
609,182
end box6
498,189
499,187
501,186
502,187
503,188
504,190
504,199
503,202
501,203
498,202
497,200
end box7
517,174
518,174
519,176
520,177
520,180
520,181
519,183
517,183
515,184
514,183
512,183
end box8
558,174
559,173
560,173
561,173
562,174
562,174
563,179
562,180
561,181
560,182
559,181
558,180
end box9
end total10boxes
