623,203
623,198
623,192
624,184
628,172
636,152
644,151
653,165
658,180
659,190
660,197
661,203
660,208
659,213
657,219
658,231
656,251
647,260
632,261
624,248
625,225
624,217
623,212
622,208
end box0
671,190
671,185
671,178
671,169
675,154
684,130
694,132
704,147
710,163
710,175
710,183
712,189
711,195
709,201
707,207
706,216
704,237
696,253
681,255
674,232
675,211
673,204
671,200
671,195
end box1
451,176
451,172
452,168
453,163
455,154
461,144
468,140
474,148
478,157
479,165
479,171
480,175
479,180
479,184
478,189
477,197
475,208
469,215
458,215
453,206
453,193
452,186
451,183
451,179
end box2
559,188
559,184
559,179
559,173
562,162
568,148
576,149
583,158
586,170
586,178
586,183
586,187
586,191
586,196
585,200
584,207
583,221
577,233
566,233
561,218
561,204
561,198
559,195
559,191
end box3
1130,266
1127,254
1127,240
1128,217
1135,180
1155,138
1178,131
1200,169
1205,213
1204,239
1203,255
1202,266
1202,276
1200,286
1199,299
1210,340
1215,403
1188,410
1143,407
1121,393
1124,334
1132,299
1131,286
1129,276
end box4
481,177
482,174
482,170
482,165
485,157
490,148
496,147
502,153
505,162
506,168
506,173
506,177
506,180
506,184
505,188
505,195
503,205
497,212
488,212
483,204
482,193
482,187
481,183
481,180
end box5
587,187
587,183
587,177
588,169
591,157
598,145
607,143
615,156
618,168
619,176
619,182
620,187
621,192
620,197
620,204
623,218
620,233
610,235
595,235
585,235
584,215
585,203
586,196
587,192
end box6
511,178
512,175
511,170
511,163
514,152
520,141
528,138
534,149
537,161
538,168
537,174
538,178
538,181
538,186
538,191
537,198
535,211
530,224
519,221
514,206
513,193
512,188
511,185
512,181
end box7
531,171
531,165
532,157
537,147
544,147
549,155
551,164
552,170
552,174
552,177
552,180
552,184
552,187
552,195
551,205
545,212
536,212
532,202
531,191
532,185
531,182
end box8
501,185
501,179
501,172
503,163
507,152
516,140
525,138
534,151
538,163
540,172
541,179
541,185
541,190
541,196
539,202
537,210
534,224
527,237
515,235
509,219
507,206
504,200
503,195
502,190
end box9
541,188
541,185
541,181
540,174
543,165
549,156
555,155
561,162
563,173
564,180
564,184
564,188
564,191
564,195
564,199
564,206
562,218
557,226
547,224
543,213
542,202
542,197
541,194
541,191
end box10
end total11boxes
