242,199
263,169
289,146
321,138
350,136
372,136
392,135
416,136
440,143
475,148
504,168
518,199
526,237
514,265
482,282
440,282
415,287
354,279
322,283
276,286
245,268
235,239
end box0
789,256
838,208
887,182
938,177
978,180
1006,183
1032,184
1060,181
1092,185
1141,190
1186,213
1238,257
1257,317
1240,353
1166,372
1100,370
1061,366
1032,360
1007,360
980,361
940,368
875,369
798,353
777,317
end box1
638,192
639,188
644,183
648,180
653,179
658,179
668,179
675,178
680,180
683,186
685,192
684,199
683,205
680,211
675,213
652,214
643,216
639,213
637,206
638,199
end box2
489,173
493,166
504,165
513,164
521,164
529,166
536,169
541,176
543,185
546,191
546,200
546,208
545,220
542,226
532,228
521,226
513,224
504,225
497,221
end box3
635,188
635,185
637,182
639,179
642,177
646,177
649,177
653,177
658,177
661,179
663,183
663,187
659,199
656,201
653,201
649,203
645,204
641,204
636,203
634,201
633,196
634,191
end box4
672,188
696,173
719,166
736,164
746,163
756,164
765,163
773,165
786,164
805,165
830,170
850,187
853,210
842,223
810,232
708,233
677,225
668,212
end box5
575,179
576,177
577,175
578,174
580,173
582,173
585,172
588,173
590,174
591,176
592,178
592,181
592,184
591,187
589,188
586,188
584,187
581,187
579,188
577,187
575,185
575,183
575,181
end box6
541,179
541,177
541,175
543,173
545,173
547,173
548,173
550,173
552,174
554,175
555,176
556,178
557,181
557,183
556,186
554,187
551,188
549,187
546,187
544,187
542,186
541,185
540,182
540,180
end box7
562,175
562,175
563,174
564,174
565,174
566,175
566,175
567,176
568,177
568,178
568,179
568,181
567,181
565,182
564,182
563,182
562,181
561,181
561,180
end box8
589,176
590,175
590,175
591,174
592,174
593,174
594,175
594,175
595,176
595,177
595,178
595,179
595,180
594,181
593,182
592,182
591,182
590,181
589,180
589,180
end box9
579,174
579,174
580,173
581,172
582,172
583,172
584,173
585,174
586,175
586,176
586,177
586,179
586,180
585,181
584,182
582,182
581,182
580,181
579,180
578,179
end box10
585,178
585,176
586,175
587,174
588,173
590,173
591,172
593,173
594,173
596,174
597,176
598,178
598,180
598,182
597,184
596,185
593,185
591,185
590,185
588,185
586,184
585,183
585,181
584,179
end box11
555,179
555,177
556,175
557,174
559,174
564,174
566,174
568,175
569,176
570,178
570,181
570,183
570,186
567,187
565,187
562,186
561,186
559,186
556,186
555,185
555,182
554,180
end box12
545,174
546,173
547,172
548,172
549,173
550,173
551,174
552,175
552,176
552,177
552,178
552,180
551,181
550,182
548,182
547,181
546,181
545,180
544,179
end box13
95,233
116,211
133,193
156,186
178,188
195,190
210,187
229,183
251,183
281,188
298,206
309,232
314,262
307,285
282,302
253,308
231,310
212,307
193,306
173,309
147,313
114,308
90,289
85,264
end box14
623,177
624,176
625,175
625,173
626,172
628,172
629,171
631,172
633,172
634,173
635,175
635,177
635,178
635,180
634,182
632,183
631,184
629,184
627,185
626,184
624,183
623,182
623,180
623,178
end box15
945,175
946,172
947,168
949,165
951,159
955,154
961,152
965,157
968,163
970,167
971,171
972,174
972,179
972,183
971,187
971,194
967,200
961,202
954,201
949,198
947,191
946,185
946,181
945,178
end box16
579,162
580,162
581,163
581,164
581,165
581,166
581,167
580,168
579,168
577,168
576,168
576,167
end box17
646,158
647,158
647,159
648,160
648,162
648,164
647,165
645,165
644,165
643,165
642,164
641,164
end box18
736,107
738,105
758,105
760,106
762,129
760,131
737,130
735,127
end box19
663,160
664,161
665,162
664,165
664,166
663,167
end box20
545,162
545,162
546,162
547,162
547,162
548,163
548,163
549,164
549,165
549,166
549,167
548,168
547,169
546,169
545,168
544,168
end box21
end total22boxes
