-26,293
0,262
31,245
70,245
95,245
114,247
130,250
147,252
167,254
196,257
226,272
260,298
275,336
259,357
213,369
175,372
71,369
32,372
-12,357
-26,333
end box0
625,188
627,184
631,178
635,175
640,175
645,175
655,175
661,175
665,178
669,184
672,188
672,195
672,202
669,208
663,209
655,209
645,208
639,209
633,209
628,207
625,201
626,195
end box1
952,189
968,177
984,171
1041,169
1055,171
1074,176
1087,189
1090,207
1083,219
1061,224
1007,224
995,226
976,226
952,220
948,208
end box2
669,178
669,174
671,171
673,169
677,169
686,170
690,169
693,171
695,174
696,178
697,182
697,186
695,189
691,191
687,191
683,191
680,191
677,191
674,189
670,188
669,185
669,181
end box3
793,106
795,101
796,96
799,91
804,88
810,85
816,84
822,86
827,89
831,94
833,100
834,105
834,111
834,117
832,124
829,129
823,133
816,134
809,133
802,133
797,129
795,122
794,116
794,111
end box4
end total5boxes
