191,213
210,203
221,197
231,195
240,194
246,195
253,194
260,194
269,193
280,195
297,200
313,212
317,228
310,240
291,244
270,242
260,241
253,242
246,242
240,241
230,241
211,242
189,239
185,229
end box0
319,203
324,196
329,191
336,189
342,189
347,190
352,190
357,190
363,189
371,190
376,196
381,203
384,212
382,220
374,224
364,225
358,225
352,225
347,226
341,225
334,225
324,224
318,220
318,211
end box1
539,180
539,178
541,177
542,176
544,175
551,176
553,176
555,178
556,180
557,183
557,186
556,189
553,189
543,189
540,189
538,188
538,185
538,183
end box2
470,189
474,183
480,180
485,179
490,179
501,179
506,179
511,180
516,184
522,189
524,196
523,202
515,205
507,205
501,205
489,205
483,206
475,206
469,202
468,196
end box3
401,193
406,187
413,182
419,181
425,181
429,181
433,182
438,182
443,181
450,183
457,187
464,193
468,202
466,210
456,214
446,214
439,214
434,213
429,214
424,213
418,213
409,213
400,209
399,201
end box4
560,174
560,174
561,173
565,173
566,174
567,175
568,176
568,177
568,179
568,180
566,181
565,181
563,182
562,181
561,181
560,180
559,179
end box5
543,178
543,177
543,176
544,175
545,175
549,175
551,175
551,177
552,178
552,179
552,181
552,183
550,183
549,184
546,184
544,184
543,183
542,182
543,180
end box6
555,178
556,176
557,174
558,173
560,173
567,173
569,174
571,175
572,177
572,180
572,183
571,185
568,185
566,185
559,186
557,185
555,184
555,182
555,180
end box7
641,142
644,142
645,142
646,143
647,144
647,145
647,146
647,147
647,149
646,150
645,151
643,151
642,151
641,150
640,149
end box8
end total9boxes
