569,197
570,192
574,186
579,183
585,182
590,182
595,182
600,183
607,183
611,186
615,192
617,197
617,204
617,211
615,219
610,221
601,219
595,218
590,218
583,220
574,222
570,219
569,211
570,204
end box0
545,178
549,178
550,178
551,179
551,180
552,181
551,183
551,184
550,185
548,185
547,185
546,185
545,185
544,184
543,183
end box1
559,180
560,179
560,178
561,177
568,177
569,178
570,180
570,181
570,183
570,185
567,185
561,185
560,185
559,184
559,182
559,181
end box2
527,178
532,178
533,178
534,179
534,180
534,181
534,183
534,184
533,185
531,185
530,185
529,185
528,185
527,184
526,183
end box3
573,179
573,178
574,177
579,176
580,177
581,178
582,179
582,180
582,182
582,183
580,184
575,184
573,183
573,183
573,181
573,180
end box4
555,180
556,179
558,177
560,176
568,176
570,177
572,178
574,180
575,183
574,186
573,189
569,188
560,188
557,189
555,188
554,185
554,183
end box5
571,181
571,179
573,178
574,177
582,176
584,177
586,178
587,180
587,183
586,185
585,187
582,187
575,188
572,188
570,187
570,185
570,183
end box6
641,174
641,174
642,173
643,173
644,173
645,174
645,174
646,175
646,176
646,177
646,178
646,179
645,180
644,181
643,181
642,181
641,180
641,179
end box7
803,24
804,23
814,22
816,23
816,25
816,32
816,35
815,36
805,37
803,36
802,33
end box8
end total9boxes
