744,216
748,209
756,199
762,192
773,191
791,191
800,192
811,192
818,198
828,207
830,215
830,229
829,241
826,253
814,254
761,251
749,251
745,240
745,229
end box0
852,174
852,174
853,173
857,173
858,174
859,175
859,176
859,177
859,178
859,180
858,181
856,181
855,181
854,181
853,181
852,180
851,179
end box1
838,177
838,176
839,175
839,175
844,174
845,175
846,176
847,177
847,178
847,180
847,182
845,182
843,182
840,182
838,181
838,180
end box2
835,179
835,177
837,175
838,174
847,174
849,175
851,176
852,178
852,181
852,184
851,186
848,187
837,186
835,185
835,183
834,181
end box3
815,175
816,173
817,172
819,171
828,171
830,171
832,173
834,175
834,178
834,181
833,184
830,184
818,184
816,182
815,180
815,178
end box4
846,177
846,175
847,173
849,172
850,172
857,172
859,173
860,174
861,176
862,179
862,181
861,184
858,184
855,184
852,184
849,184
847,184
846,183
845,181
845,179
end box5
887,172
887,171
888,171
889,170
890,170
891,171
892,172
892,173
892,174
892,175
892,176
892,177
892,179
891,180
889,180
888,180
887,179
886,177
end box6
818,194
818,192
819,190
821,188
823,188
824,187
827,187
829,187
831,188
832,189
834,191
835,193
835,196
835,199
834,201
832,203
830,204
827,204
824,203
822,202
820,201
819,200
818,198
818,196
end box7
814,194
815,190
816,187
819,185
823,184
826,184
832,184
836,184
839,187
842,190
843,193
843,198
843,202
841,206
838,208
833,208
819,206
817,204
815,201
815,197
end box8
16,30
16,29
17,27
19,25
21,24
22,23
25,23
27,23
29,24
31,26
32,28
33,30
33,33
33,35
32,38
30,39
27,41
25,42
22,42
20,41
18,39
17,37
16,35
16,33
end box9
825,206
826,206
827,206
828,207
829,208
830,209
831,213
830,214
829,215
828,216
826,217
825,216
824,215
823,214
end box10
936,175
936,174
937,174
938,174
939,174
940,174
941,175
941,176
942,177
942,178
942,179
942,181
941,182
940,183
938,183
937,183
936,182
935,181
end box11
887,172
887,171
888,171
889,170
890,170
891,171
892,172
892,173
892,174
892,175
892,176
892,177
892,179
891,180
889,180
888,180
887,179
886,177
end box12
end total13boxes
