458,191
458,189
460,187
461,185
463,185
470,184
473,185
475,186
476,188
478,191
478,194
478,197
477,201
474,202
471,202
468,202
465,202
462,202
460,201
458,199
458,196
457,194
end box0
449,193
451,189
454,186
457,185
460,185
469,185
473,184
476,186
479,189
482,192
483,197
483,202
480,206
475,207
470,206
459,206
456,205
451,205
449,201
449,197
end box1
576,176
576,176
580,176
581,176
581,177
582,178
582,179
582,180
582,182
581,183
579,183
578,183
577,183
576,183
575,182
574,181
end box2
561,177
561,177
562,176
563,176
564,176
565,177
566,177
566,178
567,179
567,180
567,181
567,183
566,183
564,184
563,184
562,184
561,183
560,183
560,182
end box3
522,179
523,177
524,176
525,175
526,174
528,174
529,174
531,174
533,174
534,175
536,177
537,178
537,181
537,183
536,185
534,186
531,186
529,186
528,186
525,186
523,186
522,185
522,182
521,180
end box4
437,194
439,191
441,188
444,187
447,187
454,187
457,187
460,188
464,190
466,194
467,198
467,202
464,206
459,206
455,206
452,205
446,205
442,205
438,205
436,201
436,198
end box5
443,194
443,192
445,190
446,189
448,188
450,188
453,187
456,188
458,189
459,191
460,193
460,196
460,199
459,201
457,202
454,203
452,202
449,202
447,203
445,202
443,200
443,198
442,196
end box6
593,176
593,176
594,175
596,175
597,176
598,176
598,177
598,178
599,179
598,180
599,182
597,182
596,183
595,183
594,183
593,182
592,182
592,181
end box7
621,181
622,179
623,177
624,176
626,175
631,175
633,176
635,177
637,178
637,180
638,183
638,185
637,188
634,189
632,189
625,189
623,188
622,187
621,185
621,182
end box8
644,175
644,175
645,174
646,174
647,174
648,175
648,175
649,176
649,177
649,178
649,179
649,181
648,181
647,182
646,182
645,182
644,181
643,180
end box9
371,219
372,215
376,212
379,210
382,207
387,207
390,207
395,207
399,208
402,212
407,214
409,219
410,225
409,230
405,234
400,236
395,238
391,238
386,238
382,237
378,234
374,233
371,229
370,224
end box10
778,83
781,81
820,81
824,83
829,129
827,132
774,133
773,129
end box11
366,101
369,99
403,100
405,133
401,136
367,135
365,132
end box12
512,174
512,173
513,173
514,173
515,173
516,173
517,174
518,175
518,176
518,177
518,178
518,180
517,181
516,182
514,182
513,182
512,181
511,180
end box13
725,159
729,159
730,160
731,166
730,167
729,168
726,168
725,167
end box14
804,141
806,140
809,140
811,141
812,143
811,153
810,154
808,155
805,155
804,153
end box15
431,175
432,175
433,176
434,177
434,178
434,179
434,180
434,182
433,183
432,184
430,184
429,184
428,183
end box16
493,159
494,158
495,158
496,158
497,159
497,159
498,160
498,161
498,162
498,163
498,164
498,165
496,166
495,166
494,166
493,165
end box17
612,160
616,160
616,160
617,161
617,165
616,166
615,167
614,167
613,167
612,166
end box18
623,145
625,144
626,144
627,145
628,145
628,146
629,147
629,148
629,149
629,151
628,152
626,152
625,152
624,152
623,152
622,151
end box19
486,157
487,158
487,159
488,160
488,161
488,162
488,164
487,165
486,165
484,166
483,165
482,165
end box20
747,156
748,157
749,158
749,161
748,162
747,163
742,163
end box21
469,158
470,159
470,160
471,161
471,162
471,163
471,165
470,166
469,166
467,166
466,166
465,166
end box22
612,160
616,160
616,160
617,161
617,165
616,166
615,167
614,167
613,167
612,166
end box23
493,159
494,158
495,158
496,158
497,159
497,159
498,160
498,161
498,162
498,163
498,164
498,165
496,166
495,166
494,166
493,165
end box24
464,173
465,173
467,173
468,173
469,174
469,175
470,176
470,180
469,181
468,182
466,182
465,182
464,181
end box25
end total26boxes
