382,203
390,196
396,188
401,183
409,182
417,182
424,182
431,183
440,183
449,186
459,193
462,202
463,214
462,226
456,232
443,233
432,232
410,230
398,234
385,233
380,225
380,214
end box0
788,235
807,214
826,198
847,189
866,186
883,188
898,190
915,191
936,192
964,193
984,208
990,234
992,261
984,283
967,298
935,299
915,300
899,300
882,303
862,309
839,312
805,305
787,289
784,264
end box1
445,193
443,187
446,180
451,178
459,178
464,178
469,179
474,179
479,180
483,184
487,189
491,193
492,200
492,207
489,214
483,216
475,216
469,215
464,214
460,213
end box2
734,210
741,201
746,191
754,186
764,185
772,185
780,185
789,185
800,185
815,187
824,195
822,208
819,220
817,233
812,241
798,241
788,243
780,244
772,245
762,246
751,246
736,244
730,235
731,222
end box3
466,189
467,185
469,183
474,183
477,183
480,183
483,184
486,185
488,188
490,190
491,193
492,196
492,200
491,205
489,207
484,207
480,206
end box4
536,179
539,176
544,175
546,174
557,174
559,175
565,176
569,178
571,183
570,188
564,189
559,189
544,189
539,190
534,187
534,183
end box5
491,182
491,180
492,178
493,177
495,176
497,176
498,176
500,176
502,177
504,178
505,179
506,181
506,184
506,186
506,189
504,190
501,191
499,190
497,190
495,190
493,189
491,187
491,185
490,183
end box6
12,304
14,293
16,279
23,270
37,270
50,270
60,271
71,274
83,275
92,283
97,293
99,305
100,317
101,331
97,343
86,350
74,354
62,356
49,356
36,356
22,354
12,346
12,330
12,317
end box7
467,182
468,179
470,176
473,175
476,176
483,175
486,176
488,177
491,179
493,182
494,186
494,190
492,193
488,194
484,193
468,188
468,185
end box8
476,181
476,179
477,177
478,176
480,176
485,176
487,176
488,177
490,179
491,180
491,183
491,185
491,188
489,189
486,189
475,182
end box9
624,180
626,178
630,178
630,178
631,179
632,180
632,181
632,182
632,184
630,184
629,184
628,185
627,184
626,184
625,184
624,183
625,182
end box10
539,179
540,178
542,176
544,176
552,175
554,176
557,177
559,179
559,182
559,185
557,187
553,187
544,187
541,188
539,187
538,185
538,182
end box11
452,187
454,183
457,180
462,180
466,181
469,181
473,181
476,182
479,185
482,188
483,191
484,196
484,201
483,206
479,208
474,208
469,207
466,206
end box12
497,177
497,176
498,176
499,176
500,176
501,176
502,177
502,178
503,179
503,180
503,181
503,183
502,184
501,184
499,185
498,184
497,183
496,182
end box13
637,179
638,177
640,176
641,175
642,174
649,174
651,175
652,176
653,178
654,181
654,183
652,186
650,186
642,186
639,186
637,185
637,183
637,181
end box14
608,174
608,173
609,172
612,172
613,172
614,173
615,174
616,175
616,176
615,178
615,179
614,180
613,180
611,181
610,181
609,180
608,179
607,178
end box15
511,159
512,158
514,158
515,159
516,159
516,160
517,165
516,166
515,166
513,167
512,166
511,166
end box16
481,159
482,158
484,158
485,159
485,159
486,160
486,161
486,162
486,163
486,164
485,165
484,166
483,166
482,166
481,165
end box17
496,162
497,162
499,162
500,162
500,162
501,163
501,164
501,165
501,166
501,167
501,168
499,169
498,169
497,169
496,168
end box18
721,172
722,171
723,171
725,171
726,171
727,172
728,173
728,174
728,175
728,176
728,178
727,179
725,179
724,180
723,179
722,179
721,178
721,177
end box19
462,159
463,158
464,158
465,158
466,159
466,159
467,160
467,161
467,163
467,164
466,165
465,166
464,166
463,166
462,165
end box20
562,174
563,173
567,173
568,174
569,175
569,176
569,177
569,178
569,180
568,181
567,181
565,181
564,181
563,181
562,180
end box21
607,145
608,145
609,145
610,144
611,145
611,145
612,146
612,149
612,150
611,151
610,152
609,152
608,152
607,151
607,150
end box22
448,154
449,154
451,154
452,154
453,155
454,156
454,157
454,158
454,159
454,161
453,162
452,163
450,163
449,163
448,162
447,161
end box23
447,149
448,148
449,147
450,147
451,147
452,148
453,149
454,150
454,151
454,152
454,153
454,155
453,156
452,157
450,157
449,157
448,156
447,155
end box24
819,186
820,185
822,184
824,183
826,182
828,183
830,184
831,185
832,187
833,192
832,197
831,199
821,200
819,198
818,195
end box25
606,177
606,175
607,174
608,173
609,172
611,172
612,171
614,172
616,172
617,173
618,175
619,177
619,178
619,181
618,183
617,184
615,185
612,185
610,185
608,185
607,184
606,182
606,180
606,178
end box26
461,145
464,145
465,145
466,146
467,147
467,148
467,149
467,150
467,152
466,153
465,153
463,154
462,153
461,153
end box27
511,159
512,158
514,158
515,159
516,159
516,160
517,165
516,166
515,166
513,167
512,166
511,166
end box28
end total29boxes
