467,192
468,186
472,180
477,178
483,178
499,178
506,178
509,181
513,188
516,192
516,199
516,206
514,212
507,214
500,214
494,212
489,213
483,214
475,215
470,213
468,206
468,199
end box0
-21,274
-7,241
17,213
45,199
78,203
108,211
131,213
158,208
186,208
211,222
239,247
256,277
264,317
262,353
239,385
213,400
166,385
78,377
30,396
0,387
-19,351
-25,316
end box1
589,176
589,175
591,173
592,172
594,171
602,171
604,172
605,174
606,176
606,179
606,182
605,184
603,185
593,185
590,185
589,184
588,181
588,179
end box2
585,176
587,173
589,170
592,168
595,168
606,168
609,170
612,172
614,176
615,180
614,184
612,188
608,189
594,188
590,188
586,187
585,183
584,179
end box3
298,213
298,211
299,208
299,203
301,198
306,192
311,188
316,192
319,199
320,205
320,209
321,213
320,216
320,220
319,224
319,231
318,240
312,242
303,242
298,240
297,229
298,222
298,219
298,216
end box4
835,195
835,192
835,189
835,183
836,173
842,159
849,155
855,166
857,179
857,187
857,191
857,195
856,198
856,202
856,206
857,215
857,231
851,238
839,237
834,225
836,209
836,203
835,200
end box5
647,186
647,183
647,180
649,177
652,175
654,178
656,181
656,184
656,186
656,188
656,189
655,191
655,192
655,195
655,201
653,203
649,202
647,197
647,193
647,191
end box6
511,157
512,156
516,156
517,157
518,158
518,159
518,160
518,161
518,163
517,164
516,165
514,165
513,165
512,164
511,163
end box7
629,158
632,158
633,158
634,159
635,160
635,161
635,162
635,163
635,165
634,166
632,166
631,166
630,166
629,166
628,165
628,164
end box8
end total9boxes
