475,193
475,186
479,181
486,179
492,179
502,180
507,180
513,180
517,183
522,188
526,193
528,201
528,209
523,214
515,215
508,215
502,213
497,213
482,210
478,205
476,200
end box0
454,208
454,201
456,193
461,190
470,191
476,190
481,190
487,191
493,192
498,196
501,203
505,208
506,216
507,224
505,232
498,235
489,235
482,233
469,232
462,232
457,228
455,221
455,214
end box1
549,191
553,185
562,180
569,178
575,178
597,177
605,179
613,184
619,191
620,201
618,209
607,214
566,216
557,215
548,209
547,201
end box2
484,191
485,187
487,184
490,182
494,182
504,182
508,183
511,185
514,188
516,191
517,196
517,201
514,205
511,207
505,207
501,206
486,199
485,195
end box3
478,180
483,176
489,175
515,177
522,180
525,186
521,190
480,190
477,186
end box4
500,140
506,137
551,137
560,140
561,150
557,154
502,154
498,150
end box5
634,158
635,156
643,155
645,156
645,159
645,173
643,176
634,175
633,172
end box6
581,164
582,165
583,166
583,167
583,169
583,171
582,172
581,173
579,173
578,173
577,172
576,171
end box7
597,160
598,160
600,160
601,160
602,161
603,167
602,168
601,169
599,169
598,169
597,168
end box8
end total9boxes
