581,192
582,186
586,178
591,174
598,174
604,173
610,173
617,173
625,174
629,178
633,186
635,191
635,200
635,208
633,216
628,219
618,218
611,216
604,217
596,219
586,221
582,216
581,207
582,199
end box0
254,180
255,176
258,172
261,171
265,172
274,172
277,172
280,174
284,176
286,179
288,184
288,189
284,192
279,193
275,193
271,193
268,192
265,192
258,190
255,188
254,184
end box1
177,181
183,175
189,172
195,172
199,171
209,172
214,171
220,172
228,175
234,181
238,189
235,195
225,197
216,198
198,198
193,198
184,198
175,195
174,188
end box2
622,175
622,173
623,171
624,170
626,169
628,168
630,168
631,168
633,169
635,170
636,172
637,174
637,177
637,179
637,182
635,184
632,184
630,184
627,184
625,183
623,182
622,181
622,178
621,176
end box3
291,177
292,174
295,171
297,169
300,169
303,169
309,169
312,168
315,170
318,173
320,177
321,181
321,185
319,189
314,190
310,190
306,189
303,190
299,190
296,189
292,188
291,184
291,180
end box4
275,180
275,178
276,176
278,174
280,174
287,174
289,175
291,176
292,178
293,180
294,183
294,186
293,189
291,191
288,190
285,190
282,190
280,190
277,189
276,187
275,185
275,183
end box5
242,181
243,177
245,173
249,172
265,172
269,174
273,176
275,180
276,185
276,191
273,194
268,195
263,195
249,193
244,193
242,189
242,185
end box6
295,179
295,177
296,176
297,174
299,173
301,173
304,173
306,173
308,173
310,174
312,177
312,179
313,182
313,185
312,188
310,189
307,190
304,189
301,189
298,190
296,189
294,187
294,184
294,182
end box7
641,172
641,172
642,171
643,171
644,171
645,171
646,172
646,173
647,174
647,175
647,176
647,178
646,179
644,179
643,179
642,179
641,179
640,178
639,177
end box8
445,174
446,173
446,173
447,172
447,172
451,172
451,172
452,173
453,174
453,175
453,176
453,178
451,178
450,178
449,178
448,178
447,178
446,178
446,177
446,176
445,175
end box9
628,171
629,171
630,170
631,170
632,170
634,171
634,171
635,173
636,174
636,175
635,177
636,179
634,180
633,180
631,181
630,180
628,179
627,178
end box10
464,172
464,172
465,171
467,171
468,171
469,172
469,173
470,174
470,175
470,176
470,178
469,179
467,179
466,179
465,179
464,179
463,178
462,177
end box11
311,181
311,179
312,177
313,176
315,175
317,174
319,174
320,174
322,175
324,176
325,178
326,180
326,183
326,185
325,188
323,189
321,190
319,190
316,190
314,190
312,188
311,187
311,184
311,182
end box12
692,175
692,175
693,174
694,173
695,174
696,174
696,175
697,176
697,177
697,178
697,179
697,180
696,181
696,183
694,183
693,183
692,181
691,180
691,180
end box13
594,162
594,162
595,161
596,161
597,161
598,162
598,162
599,163
599,164
599,165
599,166
599,168
599,169
598,169
596,170
595,169
594,168
593,167
end box14
705,174
705,173
706,172
707,172
708,172
709,173
710,174
710,175
710,176
710,177
710,178
710,179
709,180
709,182
707,183
706,182
705,181
704,179
704,178
end box15
1199,246
1200,245
1200,245
1201,244
1202,245
1202,245
1203,246
1203,246
1204,247
1204,248
1204,249
1204,250
1203,251
1202,251
1201,252
1200,251
1199,251
1199,250
1198,249
end box16
677,176
678,175
678,175
679,174
680,174
680,175
681,176
682,176
682,177
682,178
682,179
682,180
681,181
680,182
679,182
678,182
677,181
677,180
676,179
end box17
608,160
609,160
609,160
610,159
611,159
611,160
612,160
613,161
613,162
613,163
613,164
613,165
612,166
611,167
610,167
609,167
608,166
608,165
end box18
662,158
666,158
667,158
667,159
668,160
668,161
668,162
668,164
667,165
666,165
664,166
663,165
662,164
end box19
397,169
398,169
399,168
400,168
401,169
402,170
402,177
401,178
399,178
398,178
397,177
end box20
724,160
728,159
729,160
730,161
730,166
729,167
728,167
726,168
725,167
724,167
723,166
end box21
710,159
711,159
711,160
712,165
711,166
710,166
708,167
707,166
706,166
end box22
664,109
665,109
667,109
668,109
669,110
670,116
669,117
668,118
666,118
665,118
664,117
end box23
end total24boxes
