661,180
661,179
662,177
663,177
664,178
665,179
666,180
666,181
666,182
666,183
666,184
666,185
666,187
665,189
664,190
662,189
661,187
661,185
end box0
754,189
753,187
753,185
754,183
755,179
757,174
761,171
763,176
765,181
765,184
766,187
765,189
765,190
765,192
764,194
764,198
764,205
761,209
756,208
755,200
754,195
754,193
754,191
753,190
end box1
770,189
770,188
770,185
771,182
773,176
776,174
779,178
781,183
781,186
781,189
781,191
781,192
780,194
780,196
780,199
780,206
777,211
773,209
771,201
771,196
771,195
770,193
770,192
end box2
742,191
741,189
742,188
742,185
743,181
745,176
749,173
752,177
753,183
753,186
753,189
753,191
753,192
752,194
752,196
752,199
752,207
749,211
745,209
743,201
743,196
742,195
742,193
742,192
end box3
673,180
673,179
674,178
675,178
676,178
677,179
677,180
678,181
678,182
678,183
678,184
678,185
677,186
677,188
675,189
674,188
673,186
673,185
end box4
659,182
659,180
660,179
662,176
664,175
666,177
667,179
668,181
668,182
668,184
668,185
668,187
667,188
667,191
666,194
664,195
661,194
660,192
659,189
659,187
659,186
659,185
end box5
661,186
662,184
663,183
664,182
666,183
667,184
667,186
667,187
667,188
667,189
667,190
667,191
667,193
666,195
665,196
663,195
662,193
661,191
end box6
586,191
586,189
586,186
586,181
588,176
592,168
598,164
602,171
604,179
605,184
605,188
606,191
605,194
605,197
604,200
605,207
604,216
599,220
591,220
586,216
586,204
587,198
586,196
586,194
end box7
678,157
679,156
681,156
683,156
684,157
684,159
684,164
684,166
682,167
680,167
679,167
677,166
end box8
541,144
541,143
542,141
543,139
545,138
547,137
550,136
552,137
555,138
557,139
558,142
559,144
558,147
558,150
558,153
556,155
553,156
550,157
547,156
545,155
542,153
541,151
541,149
541,147
end box9
694,177
695,176
696,176
697,176
698,177
698,177
699,178
699,179
699,180
699,181
699,182
698,183
697,184
696,185
695,184
694,183
694,182
end box10
647,159
648,159
648,160
649,161
649,162
649,163
649,165
648,166
646,166
645,166
644,166
643,165
642,165
end box11
678,157
679,156
681,156
683,156
684,157
684,159
684,164
684,166
682,167
680,167
679,167
677,166
end box12
707,160
708,159
709,159
710,159
711,159
712,160
712,161
712,165
712,167
711,167
709,168
708,167
707,167
end box13
end total14boxes
