153,219
173,208
185,200
196,196
206,195
214,195
223,194
232,194
243,193
258,196
279,202
291,217
290,235
284,248
262,253
241,253
231,254
223,255
215,253
207,252
196,252
174,254
153,248
149,236
end box0
474,176
475,174
476,173
478,171
486,171
488,172
489,173
491,175
491,178
491,181
490,183
487,183
478,183
476,183
474,182
474,180
474,178
end box1
580,146
581,146
584,145
585,146
587,146
587,148
587,152
587,153
586,155
585,155
583,155
582,155
580,154
580,153
end box2
581,171
587,171
588,171
589,172
589,174
589,177
589,179
588,180
586,180
583,180
581,180
580,179
580,178
end box3
591,160
592,159
593,159
594,159
595,160
595,160
596,161
596,162
596,164
596,165
595,166
594,167
593,167
592,167
591,166
590,165
end box4
625,141
630,141
631,141
632,143
633,144
633,145
633,147
633,148
631,150
630,150
628,150
627,150
625,149
624,148
624,147
end box5
end total6boxes
