323,224
329,212
336,198
346,191
360,190
373,190
384,189
396,190
410,191
423,197
434,209
439,222
437,239
436,257
429,267
410,270
396,270
384,271
373,269
364,266
350,265
329,266
323,255
322,240
end box0
511,192
513,189
516,186
519,183
522,183
533,182
537,182
540,185
544,189
546,192
546,197
546,202
544,208
540,208
521,207
516,208
512,207
511,202
511,197
end box1
576,194
577,190
581,184
585,181
590,180
595,179
600,179
605,180
612,180
615,183
618,190
620,194
620,201
620,207
619,215
615,217
606,214
588,217
578,220
576,215
576,207
577,200
end box2
555,181
556,179
558,177
559,176
562,176
570,176
573,176
575,178
576,181
577,184
577,188
575,191
572,191
561,191
558,191
555,190
555,187
554,184
end box3
186,194
194,188
204,186
236,186
247,187
257,194
261,204
256,210
240,211
199,211
184,210
181,204
end box4
6,191
17,181
29,176
39,175
47,175
59,175
65,176
72,176
81,178
94,183
106,192
110,205
105,213
89,219
75,218
36,221
25,219
9,213
5,205
end box5
586,191
587,189
590,185
592,182
595,182
606,182
610,182
612,184
616,188
617,191
617,196
617,200
616,206
612,207
594,206
589,207
587,205
585,200
585,196
end box6
573,181
573,179
575,178
576,177
577,176
579,175
582,175
584,176
586,177
587,178
588,180
588,183
588,185
587,187
585,188
583,189
581,189
579,189
577,188
575,188
573,186
573,184
573,182
end box7
561,177
566,177
568,177
569,178
569,180
570,181
569,183
569,185
568,186
566,186
563,186
561,186
560,185
559,184
end box8
124,193
132,188
139,185
172,184
181,187
189,193
191,202
187,208
176,211
157,211
154,211
135,211
124,208
122,202
end box9
578,178
578,178
579,177
580,177
581,177
582,178
583,178
583,179
584,180
584,181
584,182
584,184
583,185
581,185
580,186
579,185
578,184
577,184
end box10
1057,154
1057,152
1059,150
1060,148
1063,146
1065,145
1068,145
1071,145
1073,147
1076,148
1078,151
1079,154
1079,157
1078,160
1077,163
1074,165
1071,167
1068,168
1065,168
1062,166
1060,164
1058,162
1056,160
1057,157
end box11
725,160
728,159
729,160
731,160
731,162
732,163
732,166
732,168
731,169
729,169
727,170
726,169
724,169
724,167
end box12
1194,142
1196,140
1198,139
1208,139
1210,141
1211,144
1210,155
1209,157
1203,157
1198,157
1195,156
end box13
656,189
657,188
658,188
659,188
660,189
660,189
660,192
660,194
660,195
659,196
658,197
657,196
656,195
end box14
627,160
628,161
628,162
629,163
629,164
629,165
629,167
628,168
627,168
625,168
624,168
623,168
622,167
end box15
512,142
516,142
517,143
518,144
518,145
518,147
518,149
517,150
516,150
514,151
513,151
512,150
end box16
498,163
499,163
499,164
500,165
499,167
499,168
499,169
497,170
496,170
495,170
494,169
end box17
841,9
842,1
848,-3
896,-3
903,0
904,8
903,18
902,26
895,30
849,30
843,26
843,17
end box18
500,173
501,174
502,175
502,176
502,178
502,180
501,181
500,182
498,182
497,182
496,181
495,180
end box19
540,187
541,186
542,186
543,186
544,186
546,186
547,187
547,189
548,195
547,196
545,197
543,197
542,196
540,196
end box20
573,187
574,187
575,186
576,186
577,186
579,186
580,187
580,189
580,191
580,193
580,194
579,196
578,196
576,197
575,197
573,196
573,194
end box21
1066,170
1073,170
1075,171
1075,173
1075,181
1074,182
1072,183
1065,183
1064,181
end box22
870,45
870,32
874,21
884,18
896,19
906,24
912,32
913,44
912,52
913,58
913,64
911,70
912,79
911,90
906,99
896,104
884,106
872,107
868,93
868,80
869,71
end box23
1099,153
1100,151
1102,150
1105,150
1107,151
1109,152
1110,154
1110,157
1110,159
1110,160
1110,162
1110,165
1109,167
1107,169
1105,171
1102,170
1100,169
1099,166
end box24
476,144
477,143
478,143
479,143
480,144
481,145
481,152
480,154
478,154
477,154
476,152
end box25
end total26boxes
