605,203
605,198
608,191
613,188
619,187
625,187
636,188
642,188
646,192
649,198
652,203
652,210
652,217
650,223
643,225
636,225
630,224
625,224
619,225
613,225
607,222
606,216
606,210
end box0
750,217
757,203
768,194
781,190
793,188
804,188
813,188
823,189
836,190
849,194
860,203
866,217
868,233
866,248
856,256
835,256
823,256
813,257
803,258
792,260
779,259
758,259
749,249
748,233
end box1
674,144
682,143
684,144
685,146
684,147
684,149
684,151
682,153
680,153
677,153
675,153
674,152
673,150
end box2
923,140
924,140
925,139
926,139
927,139
929,140
929,140
930,142
930,143
930,144
930,145
930,147
929,149
928,149
926,150
925,149
923,149
923,147
end box3
671,144
672,142
673,141
683,140
685,141
686,143
686,150
686,153
684,155
681,155
679,155
674,155
672,153
671,152
end box4
739,202
741,201
743,200
746,199
748,199
751,200
753,202
754,216
752,218
749,219
746,219
743,219
740,218
738,217
737,214
end box5
end total6boxes
