624,179
625,178
630,178
631,179
632,179
633,181
633,182
633,184
633,186
632,186
630,186
627,186
625,186
624,186
623,185
end box0
620,183
620,181
621,180
623,178
624,178
631,178
633,179
634,180
635,182
636,185
636,187
635,190
632,190
629,190
623,190
621,190
620,189
619,187
619,184
end box1
573,180
574,179
574,178
575,177
580,177
582,177
583,178
584,180
584,181
584,183
584,186
582,186
580,186
575,186
574,185
573,184
573,182
573,181
end box2
559,177
564,177
565,178
566,179
567,180
567,181
567,183
567,185
565,185
564,186
562,186
561,186
559,185
558,185
558,184
end box3
136,210
148,201
157,195
165,191
173,190
187,189
194,190
203,190
213,193
225,198
234,209
234,222
230,232
218,239
163,239
149,238
136,232
133,223
end box4
642,176
646,176
647,176
647,177
648,178
648,179
648,180
648,182
647,183
645,183
644,183
643,183
642,182
641,182
640,181
end box5
656,179
658,177
662,177
663,177
663,178
664,179
664,180
664,181
664,183
663,184
661,184
660,184
659,184
658,184
657,183
656,182
656,181
656,180
end box6
570,179
571,177
573,176
574,175
583,175
585,175
588,177
589,179
590,182
590,185
589,188
585,188
575,188
572,189
570,188
569,185
569,182
end box7
498,192
501,188
505,186
520,187
523,187
528,189
532,192
535,196
533,201
527,203
522,203
499,199
497,196
end box8
592,178
592,178
596,178
597,178
597,179
598,180
598,181
598,182
598,184
597,184
595,185
594,185
593,185
592,184
591,184
591,183
end box9
603,180
603,179
605,177
606,176
608,175
616,175
618,176
619,178
620,180
620,183
620,186
619,188
617,189
607,190
604,190
603,188
602,185
603,183
end box10
554,181
554,179
556,177
557,176
559,175
566,176
568,176
570,178
571,180
571,183
571,186
570,188
568,189
565,189
558,189
556,189
554,187
554,185
554,183
end box11
597,179
599,176
601,174
602,171
605,171
617,171
619,173
621,176
623,179
623,182
623,186
622,190
619,192
614,191
604,192
600,192
598,190
597,186
597,182
end box12
645,164
646,164
646,164
646,168
646,169
645,169
644,169
643,169
642,168
end box13
641,127
642,127
643,127
644,127
645,127
646,128
646,135
645,135
643,136
642,135
641,135
end box14
674,189
675,188
676,187
677,187
678,187
679,188
680,189
681,190
681,191
681,192
681,193
681,195
680,196
679,197
677,197
676,197
675,196
674,195
673,194
end box15
679,128
680,128
681,127
682,127
683,128
684,129
685,130
685,135
684,136
683,137
681,138
680,137
679,136
678,135
end box16
678,179
679,179
679,180
680,181
680,182
680,183
680,185
679,186
677,186
676,186
675,186
674,186
673,185
673,184
end box17
560,155
560,155
562,155
562,155
563,156
564,160
563,161
562,161
561,162
560,161
559,161
end box18
641,127
642,127
643,127
644,127
645,127
646,128
646,135
645,135
643,136
642,135
641,135
end box19
477,116
478,116
480,116
481,116
482,124
481,125
479,125
478,125
477,124
end box20
548,144
548,144
549,144
550,144
550,144
551,145
551,150
550,150
549,150
548,150
547,150
end box21
645,164
646,164
646,164
646,168
646,169
645,169
644,169
643,169
642,168
end box22
end total23boxes
