527,186
528,183
531,180
534,177
537,177
548,177
552,177
554,179
558,183
560,186
560,191
560,196
559,202
554,202
548,201
536,201
531,202
528,201
527,195
527,191
end box0
438,194
447,187
456,179
461,173
469,172
478,173
485,172
494,172
503,172
511,176
522,185
527,193
528,206
526,219
519,227
506,228
494,226
485,225
478,225
468,227
455,230
443,229
437,219
437,207
end box1
745,164
748,161
751,158
754,157
757,158
767,157
770,158
774,160
777,164
779,168
779,173
775,176
769,176
765,175
756,175
753,175
747,175
744,172
744,168
end box2
208,190
213,184
219,181
225,181
229,181
244,181
249,182
254,185
261,190
265,197
264,203
254,206
245,206
229,206
224,206
216,205
207,203
206,197
end box3
585,189
587,186
590,183
593,180
596,179
600,179
603,179
607,179
611,180
613,182
617,186
620,189
621,194
621,200
619,205
614,206
608,204
595,206
590,205
586,204
584,199
584,194
end box4
973,160
977,156
981,154
984,154
997,154
1000,154
1005,156
1010,160
1013,165
1011,169
1005,172
999,172
983,171
977,171
972,169
970,164
end box5
1051,161
1053,157
1056,155
1059,153
1062,153
1075,152
1079,153
1082,156
1084,160
1085,165
1084,170
1080,173
1075,173
1071,174
1068,174
1065,175
1061,175
1057,174
1052,173
1049,170
1049,165
end box6
520,187
520,185
521,184
522,182
524,181
534,181
536,182
537,185
538,187
538,190
537,193
537,196
534,197
531,197
529,197
526,197
523,198
521,197
519,195
519,192
519,190
end box7
827,158
830,155
834,153
837,152
840,152
850,152
853,152
858,154
862,158
865,163
863,167
858,170
852,170
848,169
839,170
835,169
830,169
825,167
825,162
end box8
560,175
560,175
561,174
562,174
563,174
564,175
564,175
565,176
565,177
565,178
565,179
565,181
564,181
563,182
562,182
561,182
560,181
559,180
end box9
1017,161
1020,157
1024,155
1028,154
1042,153
1046,154
1050,156
1054,160
1056,166
1054,170
1049,173
1043,174
1039,174
1036,173
1033,174
1029,174
1026,173
1020,173
1016,170
1015,165
end box10
539,181
539,179
541,178
542,177
544,177
551,176
553,177
555,179
556,181
557,184
557,187
556,190
553,190
550,190
543,190
541,190
539,189
538,186
538,184
end box11
509,180
509,178
509,176
511,175
513,174
515,173
517,173
518,173
520,174
522,175
523,177
525,179
525,182
525,184
524,187
522,188
519,190
517,189
514,189
512,188
511,187
509,186
508,181
end box12
-32,260
-20,230
-3,207
29,200
57,202
79,210
97,219
114,221
134,222
160,226
182,242
201,266
212,299
205,323
179,341
149,350
124,350
end box13
751,165
751,163
753,162
755,160
757,160
764,160
767,161
769,163
770,165
771,168
771,171
769,174
766,175
763,174
758,174
756,174
753,175
751,173
750,171
749,168
end box14
254,188
256,185
259,182
262,182
274,182
277,183
281,185
285,188
287,192
286,197
282,199
277,199
273,199
262,198
257,198
254,196
253,192
end box15
735,165
736,163
737,162
737,160
739,159
741,158
743,158
744,159
746,160
748,161
749,163
749,164
750,167
749,169
749,171
747,173
745,174
743,174
740,174
738,173
736,172
735,170
735,168
735,166
end box16
525,174
525,174
526,173
527,173
528,173
529,174
530,174
530,175
531,176
531,177
531,178
531,180
530,180
528,181
527,181
526,181
525,181
524,180
end box17
272,183
273,180
276,177
279,176
282,176
289,176
292,176
295,177
298,179
301,183
302,187
302,191
299,194
294,195
290,195
281,194
278,194
274,193
272,190
271,187
end box18
520,180
520,178
521,177
523,175
524,175
526,174
527,174
529,174
531,175
533,176
534,177
535,179
535,182
534,184
534,186
532,187
530,188
527,188
525,188
523,188
522,187
520,185
520,183
520,181
end box19
579,173
580,172
583,173
584,173
584,174
585,175
585,176
585,177
585,179
584,180
582,180
581,180
580,180
579,180
578,179
end box20
536,187
536,185
538,182
539,180
542,180
549,180
552,180
555,181
556,184
558,187
558,190
558,194
557,198
554,199
550,198
541,199
538,198
536,197
535,193
535,190
end box21
607,175
607,173
608,171
609,170
611,169
613,168
615,168
616,169
618,170
620,171
621,173
622,174
622,177
622,179
622,182
620,183
617,184
615,184
612,183
610,183
609,182
607,180
607,178
606,176
end box22
494,193
494,191
494,188
494,183
496,177
501,168
506,163
511,171
513,180
513,186
514,190
514,193
514,196
513,199
512,202
513,209
513,222
508,226
499,223
496,214
496,203
497,199
496,197
495,196
end box23
643,161
643,161
644,160
645,160
646,160
647,160
647,161
648,162
648,163
648,164
648,165
648,166
647,167
647,169
645,169
644,169
643,167
643,166
end box24
674,162
674,161
675,160
676,160
677,160
678,161
678,162
679,163
679,164
679,165
679,166
679,167
679,169
678,170
676,171
675,171
674,169
674,167
end box25
693,201
695,200
696,200
698,200
699,201
700,203
701,204
701,207
701,209
701,211
700,212
698,214
696,214
694,214
693,213
692,211
691,210
end box26
694,191
696,190
702,189
703,190
704,192
704,203
702,204
695,204
694,202
end box27
561,159
561,159
562,159
563,159
563,159
564,159
564,160
565,161
565,162
565,163
565,164
564,165
563,166
562,166
561,166
560,165
end box28
645,146
646,146
646,147
647,148
647,149
647,150
647,152
646,153
645,153
643,153
642,153
641,153
end box29
503,194
506,189
511,188
514,192
516,198
516,220
516,229
512,230
506,230
503,224
end box30
561,148
565,148
566,148
566,149
567,150
567,151
567,152
567,154
566,155
564,155
563,155
562,155
561,155
560,154
end box31
635,145
636,146
637,148
637,151
636,153
635,154
628,154
627,153
626,152
end box32
26,123
28,119
32,117
35,119
35,150
32,151
27,150
26,144
end box33
499,161
500,161
501,161
502,161
503,161
504,162
505,163
505,164
505,165
505,166
505,168
504,169
503,170
501,170
500,170
499,169
498,168
end box34
547,159
547,159
548,159
549,159
549,159
550,160
550,160
551,161
551,162
551,163
551,164
550,165
549,165
548,165
547,165
546,165
end box35
end total36boxes
