445,216
474,198
499,191
517,187
529,185
540,185
551,184
561,187
575,187
594,190
620,197
646,216
648,240
635,253
600,261
578,262
510,264
484,266
448,256
440,243
end box0
440,197
442,194
445,191
447,189
450,189
462,189
465,190
469,193
471,196
471,201
471,206
469,209
464,210
449,210
445,210
441,209
439,205
440,201
end box1
489,183
489,181
491,179
492,178
494,178
501,178
503,178
505,180
506,182
506,185
506,188
505,190
503,191
500,191
493,191
491,190
489,189
489,187
489,185
end box2
475,192
474,189
475,188
477,186
479,186
481,185
485,185
487,186
489,187
490,189
491,191
491,194
491,196
490,199
488,201
485,202
483,201
480,201
478,200
476,200
475,198
474,193
end box3
489,189
488,187
490,185
491,184
493,183
498,183
501,183
503,184
504,186
504,188
504,191
504,193
504,196
502,197
499,198
492,197
490,197
489,195
488,193
488,190
end box4
593,156
597,156
599,156
599,163
598,165
597,165
594,165
592,165
592,163
end box5
22,155
22,152
24,148
26,146
30,145
33,145
36,145
39,145
43,146
46,148
48,151
49,155
49,158
49,162
47,166
44,168
40,169
36,169
33,169
29,169
26,168
23,165
22,162
22,158
end box6
429,109
430,108
431,108
432,108
433,109
434,110
434,117
433,118
431,119
430,118
429,118
end box7
end total8boxes
