688,192
692,182
702,171
712,165
724,165
735,165
744,165
754,166
766,167
775,172
784,183
790,192
791,207
792,223
787,235
771,236
755,233
744,232
734,234
722,237
706,238
692,236
687,223
688,208
end box0
907,243
930,208
962,181
993,165
1025,161
1053,159
1081,159
1111,159
1145,164
1182,174
1212,202
1230,240
1235,286
1222,322
1189,350
1149,356
1053,351
1022,356
984,359
944,347
909,324
899,289
end box1
553,193
556,187
559,182
565,180
570,180
574,181
578,181
583,181
588,181
594,182
598,187
601,192
603,199
602,207
598,211
591,213
584,213
579,212
574,212
569,213
562,213
555,211
552,206
553,199
end box2
1198,108
1199,107
1201,107
1202,108
1203,108
1204,110
1205,111
1205,112
1205,114
1204,115
1203,116
1202,117
1200,117
1199,117
1197,116
1197,115
1196,114
end box3
593,191
594,190
595,189
596,189
598,189
598,191
599,192
600,193
600,194
600,195
600,196
600,198
599,199
598,201
597,202
595,201
594,200
end box4
1184,122
1185,122
1188,122
1189,122
1190,123
1190,132
1188,133
1186,133
1185,133
1183,132
end box5
1202,123
1203,124
1204,125
1205,127
1204,128
1204,130
1204,132
1203,133
1201,134
1198,134
1196,133
1195,132
end box6
1032,136
1037,136
1038,137
1039,144
1038,146
1036,147
1033,147
1031,146
end box7
1184,122
1185,122
1188,122
1189,122
1190,123
1190,132
1188,133
1186,133
1185,133
1183,132
end box8
end total9boxes
