697,181
698,178
700,174
702,171
705,171
709,171
712,170
716,171
720,170
722,173
724,177
726,180
725,184
726,189
725,195
722,197
716,195
704,196
700,196
698,193
697,188
697,184
end box0
252,193
266,185
275,180
283,177
290,177
296,177
301,177
307,177
314,177
323,179
336,183
347,193
351,206
348,216
333,221
317,220
308,218
302,219
296,219
290,218
281,219
266,219
251,215
248,206
end box1
637,174
638,172
639,171
641,170
642,169
649,169
651,170
652,171
653,173
654,176
654,178
653,181
650,181
642,181
639,181
637,180
637,178
637,176
end box2
640,174
640,173
641,172
641,172
642,171
646,171
647,172
648,173
649,174
649,175
649,177
648,178
647,179
645,179
644,179
643,179
642,179
640,179
640,178
640,176
640,175
end box3
607,175
608,174
608,174
609,173
609,173
613,173
614,173
614,174
615,175
615,176
615,177
615,179
614,179
612,180
611,180
610,180
609,179
608,179
607,178
607,177
end box4
628,172
628,172
632,172
633,172
634,173
634,174
634,175
634,176
634,178
633,179
631,179
630,179
629,179
628,179
627,178
626,177
end box5
603,176
604,174
605,173
606,172
607,172
613,172
615,172
616,174
617,176
618,178
618,180
617,182
615,183
612,183
607,183
605,182
603,181
603,179
603,177
end box6
726,163
730,163
731,163
731,164
732,165
732,166
732,167
732,169
731,170
729,170
728,170
727,170
726,169
725,169
725,168
end box7
726,174
726,174
727,173
728,173
729,173
730,174
731,174
731,175
732,176
732,177
732,178
732,180
731,181
729,181
728,181
727,181
726,180
725,180
end box8
670,174
671,172
673,171
674,170
683,170
685,170
687,172
689,174
690,177
689,180
688,183
685,183
675,182
673,183
670,182
669,179
669,177
end box9
693,162
696,162
697,162
698,163
698,164
699,165
698,166
698,168
697,168
696,169
695,169
694,168
693,168
692,167
end box10
689,171
690,171
691,170
692,170
693,170
695,171
696,171
696,172
697,174
697,175
697,177
697,179
695,180
694,180
692,181
691,180
689,180
688,179
end box11
707,162
711,162
712,162
712,163
713,164
713,165
713,166
713,168
712,169
710,169
709,169
708,169
707,169
706,168
end box12
656,175
656,173
657,172
658,171
659,170
661,170
662,169
664,170
666,170
667,171
668,173
668,175
669,176
668,178
668,180
666,182
664,182
662,182
661,182
659,182
657,181
656,180
656,178
656,176
end box13
663,176
666,173
669,171
672,170
685,170
688,171
692,172
696,175
697,180
696,184
691,187
687,187
671,186
667,186
663,184
662,180
end box14
1001,105
1001,101
1003,97
1010,92
1014,91
1018,90
1022,91
1026,93
1029,96
1031,100
1033,104
1033,109
1033,114
1032,120
1029,123
1023,124
1018,124
1014,124
1003,122
1001,118
1000,113
1000,108
end box15
741,160
741,160
742,159
744,159
745,160
746,160
746,161
747,162
747,163
747,164
747,166
746,167
744,167
743,167
742,167
741,166
740,165
end box16
661,159
662,158
663,159
664,159
665,159
665,159
666,160
666,161
666,162
666,163
666,164
665,165
664,166
663,166
662,166
661,165
660,164
end box17
463,156
464,156
466,156
467,156
468,157
468,158
469,159
469,160
469,161
469,163
468,164
467,165
465,165
464,165
463,164
end box18
577,146
581,145
582,146
582,147
583,148
583,149
583,150
583,152
582,153
581,153
579,154
578,153
577,153
576,152
end box19
493,171
494,170
495,169
497,170
498,171
499,172
498,181
497,182
496,184
494,183
492,181
end box20
575,172
576,171
577,171
578,171
579,172
579,172
580,173
580,175
580,176
580,177
579,178
578,179
577,180
576,179
575,178
574,177
end box21
769,118
771,116
793,117
794,139
792,141
771,140
end box22
758,158
759,158
760,158
761,158
762,158
763,159
763,160
764,161
763,163
764,165
763,166
762,166
760,167
759,166
758,165
757,164
end box23
788,162
789,161
790,161
791,161
792,162
793,163
794,164
794,165
794,167
794,169
793,170
792,171
790,172
789,172
788,170
787,169
end box24
576,162
576,162
577,162
578,162
578,162
579,163
579,163
580,164
580,165
580,166
580,167
579,168
578,169
577,169
576,169
575,168
575,167
end box25
756,140
760,140
761,141
762,142
762,143
762,145
762,147
761,148
760,148
758,149
757,148
756,148
755,147
end box26
562,162
562,162
563,162
564,162
564,162
565,163
565,163
566,164
566,165
566,166
566,167
565,168
564,169
563,169
562,168
561,168
end box27
761,173
762,172
763,172
764,172
765,173
766,174
766,175
766,180
766,181
765,182
763,183
762,182
761,181
end box28
771,173
772,172
773,172
775,172
776,173
776,175
776,180
776,182
775,184
774,185
772,184
771,182
end box29
693,111
694,111
696,111
697,111
697,111
698,112
698,116
697,117
696,118
695,118
694,118
693,117
end box30
654,103
655,103
658,103
659,103
659,113
658,113
655,113
654,113
end box31
693,111
694,111
696,111
697,111
697,111
698,112
698,116
697,117
696,118
695,118
694,118
693,117
end box32
647,108
648,107
649,107
650,107
651,107
651,108
651,114
650,115
649,115
648,115
647,114
end box33
755,130
756,130
758,129
759,130
760,131
760,137
760,138
759,139
757,139
756,139
755,138
end box34
end total35boxes
