490,178
490,176
491,175
493,173
495,173
503,173
505,174
506,176
507,178
508,181
508,184
507,187
504,188
494,188
491,188
489,186
489,183
489,181
end box0
647,171
648,169
650,167
652,167
664,166
667,168
668,171
669,181
668,185
666,186
651,187
648,186
646,184
end box1
737,182
737,180
739,178
740,177
742,177
749,177
751,177
753,179
754,181
755,184
755,187
753,189
751,190
748,190
741,190
739,190
737,188
736,186
736,184
end box2
722,183
722,181
723,180
725,178
726,178
728,177
729,177
731,177
733,178
735,179
736,181
737,182
737,185
737,187
736,189
734,190
732,191
729,191
727,191
725,191
723,190
722,189
722,186
721,184
end box3
1128,195
1129,192
1129,189
1131,187
1134,185
1137,184
1140,183
1144,184
1147,186
1149,188
1151,192
1151,195
1152,198
1151,202
1150,206
1148,209
1145,211
1141,212
1137,212
1133,210
1130,207
1128,205
1128,201
1128,198
end box4
145,191
146,190
148,188
149,187
154,186
156,186
158,187
160,188
162,191
163,193
163,196
163,199
162,202
160,204
157,205
154,205
151,204
148,204
146,202
145,200
145,196
end box5
600,185
601,183
602,181
604,179
606,178
611,177
616,178
619,179
620,182
622,185
622,188
622,192
620,195
617,196
614,197
611,197
608,197
605,197
602,196
600,194
599,191
599,188
end box6
364,0
367,-2
380,-3
390,-2
394,0
395,4
394,18
393,24
391,27
386,29
381,29
377,28
end box7
908,188
909,186
911,185
914,185
916,185
918,186
919,188
920,190
920,197
920,199
919,202
917,203
914,204
911,204
909,202
908,200
907,198
end box8
803,153
804,153
806,153
808,153
809,154
809,155
809,161
808,163
807,163
805,164
804,164
802,163
801,162
end box9
16,173
17,171
17,169
18,168
20,167
22,166
24,166
25,166
27,167
29,168
30,170
31,172
31,175
30,177
30,179
28,181
26,182
24,183
21,182
19,182
18,180
17,178
16,176
16,174
end box10
853,172
854,172
855,172
856,172
857,172
858,173
858,179
858,180
857,181
855,181
854,181
853,180
end box11
967,177
968,176
969,176
970,176
971,177
972,178
973,179
973,180
973,182
973,184
972,185
971,186
969,186
968,186
967,185
966,184
end box12
16,164
17,162
17,160
18,159
20,158
22,157
24,157
25,157
28,158
29,159
30,161
30,163
30,166
30,168
30,170
28,172
26,173
24,174
21,174
19,173
17,171
17,169
16,167
16,165
end box13
284,143
285,142
286,142
287,142
289,142
289,144
290,150
289,152
288,153
286,153
285,153
284,152
end box14
22,160
23,159
24,159
25,159
27,160
28,160
28,161
29,163
29,164
29,166
28,167
27,168
26,170
24,170
23,170
21,169
20,168
end box15
951,174
952,173
953,173
954,173
956,174
956,175
957,181
956,182
955,183
953,184
952,184
951,183
end box16
299,160
300,159
301,159
302,159
304,159
304,160
305,167
304,169
303,170
301,170
300,170
298,169
end box17
19,175
21,173
22,173
23,173
25,172
26,173
27,174
28,175
28,177
28,178
28,180
28,181
26,183
25,184
23,184
22,184
20,183
19,182
19,180
end box18
609,179
610,178
611,178
612,177
613,177
614,177
616,178
617,178
617,179
618,181
618,182
618,184
618,186
617,187
615,188
613,188
612,188
610,187
609,186
609,184
end box19
647,171
648,169
650,167
652,167
664,166
667,168
668,171
669,181
668,185
666,186
651,187
648,186
646,184
end box20
967,189
968,188
969,188
970,188
971,189
972,190
973,191
973,196
972,197
971,198
969,198
968,198
967,197
966,196
end box21
152,144
153,143
154,143
156,143
157,144
158,145
157,154
156,155
154,156
153,155
151,154
end box22
933,185
934,184
935,184
936,184
937,185
938,186
938,193
937,194
935,195
934,194
933,193
end box23
149,144
151,142
153,142
155,142
156,142
159,143
160,145
160,147
161,149
161,150
160,152
160,155
159,157
157,158
155,159
152,159
150,158
149,156
148,154
end box24
50,139
50,137
51,135
52,134
55,134
57,133
59,133
62,133
63,136
63,138
63,147
62,150
60,151
57,152
54,151
52,150
50,148
50,146
50,144
end box25
608,141
609,141
610,141
611,141
613,141
613,143
613,150
612,151
610,152
609,152
608,151
end box26
end total27boxes
