54,247
77,223
99,207
125,201
146,198
165,200
180,201
198,200
218,202
241,210
266,226
289,249
298,281
290,305
258,317
225,325
203,327
182,318
164,316
145,321
121,322
91,317
60,302
52,279
end box0
757,221
766,206
779,194
796,190
810,190
822,190
833,190
843,191
858,192
874,196
888,206
896,222
898,240
894,256
878,265
832,267
822,269
810,270
794,270
772,269
758,258
755,241
end box1
2,256
3,235
19,229
39,231
53,235
65,246
74,256
79,269
79,279
80,290
83,299
84,310
83,325
81,341
70,354
57,364
36,367
17,365
6,353
end box2
803,271
838,223
884,194
933,186
973,184
1005,187
1034,188
1065,187
1102,190
1151,196
1196,224
1230,270
1241,329
1224,369
1165,394
1110,398
975,388
930,395
873,391
813,369
795,330
end box3
725,122
741,119
755,121
742,151
end box4
732,96
733,91
777,91
779,95
780,110
776,114
735,113
731,109
end box5
532,175
533,174
534,174
536,175
537,175
537,176
538,183
537,185
536,186
535,187
533,186
531,185
end box6
547,162
549,162
549,164
550,165
550,168
550,169
548,171
547,171
544,171
542,171
542,169
end box7
641,174
642,173
645,172
646,173
647,174
648,175
648,180
647,182
646,182
643,182
641,182
641,180
end box8
730,103
734,99
781,99
787,103
787,112
785,118
733,117
730,112
end box9
496,160
497,159
498,159
499,159
500,160
500,160
501,161
502,162
501,163
501,164
501,165
501,167
499,167
498,167
497,167
496,166
end box10
0,145
1,143
1,141
2,140
4,139
6,138
7,138
9,138
12,139
13,140
14,142
14,144
14,146
14,149
14,151
12,153
10,154
8,154
5,154
3,154
1,152
0,150
0,148
0,146
end box11
543,175
544,174
545,174
547,174
548,175
549,176
549,178
549,183
549,185
547,186
546,187
544,187
542,185
end box12
659,173
660,173
661,173
662,172
663,173
664,174
664,175
665,180
664,181
663,182
661,182
660,182
659,181
658,180
end box13
528,160
529,160
530,160
531,159
532,160
533,161
534,162
534,163
534,165
534,167
533,168
532,169
530,169
529,169
528,168
end box14
19,304
19,295
20,284
22,267
29,254
41,253
56,263
68,268
75,276
76,288
77,297
79,305
79,312
79,321
79,331
78,347
71,360
58,362
41,367
24,375
19,355
18,335
16,324
18,313
end box15
511,157
512,157
513,157
514,156
515,157
515,157
516,158
516,162
515,163
514,164
513,164
512,164
511,163
end box16
end total17boxes
