-16,277
29,235
69,210
114,204
149,203
175,202
200,201
228,200
260,203
309,207
353,232
392,275
405,331
387,365
321,382
260,382
229,383
200,373
176,371
151,373
116,377
58,377
-10,364
-27,331
end box0
470,208
467,200
468,190
475,187
485,187
493,187
500,186
507,187
514,190
519,195
523,202
526,209
527,217
528,226
526,235
518,239
509,239
501,237
494,236
487,235
481,233
end box1
1043,220
1054,200
1070,181
1086,167
1105,164
1125,162
1145,157
1170,152
1198,152
1223,161
1231,187
1192,303
1122,303
1096,311
1068,313
1045,299
1036,275
1036,248
end box2
374,223
381,211
390,200
401,195
414,196
425,197
434,196
445,196
457,196
468,202
478,212
487,224
489,240
489,257
480,266
460,268
446,267
435,267
425,266
415,265
401,265
383,265
376,254
373,239
end box3
701,201
705,194
712,185
718,180
728,179
737,179
744,179
753,180
762,181
769,185
780,193
783,201
782,213
781,225
778,236
766,237
753,234
744,233
737,233
728,234
716,236
706,235
702,224
701,213
end box4
535,196
535,192
536,189
539,187
543,187
546,187
549,187
552,187
556,187
558,189
561,192
562,196
562,200
562,204
561,208
557,210
553,210
549,209
546,209
543,208
540,207
537,205
536,202
536,199
end box5
933,161
938,157
944,156
966,155
973,157
978,161
979,167
976,171
940,174
934,172
932,167
end box6
947,205
962,190
978,183
993,179
1004,177
1014,178
1023,177
1033,177
1048,175
1068,176
1084,185
1091,203
1089,222
1083,236
1003,248
987,250
967,249
947,239
945,225
end box7
927,169
931,164
938,160
944,159
948,158
967,157
974,158
980,162
983,169
984,177
981,183
973,186
966,186
952,188
948,188
942,188
933,187
926,184
926,177
end box8
433,177
435,174
438,171
442,170
457,170
461,171
465,173
468,177
469,182
468,187
464,190
459,191
441,190
436,190
433,186
432,182
end box9
750,177
750,170
754,164
761,163
783,164
788,164
794,166
799,171
802,177
804,185
804,192
798,197
790,199
784,199
778,199
773,198
753,190
751,184
end box10
518,193
518,189
519,185
522,183
527,183
530,183
533,183
536,183
540,183
543,186
545,189
546,193
547,197
547,201
546,206
543,208
538,208
533,207
end box11
875,161
878,158
882,155
885,155
898,155
901,156
906,157
910,160
912,165
911,170
906,173
900,173
884,172
879,172
874,169
873,165
end box12
510,180
513,177
517,175
537,176
542,177
546,180
548,185
547,190
541,192
511,189
510,185
end box13
541,197
541,194
542,192
543,191
545,190
547,189
550,189
552,190
554,191
555,192
556,194
557,196
558,199
558,201
557,204
555,206
553,207
550,207
547,206
545,205
543,204
541,198
end box14
913,176
913,174
915,172
916,171
919,171
927,171
930,171
932,173
933,176
933,179
933,182
932,185
928,186
918,186
914,186
912,185
912,182
911,179
end box15
923,172
925,169
929,166
932,165
935,164
946,164
950,165
955,167
957,171
957,176
955,180
952,183
946,184
934,185
930,184
924,184
922,180
921,176
end box16
967,130
968,130
971,129
973,130
974,130
974,132
974,137
973,139
972,139
970,140
969,139
967,139
966,138
end box17
830,141
832,141
833,142
833,144
833,147
833,148
831,150
830,150
828,150
827,150
826,149
end box18
804,144
805,143
807,143
808,144
809,145
810,151
809,152
808,153
806,153
805,153
804,152
end box19
510,158
514,158
515,159
516,165
515,166
514,167
512,167
511,167
510,166
end box20
499,162
500,161
502,161
504,161
505,162
506,169
505,171
503,172
501,172
500,172
498,171
end box21
971,139
971,139
972,140
972,144
971,145
970,146
968,146
967,145
966,144
end box22
500,169
504,169
505,169
506,170
507,171
507,178
506,179
504,180
501,179
499,179
498,178
end box23
833,113
834,112
835,110
837,110
840,109
842,110
844,110
846,112
847,114
847,116
847,119
847,121
846,124
845,126
843,127
840,127
837,127
835,126
833,125
832,122
end box24
825,155
826,154
827,155
828,154
829,155
830,156
830,157
830,161
830,163
829,164
827,164
826,164
825,163
end box25
end total26boxes
