488,198
488,194
490,191
493,189
497,189
506,189
509,190
511,192
515,194
516,198
517,202
517,206
515,210
511,211
507,212
503,210
500,210
497,210
495,208
491,207
489,201
end box0
367,212
365,203
369,195
378,193
388,194
401,195
407,195
414,196
419,200
424,206
429,213
431,222
431,231
426,237
415,238
408,239
401,239
395,238
389,237
383,235
375,233
372,228
370,220
end box1
232,235
244,221
256,211
269,205
281,204
293,205
303,203
313,205
326,206
339,210
352,221
365,235
366,252
363,268
347,275
326,278
314,279
303,280
292,280
283,277
270,276
245,277
233,268
229,253
end box2
421,207
420,201
423,194
428,192
435,192
441,192
446,192
451,193
456,195
460,198
464,203
468,207
469,214
470,222
467,228
461,231
453,231
447,230
441,229
436,228
431,227
426,224
end box3
462,202
461,198
463,193
465,190
470,190
475,190
478,190
483,190
486,192
488,196
491,199
492,202
493,207
494,212
493,218
490,220
484,221
479,219
471,218
467,217
464,214
end box4
497,196
497,192
499,189
502,188
505,188
508,188
511,188
514,188
517,188
519,190
522,193
523,196
524,200
524,204
523,208
519,209
515,209
511,208
508,208
505,208
502,207
499,205
498,202
498,199
end box5
783,169
811,158
829,154
841,153
876,153
889,153
912,156
937,169
942,189
930,198
899,203
879,199
838,200
818,202
786,198
777,189
end box6
452,196
453,192
455,188
459,186
464,186
475,186
479,187
482,189
486,192
489,196
490,201
490,207
487,212
482,213
476,213
453,201
end box7
508,194
509,191
510,189
512,189
514,188
517,188
519,189
520,190
522,192
523,194
524,195
524,198
524,200
524,203
522,205
520,206
517,206
514,205
512,204
510,203
end box8
522,193
522,191
523,189
524,187
526,187
527,186
530,185
532,186
533,187
535,188
536,190
537,192
537,195
537,197
537,200
535,201
532,202
530,203
527,202
525,202
523,200
522,198
522,196
522,194
end box9
538,191
538,189
540,187
541,186
543,185
545,185
548,185
550,185
552,186
554,188
555,190
555,193
555,195
554,198
551,199
549,199
547,199
544,199
542,199
540,199
538,197
538,195
538,193
end box10
533,191
534,188
537,186
539,185
542,185
549,185
552,184
555,186
558,188
560,191
561,195
561,199
558,202
553,202
550,202
547,201
544,202
541,202
538,202
534,201
532,198
531,195
end box11
664,180
666,177
669,174
671,172
674,172
683,172
687,171
690,173
693,176
695,179
695,184
694,188
692,191
687,193
673,193
669,193
665,191
663,188
664,184
end box12
778,174
785,168
791,165
798,164
802,163
821,162
828,163
835,167
841,174
842,183
839,189
829,192
821,193
815,193
811,194
806,195
801,195
795,195
786,193
776,190
775,183
end box13
663,189
664,186
666,183
668,180
671,179
675,179
678,179
682,179
686,179
689,180
692,184
692,188
691,193
691,197
690,201
686,202
682,203
678,204
674,204
670,204
666,204
663,201
662,197
663,192
end box14
490,195
491,192
493,191
495,191
502,191
504,192
506,193
508,195
508,197
509,200
509,203
508,206
505,207
503,208
500,208
497,207
493,206
end box15
638,181
639,179
640,178
640,176
642,175
644,174
646,174
647,174
649,175
651,176
652,178
653,180
653,183
652,185
652,187
650,189
648,190
646,190
643,190
641,190
639,188
638,187
638,184
638,182
end box16
626,175
626,174
627,174
628,174
629,174
630,174
631,175
632,176
632,177
632,178
632,179
632,181
631,182
630,182
628,183
627,182
626,182
625,181
624,180
end box17
620,177
620,176
622,174
623,173
625,173
632,172
635,173
636,175
638,177
638,180
638,183
636,185
633,186
631,186
626,186
624,186
622,186
620,185
619,182
619,180
end box18
497,172
500,172
501,172
501,172
502,173
502,177
501,178
500,179
499,179
498,178
497,178
end box19
561,160
565,160
566,160
566,161
567,162
567,164
567,166
566,167
565,167
563,167
562,167
561,167
end box20
447,160
453,160
454,160
455,161
455,168
454,169
447,169
446,168
end box21
547,159
551,159
552,160
553,161
553,162
553,164
553,166
552,167
550,167
549,167
548,167
547,167
546,166
end box22
660,160
664,160
665,160
665,161
666,166
665,167
663,167
662,167
661,167
660,166
659,165
end box23
647,159
648,159
648,160
649,165
648,166
647,166
645,167
644,166
643,166
end box24
546,149
547,148
551,148
552,149
553,150
553,155
552,157
551,157
549,157
548,157
547,156
546,155
end box25
end total26boxes
