528,189
529,187
532,183
533,180
537,179
548,178
553,179
554,182
558,186
559,189
558,194
559,199
559,206
555,206
536,205
530,206
528,204
528,198
528,193
end box0
585,193
586,190
589,187
591,183
594,182
607,181
612,182
613,185
616,190
618,193
617,198
618,203
619,211
615,212
593,211
587,212
585,210
585,202
585,198
end box1
578,175
582,175
583,175
584,176
584,177
584,178
584,179
584,181
583,182
581,182
580,182
579,182
578,182
577,181
576,180
end box2
560,175
561,175
565,175
566,175
566,176
567,177
567,178
567,179
567,181
566,182
564,182
563,182
562,182
561,181
560,181
559,180
end box3
535,180
536,177
539,175
541,173
543,172
551,172
555,172
557,174
560,177
562,180
562,184
562,188
560,191
557,193
552,192
543,192
539,192
536,190
535,187
535,183
end box4
555,177
555,175
557,173
558,172
567,172
569,173
570,174
572,176
572,179
572,182
571,184
568,185
566,185
560,184
558,184
556,183
555,181
555,179
end box5
592,171
592,171
595,171
596,171
597,172
597,173
597,174
597,175
597,176
596,177
595,177
593,177
592,177
591,176
591,176
end box6
540,177
540,176
542,174
543,173
545,173
550,172
552,173
554,174
555,175
557,177
557,180
557,183
556,185
554,186
544,186
542,186
540,184
539,182
539,180
end box7
571,177
571,175
573,173
575,172
583,172
585,172
587,174
588,176
589,179
589,182
587,184
584,184
575,184
573,184
571,183
570,181
570,179
end box8
493,177
493,175
494,174
496,172
497,172
502,172
504,172
506,173
507,175
508,176
508,179
509,181
508,184
505,185
503,185
498,184
496,185
494,184
493,183
492,181
492,178
end box9
391,177
391,174
391,171
392,166
394,160
398,151
404,148
409,154
411,164
412,170
412,173
413,177
412,180
412,183
411,187
413,197
412,208
405,209
396,210
390,206
391,192
392,185
391,182
391,180
end box10
465,158
465,158
466,158
467,158
467,158
468,159
468,159
468,160
468,161
468,162
468,163
468,164
467,164
466,165
465,164
464,164
end box11
720,133
721,130
723,127
725,125
728,123
731,122
734,122
738,122
741,123
744,126
746,129
748,133
748,136
747,140
746,145
743,148
739,149
735,150
731,150
727,149
723,146
721,144
720,140
720,136
end box12
299,137
299,133
300,130
303,128
306,126
310,125
313,125
317,126
320,127
323,130
325,133
326,137
326,140
326,144
325,149
321,151
317,153
313,153
310,153
306,152
303,150
300,148
300,144
299,140
end box13
511,174
511,174
512,173
513,173
514,173
515,174
515,174
516,175
516,176
516,177
516,178
516,179
516,180
514,181
513,181
512,181
511,180
510,179
end box14
511,162
512,161
514,161
515,162
515,162
516,163
516,164
516,165
516,166
516,168
516,169
514,169
513,169
512,169
511,168
end box15
613,159
613,159
615,159
615,159
616,160
616,160
617,161
617,162
617,163
617,164
616,165
615,165
614,165
613,165
612,165
end box16
447,176
448,175
449,175
450,175
451,175
452,176
452,177
452,179
452,181
451,182
450,183
449,183
448,183
447,182
446,181
end box17
627,175
627,175
628,174
629,174
630,174
631,174
632,175
632,176
632,177
632,178
632,179
632,180
632,181
630,182
629,183
628,182
627,181
626,180
end box18
599,149
599,148
601,148
602,149
602,154
601,154
600,154
599,154
598,153
end box19
end total20boxes
