726,228
733,212
749,192
763,181
782,178
802,181
818,180
838,179
858,182
873,192
892,211
895,228
898,253
893,278
889,297
860,296
834,289
785,292
759,299
736,296
725,278
726,253
end box0
645,192
647,187
652,182
658,179
663,178
669,179
674,179
679,179
686,179
690,182
695,188
698,193
699,200
698,208
695,215
688,216
680,214
662,216
652,219
646,217
644,208
645,200
end box1
-32,273
2,229
44,203
92,197
130,198
158,200
182,204
208,206
237,210
276,218
318,240
361,277
380,331
366,365
307,387
258,395
216,388
85,391
33,390
-22,364
-40,328
end box2
748,191
750,188
753,186
756,184
759,183
770,183
774,183
778,186
779,190
778,195
778,199
758,204
754,203
750,202
747,199
747,195
end box3
508,140
518,139
519,141
520,142
519,146
519,148
517,150
508,149
508,147
end box4
705,159
706,159
707,159
708,159
710,159
710,160
710,169
709,170
707,170
706,170
704,169
end box5
end total6boxes
