24,206
27,198
33,193
41,193
67,194
74,195
80,200
86,206
89,215
88,223
79,227
69,227
62,227
41,227
31,226
24,222
24,214
end box0
377,184
377,182
378,180
379,179
381,179
388,179
389,180
391,182
392,183
392,186
392,188
391,191
389,191
386,191
381,191
379,191
377,189
377,187
376,185
end box1
392,184
392,182
393,181
395,179
396,179
402,180
404,180
405,182
406,184
407,186
407,188
406,190
404,191
401,191
399,191
396,191
394,190
392,189
392,187
392,185
end box2
409,183
409,181
410,179
411,178
413,178
420,178
421,179
423,181
424,182
424,185
424,187
424,190
421,190
418,190
413,190
410,190
409,189
408,186
408,184
end box3
841,88
842,85
845,81
847,78
850,76
855,75
859,75
863,75
867,77
869,81
873,84
874,88
874,93
873,98
871,101
867,105
864,107
859,108
854,108
850,107
846,104
843,101
841,97
841,93
end box4
683,127
685,125
711,124
713,127
714,153
711,156
686,154
683,152
end box5
691,169
692,168
693,168
694,168
695,169
696,170
696,177
695,178
693,179
692,178
691,178
end box6
846,110
847,108
850,106
869,107
871,110
871,122
871,125
867,127
849,126
846,125
846,121
end box7
-2,-4
2,-16
13,-9
19,-1
22,63
14,69
1,74
-3,65
end box8
696,163
697,164
698,172
697,173
695,174
693,175
692,174
690,173
end box9
502,159
503,159
504,159
505,159
506,159
506,160
506,166
506,167
504,168
503,167
502,166
end box10
632,161
632,154
633,146
638,141
646,141
667,140
675,141
681,145
681,154
683,161
682,168
682,176
681,184
676,189
668,190
660,188
653,189
644,191
637,190
633,183
632,175
633,168
end box11
end total12boxes
