551,194
552,190
556,185
559,182
565,182
569,182
573,182
578,183
583,183
587,186
591,191
593,194
594,201
594,207
592,214
587,216
579,214
564,214
556,215
553,213
551,206
552,200
end box0
869,221
868,217
868,210
869,202
873,191
881,176
888,176
896,191
900,202
901,210
901,216
902,221
900,225
899,229
897,233
895,238
895,252
890,272
879,272
874,252
874,237
872,233
870,229
870,225
end box1
374,222
374,216
374,208
376,200
381,188
389,170
397,174
406,190
411,201
413,209
413,216
414,222
413,227
411,232
409,236
408,244
407,261
400,279
387,280
380,262
380,243
378,236
375,232
374,227
end box2
713,226
712,221
712,215
713,207
716,194
724,174
732,177
740,192
745,203
745,214
745,220
745,225
744,230
743,234
741,238
741,246
741,264
734,280
721,284
715,261
716,243
715,237
713,234
713,229
end box3
914,225
914,220
914,214
915,206
919,194
926,181
934,183
942,197
946,207
947,214
947,220
948,225
948,230
947,234
945,238
943,245
942,258
936,273
925,274
919,260
918,245
916,239
914,234
914,230
end box4
743,237
742,232
742,224
743,215
747,202
756,181
765,186
774,201
779,213
780,224
781,231
782,237
781,242
780,247
778,253
777,262
775,281
768,297
753,301
746,279
746,259
745,252
742,247
742,242
end box5
292,212
293,206
294,199
296,192
301,182
308,171
316,175
323,186
327,195
329,201
331,207
333,212
333,217
333,223
332,230
332,241
328,253
318,256
306,257
298,250
296,238
294,229
292,223
291,217
end box6
694,224
694,221
693,217
693,210
696,200
702,187
708,184
715,195
717,208
718,215
718,220
717,224
717,227
717,231
716,235
716,241
715,256
711,270
700,269
696,249
696,237
695,233
694,230
694,227
end box7
774,226
774,222
773,215
774,207
777,193
785,172
794,173
803,190
807,205
807,214
807,221
807,226
807,231
806,235
804,240
803,247
802,265
796,284
783,284
777,264
778,244
776,239
775,235
774,230
end box8
790,206
790,202
790,196
792,188
798,177
803,179
808,189
811,196
811,202
812,206
812,209
812,212
812,215
810,218
810,223
809,233
805,244
796,246
792,234
792,222
792,217
791,215
end box9
866,222
866,219
865,215
865,209
867,199
873,184
880,182
885,195
887,207
888,213
888,218
888,222
888,225
887,228
887,232
886,238
885,251
881,265
871,264
868,244
868,233
868,230
867,227
866,225
end box10
575,173
575,172
576,171
577,171
578,171
579,172
580,173
580,174
580,175
580,176
580,177
581,179
580,180
579,181
577,181
576,181
575,180
574,179
end box11
777,210
778,207
778,202
778,196
781,188
787,176
793,174
800,183
803,193
804,200
804,205
804,210
804,213
804,218
803,222
803,230
801,241
795,250
784,250
779,239
779,226
779,220
778,216
777,213
end box12
558,172
559,171
560,169
561,169
562,170
563,171
564,172
564,173
565,174
564,175
564,176
565,178
564,180
563,181
561,182
560,181
558,180
558,178
end box13
702,160
702,158
703,156
704,155
706,154
708,153
710,153
711,153
714,154
715,155
716,157
717,159
717,162
717,164
716,166
715,168
712,169
710,169
707,169
705,169
703,167
702,165
702,163
702,161
end box14
623,176
623,175
624,175
625,175
626,175
627,175
628,176
628,177
629,178
629,179
629,180
629,182
628,183
627,184
625,184
624,184
623,183
622,182
end box15
704,144
704,143
705,142
710,142
712,142
713,143
713,145
713,146
713,148
713,149
711,150
710,151
708,151
707,151
706,150
704,150
704,148
end box16
657,143
658,142
659,142
660,142
661,143
662,144
663,145
663,150
662,151
661,152
659,152
658,152
657,151
656,150
end box17
658,158
659,158
661,158
662,158
663,159
664,160
664,161
664,163
664,165
663,166
662,167
660,167
659,167
658,166
end box18
704,159
704,158
705,157
706,157
709,156
710,157
712,157
713,158
713,160
713,161
713,163
713,165
712,166
710,166
708,167
707,166
705,166
704,165
704,163
end box19
753,168
754,167
756,166
759,166
761,166
763,167
765,169
765,180
764,183
762,185
759,185
756,185
754,184
752,181
end box20
658,158
659,158
661,158
662,158
663,159
664,160
664,161
664,163
664,165
663,166
662,167
660,167
659,167
658,166
end box21
641,157
642,157
644,157
645,157
646,158
646,159
647,164
646,165
645,166
643,166
642,166
641,165
640,164
end box22
end total23boxes
