510,186
517,180
523,175
529,173
535,173
549,174
556,173
564,174
572,178
578,186
580,196
578,204
568,207
556,207
550,207
545,206
540,206
535,207
528,207
516,207
508,204
508,195
end box0
9,205
17,192
28,184
42,183
54,183
70,186
77,187
86,187
97,190
108,197
122,207
128,222
124,235
110,242
90,241
78,239
71,241
27,240
15,233
10,221
end box1
666,170
666,170
670,170
670,170
671,171
672,172
672,173
672,174
672,176
670,176
669,176
668,177
667,176
666,176
665,176
665,175
end box2
681,171
682,171
682,171
683,171
684,171
684,171
685,171
686,172
686,173
686,174
686,175
686,176
685,177
684,177
683,178
682,177
681,177
680,176
680,176
680,175
680,174
end box3
696,174
698,172
698,172
702,172
703,172
703,173
704,174
704,175
704,176
704,178
703,178
701,179
700,179
699,178
698,178
697,178
696,177
696,176
696,175
end box4
613,171
614,170
615,169
621,169
622,169
623,171
624,172
623,174
623,176
621,176
616,176
614,176
613,175
613,173
end box5
710,177
710,176
711,175
712,174
716,174
717,175
718,176
719,177
719,178
719,180
719,182
717,182
716,182
714,183
713,182
712,182
710,182
710,181
710,179
710,178
end box6
881,172
881,170
881,168
881,166
882,161
885,156
888,155
891,159
893,164
893,167
893,170
893,172
893,173
893,175
893,177
893,181
892,188
889,191
884,191
882,185
882,179
882,176
882,175
881,173
end box7
795,139
803,139
803,140
803,147
802,148
795,149
794,148
end box8
75,7
94,-3
212,-6
224,6
228,29
217,38
83,39
75,30
end box9
683,158
684,159
684,159
685,163
684,164
683,164
682,165
681,164
680,164
end box10
472,160
476,160
477,161
478,162
478,167
477,168
476,169
474,169
473,169
472,168
end box11
875,135
876,135
879,135
880,135
880,137
880,144
879,145
877,146
876,146
874,145
end box12
986,62
984,51
987,42
996,44
1003,41
1012,43
1016,50
1014,61
1014,84
1014,93
1011,101
1004,105
995,104
988,101
985,92
end box13
136,83
138,74
145,72
153,68
161,70
164,80
163,122
161,133
153,136
144,135
137,131
136,118
end box14
619,158
620,159
620,159
621,160
621,161
621,162
620,163
620,164
619,164
618,164
617,164
616,164
end box15
end total16boxes
