577,192
577,190
580,186
582,183
585,183
589,183
592,183
596,183
599,184
601,186
604,190
605,192
605,197
606,201
605,206
601,207
596,206
585,206
581,206
578,205
577,200
577,196
end box0
141,187
147,181
154,177
160,176
165,176
182,175
189,176
195,180
202,186
204,195
202,202
192,204
182,204
177,204
173,204
168,204
164,204
158,204
148,205
139,202
139,195
end box1
359,181
359,179
361,178
363,176
365,176
373,176
375,177
377,179
378,181
379,184
379,187
378,191
375,191
371,191
364,191
361,191
359,190
358,187
358,184
end box2
376,177
376,175
377,174
379,172
380,172
382,171
385,171
387,172
389,173
390,174
391,176
391,179
391,181
390,183
388,184
386,185
384,185
381,185
379,185
378,184
376,182
376,180
376,178
end box3
608,174
608,174
609,173
611,173
612,174
612,174
613,175
614,176
614,177
614,178
614,180
613,180
611,181
610,181
609,181
608,180
607,179
607,179
end box4
424,177
424,175
426,173
428,172
429,172
436,172
438,173
440,174
441,176
442,179
442,182
440,184
437,185
435,184
428,185
426,185
424,183
423,181
423,179
end box5
427,176
429,173
430,173
434,173
436,173
436,175
437,176
437,177
437,179
437,181
435,181
434,182
432,182
431,182
429,181
428,181
427,180
428,178
end box6
626,177
627,177
627,177
628,177
629,177
629,177
630,177
631,178
631,179
631,180
631,181
631,182
630,183
629,183
628,184
627,183
626,183
626,182
625,181
end box7
643,175
644,175
646,175
646,175
647,175
648,176
648,177
648,178
648,179
648,181
647,181
646,181
645,182
644,181
643,181
642,180
642,180
end box8
381,174
382,173
383,172
384,172
385,172
386,173
387,174
388,175
388,176
388,177
388,178
388,180
387,181
386,182
384,182
383,182
382,181
381,180
380,179
end box9
410,174
410,173
412,172
416,171
417,172
418,173
418,174
419,175
418,176
418,178
417,179
415,179
414,179
413,179
412,179
411,178
410,177
410,176
410,175
end box10
596,171
596,171
597,170
600,171
601,171
601,172
602,173
602,174
602,175
602,177
601,178
599,178
597,178
596,177
595,177
end box11
578,171
578,171
579,170
579,170
580,170
581,170
581,170
582,171
582,171
583,172
583,173
583,174
583,175
582,176
581,176
580,176
579,176
578,176
578,175
577,174
end box12
464,173
464,173
465,172
466,172
467,172
468,172
469,173
469,174
470,175
470,176
470,177
470,179
469,180
467,180
466,180
465,180
464,180
463,179
462,178
462,177
end box13
1,190
1,184
5,181
11,181
15,180
20,181
24,183
27,185
30,188
32,192
33,195
34,200
35,205
35,211
32,216
26,218
20,217
15,217
9,217
3,215
2,210
2,204
end box14
139,187
142,184
146,180
149,178
152,178
167,178
171,179
175,183
178,187
179,193
178,198
174,202
168,203
163,202
151,203
146,203
140,203
138,198
138,192
end box15
561,167
562,166
562,165
563,165
564,165
564,166
565,167
565,167
565,168
565,169
565,170
565,171
565,172
564,173
563,174
562,173
561,172
561,170
end box16
512,163
512,163
513,163
514,163
514,163
515,164
515,164
516,165
516,166
516,167
516,168
515,169
514,170
513,170
512,170
511,169
end box17
545,162
545,162
546,161
547,162
547,162
548,163
548,163
548,164
548,165
548,166
548,167
548,168
547,169
546,169
545,169
544,167
544,166
end box18
333,176
334,175
335,175
336,175
337,176
338,177
339,178
339,183
338,184
337,185
335,186
334,186
333,184
332,183
end box19
531,162
531,162
532,162
533,162
533,162
534,163
534,163
535,164
535,165
535,166
535,167
534,168
533,169
532,169
531,168
530,168
530,167
end box20
663,161
664,161
664,162
664,167
664,168
662,168
661,168
660,168
659,167
end box21
498,160
499,159
500,159
501,160
502,160
502,160
503,161
503,162
503,163
503,164
503,165
502,166
501,167
500,167
499,167
498,166
end box22
513,173
513,173
514,173
515,173
516,172
516,173
517,174
518,174
518,175
518,176
518,177
518,178
517,179
516,180
515,180
514,179
513,179
513,178
end box23
422,155
423,156
424,157
424,162
423,163
422,163
420,164
419,163
418,163
end box24
349,161
350,161
352,161
352,161
353,161
354,162
354,163
354,164
354,165
354,166
353,167
352,168
351,168
350,168
349,167
348,166
end box25
end total26boxes
