565,205
569,198
579,188
584,179
594,178
605,179
614,179
624,180
635,181
641,187
652,197
655,204
654,219
653,231
651,246
642,248
576,249
569,247
567,231
567,219
end box0
432,203
433,196
440,188
447,185
455,186
474,186
482,186
488,190
493,197
499,203
501,213
500,223
496,231
485,231
474,228
454,230
445,231
436,229
432,221
433,212
end box1
343,219
348,211
354,202
361,197
370,197
379,196
386,196
394,197
404,198
411,203
420,211
424,219
426,231
425,243
422,253
408,254
395,252
386,250
379,250
371,251
359,252
347,250
342,242
342,231
end box2
546,194
547,190
549,187
552,186
555,185
568,185
571,187
574,190
576,193
576,198
576,203
574,207
569,208
565,207
554,207
550,207
546,206
545,202
545,197
end box3
410,179
410,177
411,176
413,174
415,174
423,174
425,175
427,177
427,179
427,182
428,185
427,188
424,189
414,189
412,188
410,186
409,184
409,182
end box4
555,192
555,190
556,188
557,187
559,186
566,185
568,186
570,187
572,190
573,192
573,195
573,198
572,201
570,203
567,203
559,202
556,201
555,200
554,197
554,195
end box5
764,144
765,141
766,138
768,135
771,133
775,133
778,133
782,133
785,134
788,137
790,140
791,144
791,147
791,152
789,155
786,158
782,159
778,160
775,160
771,159
768,157
765,154
764,151
764,147
end box6
611,163
612,162
616,162
617,163
618,164
618,169
617,170
616,171
613,171
612,170
611,169
end box7
564,175
565,175
567,175
568,175
569,176
569,177
570,182
569,183
568,184
566,184
565,183
564,183
end box8
522,137
524,137
527,137
528,138
529,148
527,150
526,150
523,150
522,149
end box9
713,129
714,128
715,128
717,128
718,128
718,138
717,139
715,139
714,139
713,137
end box10
721,108
722,108
723,108
725,108
726,108
726,110
726,117
725,118
723,119
722,119
721,118
end box11
528,177
529,177
530,177
531,177
532,177
533,178
533,185
532,186
530,186
529,186
528,185
end box12
end total13boxes
