99,204
116,190
129,181
144,178
157,177
167,176
177,175
187,176
200,175
216,179
233,188
246,204
248,224
246,240
225,247
200,247
188,249
177,249
167,248
158,245
145,244
120,247
101,238
96,223
end box0
767,204
783,186
799,173
818,168
834,168
848,168
860,167
872,169
887,170
905,175
921,187
939,205
942,227
939,245
915,254
886,253
871,256
860,261
847,260
836,255
821,253
790,256
769,246
767,227
end box1
2,217
2,202
0,183
11,172
30,175
46,178
58,180
69,185
80,188
92,196
98,205
102,219
105,233
106,249
102,262
88,269
73,272
60,275
46,274
32,274
15,274
2,265
4,246
4,232
end box2
581,203
587,194
596,185
603,177
613,175
624,175
633,174
643,176
656,176
664,182
675,192
678,202
677,217
676,230
673,243
659,244
615,240
597,245
585,243
580,231
580,217
end box3
459,182
459,180
459,178
460,176
462,175
464,175
467,175
468,175
471,176
472,177
473,179
474,181
474,184
474,186
474,189
472,191
470,192
467,191
464,191
462,190
460,189
459,187
459,183
end box4
568,193
568,190
570,187
572,185
575,184
584,184
588,184
590,186
592,190
593,193
593,196
593,200
592,205
589,206
585,206
574,206
570,206
568,204
568,199
568,196
end box5
59,206
61,194
70,187
81,183
92,183
100,183
109,183
117,182
127,183
134,190
141,198
148,207
151,220
149,231
142,239
128,241
116,241
108,244
100,246
91,245
80,243
69,240
63,230
61,219
end box6
399,186
400,183
403,180
406,177
409,176
420,177
424,177
427,179
430,182
432,186
432,191
432,196
431,201
426,202
420,201
416,201
413,201
408,202
403,202
400,200
399,195
399,191
end box7
455,187
455,185
456,183
457,182
459,181
461,180
463,180
464,180
466,181
468,182
469,184
470,186
470,189
470,191
469,194
468,195
465,196
463,196
460,195
458,195
457,194
455,192
455,190
455,188
end box8
437,180
438,176
440,172
443,170
447,171
456,170
460,170
463,173
466,176
468,179
469,184
469,189
467,193
462,195
457,195
446,193
443,192
439,191
437,188
437,184
end box9
180,203
182,194
188,185
196,180
207,179
216,178
223,178
233,179
242,181
248,187
256,195
261,203
262,215
262,227
258,237
246,240
233,238
224,237
215,238
206,239
196,238
186,234
181,225
180,214
end box10
481,178
482,175
485,173
487,171
490,171
497,171
501,171
503,172
506,175
508,178
509,182
509,186
507,190
502,190
498,190
492,189
489,190
485,190
481,189
480,185
480,182
end box11
670,178
670,176
671,174
673,173
675,172
683,172
685,173
686,175
687,177
687,180
687,183
686,185
684,186
681,187
674,186
672,186
670,184
670,182
670,180
end box12
474,180
474,178
475,176
476,175
478,174
480,174
481,173
483,174
485,174
487,175
488,177
489,179
489,182
489,184
489,187
487,188
484,189
482,188
479,188
477,188
475,188
474,186
473,184
473,181
end box13
613,172
614,169
617,167
619,165
622,165
632,165
635,166
638,169
640,172
640,175
639,179
637,182
633,183
618,183
615,182
613,178
613,175
end box14
491,180
491,178
492,176
493,175
495,174
497,174
498,173
500,174
502,174
504,175
505,177
506,179
506,182
507,184
506,187
504,188
501,189
499,188
496,188
494,188
492,188
490,186
490,184
490,182
end box15
336,179
338,175
342,173
346,172
361,172
365,173
369,175
372,179
373,184
372,189
368,192
362,193
358,193
341,191
337,188
336,184
end box16
574,192
574,190
575,189
576,187
579,187
587,187
589,188
590,190
591,192
591,195
591,198
591,201
588,202
578,202
575,201
574,199
574,197
574,195
end box17
464,176
465,175
466,174
467,174
468,175
469,175
470,176
470,177
471,178
471,179
471,180
471,182
470,183
469,184
467,184
466,184
465,183
464,182
end box18
436,195
436,193
436,190
437,186
438,179
442,171
447,171
451,178
453,185
454,189
454,192
455,195
455,198
453,200
453,203
453,209
453,219
449,222
441,223
437,218
438,206
438,201
438,199
436,198
end box19
432,92
433,90
434,90
436,90
437,92
437,102
436,104
435,105
433,104
431,102
end box20
461,96
461,93
462,90
464,86
467,85
470,87
472,91
472,95
472,97
472,99
472,100
472,102
472,104
472,108
471,114
468,116
464,115
462,110
461,105
461,103
end box21
532,159
533,159
533,160
534,161
534,163
534,165
533,166
531,166
529,166
528,165
end box22
643,141
647,141
648,142
649,143
650,144
649,147
649,148
648,149
647,150
644,150
643,149
642,148
end box23
643,126
644,126
645,126
646,125
647,126
648,127
648,128
649,129
649,131
649,133
648,134
647,135
645,135
644,135
643,134
642,133
end box24
861,95
862,91
890,90
891,94
892,122
891,126
862,125
end box25
722,189
723,189
724,188
725,188
726,188
727,189
728,190
729,191
729,196
728,197
727,198
725,198
724,198
723,197
722,196
end box26
144,5
149,-2
224,-2
230,5
229,18
224,25
147,25
145,18
end box27
498,143
499,143
500,143
501,143
502,143
503,144
503,145
504,146
503,148
503,149
503,151
502,151
500,152
499,151
498,151
497,149
end box28
510,175
511,174
512,173
513,172
514,173
515,174
516,175
516,176
517,178
516,179
517,181
516,182
515,183
513,184
512,184
511,182
end box29
642,158
643,157
647,157
648,158
648,159
649,160
649,162
649,164
648,165
646,165
645,165
644,165
643,165
642,164
end box30
582,162
582,162
583,163
583,164
583,165
583,166
583,168
583,168
581,169
580,169
579,169
578,168
577,167
end box31
664,141
665,142
665,143
666,144
666,145
666,146
666,148
665,149
663,149
662,149
661,149
660,149
659,148
end box32
660,158
661,157
662,157
663,157
664,158
664,158
665,159
665,163
664,164
663,165
662,165
661,165
660,164
end box33
545,159
546,159
548,159
548,159
549,159
550,160
550,161
550,163
550,164
549,165
548,166
547,166
546,165
545,165
545,164
end box34
561,144
565,144
566,145
566,146
567,147
567,148
567,149
567,151
566,152
565,152
563,153
562,152
561,152
560,151
end box35
546,174
546,174
547,173
548,173
549,173
550,173
551,174
551,175
551,176
551,177
551,178
551,180
551,181
549,181
548,182
547,181
546,180
545,179
end box36
547,146
551,145
552,146
553,147
553,148
553,150
553,152
552,153
550,153
548,153
547,153
546,152
end box37
466,162
467,162
467,163
468,164
468,165
468,166
468,168
467,169
465,169
464,169
463,169
462,168
461,167
end box38
640,128
640,127
641,125
642,124
644,124
645,123
647,124
649,124
650,126
651,128
651,130
651,131
651,133
651,135
650,137
648,139
646,139
643,139
641,138
640,136
640,134
640,133
end box39
741,158
742,157
743,157
744,157
745,158
746,158
746,159
746,160
746,161
746,162
746,164
746,165
744,165
743,165
742,165
741,164
740,163
end box40
561,160
562,159
563,159
564,159
565,160
565,160
566,161
566,162
566,164
566,165
565,166
564,167
563,168
562,167
561,166
end box41
432,92
433,90
434,90
436,90
437,92
437,102
436,104
435,105
433,104
431,102
end box42
612,125
613,125
615,124
616,125
617,133
616,134
613,134
612,133
end box43
end total44boxes
