845,242
863,209
897,180
925,164
959,163
987,164
1013,163
1042,164
1073,172
1107,181
1141,206
1159,242
1167,286
1156,323
1126,347
1077,344
989,338
961,345
920,354
875,347
843,325
838,288
end box0
683,193
685,188
690,183
695,180
701,181
720,181
725,183
730,188
733,193
735,201
734,208
731,214
723,215
699,214
691,216
684,214
681,208
682,200
end box1
634,189
636,186
639,183
641,181
644,180
653,180
657,180
659,182
663,185
664,188
665,193
665,197
663,202
659,203
653,201
643,202
638,203
635,201
634,197
634,193
end box2
542,172
544,170
549,169
550,170
552,170
552,172
553,173
552,175
552,177
550,177
549,177
546,177
544,177
543,177
542,176
end box3
527,174
532,173
533,174
534,175
535,176
535,177
535,179
535,181
533,181
531,181
529,181
528,181
527,180
526,179
end box4
512,176
517,175
518,176
519,177
519,178
519,179
519,181
519,182
518,183
516,183
515,183
514,183
513,183
512,182
511,181
end box5
147,192
148,190
149,188
150,187
152,186
153,184
156,184
158,184
160,186
162,187
163,189
165,191
165,194
165,197
163,199
161,201
159,203
156,203
153,203
151,202
149,200
147,198
147,196
146,194
end box6
1126,188
1128,186
1131,184
1134,184
1137,184
1140,184
1144,185
1146,187
1147,190
1148,194
1149,197
1148,201
1147,205
1145,208
1141,210
1137,210
1134,209
1130,208
1128,206
1126,203
1125,200
1125,197
end box7
610,176
611,176
612,175
613,175
614,175
616,175
617,176
618,177
619,179
618,180
618,182
618,184
617,185
615,186
613,186
612,186
610,185
609,184
609,183
end box8
298,161
299,160
300,160
302,160
303,161
304,162
305,170
304,171
302,173
301,174
299,173
297,171
end box9
605,181
606,179
607,177
608,175
610,175
611,174
614,173
616,174
618,175
620,176
621,178
622,180
623,183
622,186
621,188
619,190
617,191
614,191
611,191
609,191
607,189
605,187
605,185
605,183
end box10
604,187
604,185
605,184
607,182
609,181
610,181
615,181
617,182
619,183
621,185
622,187
622,190
622,193
621,196
618,197
615,198
613,198
610,197
608,197
605,196
604,195
603,192
603,190
end box11
18,161
20,160
22,159
24,159
25,159
28,160
29,161
30,163
30,165
30,168
30,170
30,172
28,174
26,175
24,176
21,176
19,175
17,173
17,171
17,169
16,167
end box12
365,0
368,-1
394,0
395,5
394,23
391,26
382,28
end box13
314,92
318,89
356,89
362,92
362,100
359,103
316,103
313,99
end box14
22,160
23,159
24,159
26,159
27,160
28,161
29,162
29,164
29,165
29,167
29,169
28,170
26,171
24,172
23,171
21,170
20,169
20,167
end box15
285,141
286,141
288,141
290,141
291,142
292,143
292,148
292,149
291,151
289,152
287,152
286,152
284,151
283,150
end box16
625,189
626,189
627,188
628,188
629,188
630,189
631,190
632,191
632,196
631,197
630,198
628,198
627,198
626,197
625,196
end box17
613,161
614,161
615,161
616,161
617,161
618,162
618,163
619,164
618,166
619,168
618,169
617,170
615,170
614,170
613,169
end box18
598,144
599,144
601,143
602,144
603,145
603,152
602,153
600,153
599,153
598,152
end box19
1019,138
1020,137
1023,137
1024,138
1025,139
1025,148
1023,149
1021,150
1019,149
1018,149
end box20
152,143
153,143
156,143
157,143
158,144
158,151
158,153
156,154
154,154
153,154
151,153
end box21
606,143
607,142
608,142
609,142
610,143
611,144
611,149
611,151
610,152
608,152
607,152
606,151
end box22
49,139
49,137
50,135
52,133
54,133
57,132
59,132
62,132
64,135
64,148
63,151
60,153
57,153
54,152
52,151
50,149
49,146
49,144
end box23
948,137
949,135
952,135
958,135
961,136
962,139
961,155
959,157
955,158
952,158
949,157
947,154
end box24
end total25boxes
