475,181
476,178
478,175
479,172
482,171
497,171
499,173
502,177
503,180
503,185
503,189
502,194
499,196
494,195
481,196
477,195
475,193
474,188
475,184
end box0
632,180
632,178
633,177
635,175
636,174
645,174
647,175
649,178
649,180
650,183
650,186
649,189
646,190
635,191
633,190
631,188
631,185
631,183
end box1
701,188
701,186
702,184
703,183
706,183
714,183
716,184
718,186
719,188
719,191
719,194
718,197
715,198
712,198
707,198
705,198
702,198
700,196
700,193
700,191
end box2
563,175
563,175
564,174
565,174
566,174
567,175
568,175
569,176
569,177
569,178
569,179
569,181
568,182
566,182
565,182
564,182
563,182
562,181
561,180
end box3
538,174
539,172
542,171
544,171
552,171
554,171
557,172
559,174
560,177
559,180
557,182
553,182
542,183
539,182
537,180
537,177
end box4
525,178
527,176
531,176
532,176
533,177
533,178
534,179
533,181
533,182
532,183
530,183
529,183
528,183
527,183
526,182
525,181
end box5
543,176
544,175
545,174
545,174
551,174
552,175
553,176
553,177
553,179
553,181
551,181
546,181
544,181
543,180
543,178
543,177
end box6
512,180
512,180
513,179
514,179
515,179
516,180
516,180
517,181
518,182
518,183
518,184
518,186
517,186
515,187
514,187
513,187
512,186
511,186
511,185
end box7
476,187
476,185
478,184
480,182
490,181
492,182
494,185
495,187
495,190
495,193
494,196
491,197
481,197
478,197
476,195
475,192
476,190
end box8
134,199
135,198
136,196
137,194
138,193
140,192
143,192
145,192
147,193
149,195
151,197
152,199
152,202
152,205
150,207
149,210
146,211
143,211
140,211
138,210
135,208
134,206
134,204
133,202
end box9
1141,203
1142,197
1144,195
1147,193
1150,192
1153,192
1157,192
1160,194
1162,196
1164,203
1165,206
1164,210
1163,214
1161,216
1157,218
1153,219
1150,218
1146,217
1143,215
1141,213
1141,209
1140,206
end box10
349,0
364,-2
376,0
378,3
379,7
379,11
377,16
376,20
364,24
end box11
604,192
604,190
605,188
606,187
608,186
610,185
612,185
614,185
616,186
617,187
618,189
619,191
620,194
620,196
619,199
617,201
614,202
612,202
609,202
607,201
605,200
604,198
603,196
603,194
end box12
592,176
592,175
593,175
594,174
595,174
596,175
597,176
598,177
598,178
598,179
598,180
598,182
597,183
596,184
594,184
593,184
592,183
591,182
591,181
end box13
279,192
280,191
281,191
282,191
284,191
285,192
285,199
284,201
283,202
281,202
280,202
278,201
end box14
914,191
915,190
917,188
920,188
922,188
924,190
926,203
925,206
923,208
920,209
917,208
915,207
914,204
end box15
170,156
171,155
172,155
174,155
175,156
176,157
177,158
178,160
177,161
177,163
177,165
176,166
174,167
173,168
171,168
169,166
168,165
168,164
end box16
168,154
170,153
172,153
174,152
176,153
178,153
180,155
181,157
181,159
181,162
181,164
180,167
179,169
177,170
174,171
171,170
169,169
167,168
167,165
166,163
166,161
end box17
609,189
610,189
611,189
613,188
614,189
615,190
616,191
617,193
616,194
616,196
616,198
615,199
613,200
611,200
610,200
608,199
607,198
606,197
end box18
4,172
5,171
7,170
9,169
11,169
13,169
15,170
16,171
17,173
17,175
17,178
17,180
16,182
15,184
13,185
11,186
8,186
6,185
5,183
4,181
end box19
612,175
612,175
613,174
614,174
615,174
616,175
617,175
617,176
618,177
617,178
617,179
617,180
617,181
615,182
614,182
613,182
612,181
611,180
end box20
362,26
365,23
367,23
370,22
372,22
375,24
377,25
378,28
378,33
378,35
377,38
375,40
373,42
370,43
367,43
365,41
363,39
362,37
end box21
936,189
937,189
938,189
939,189
940,189
941,190
940,196
939,197
938,198
937,197
936,197
end box22
575,162
576,162
577,162
578,162
579,162
579,162
580,163
580,164
580,167
579,168
578,169
577,169
576,169
575,168
end box23
598,146
599,146
600,146
601,146
602,146
603,147
603,148
604,153
603,154
602,155
600,155
599,155
598,154
end box24
804,159
805,159
807,159
809,159
809,160
809,169
808,169
806,170
805,169
803,169
end box25
917,202
920,202
922,204
923,212
922,213
920,214
917,214
915,214
end box26
576,176
576,176
577,175
578,175
579,175
580,175
581,176
581,177
581,178
581,179
581,180
581,182
581,183
579,183
578,184
577,183
576,183
575,182
575,181
end box27
595,156
596,156
597,156
598,155
599,156
600,157
600,164
599,165
597,165
596,165
595,164
end box28
338,46
341,36
349,37
357,39
364,42
369,47
368,56
368,61
368,65
368,69
368,74
368,79
368,87
363,92
357,99
349,100
341,100
339,88
end box29
804,159
805,159
807,159
809,159
809,160
809,169
808,169
806,170
805,169
803,169
end box30
689,171
690,170
692,170
693,171
694,172
694,179
693,180
691,180
690,180
689,179
end box31
end total32boxes
