483,204
485,201
488,199
491,197
494,197
501,197
505,197
507,198
511,200
514,203
515,208
515,213
512,216
506,216
502,215
493,215
489,216
484,215
482,212
481,208
end box0
678,204
679,200
682,196
685,192
688,190
693,189
698,188
703,189
710,189
715,191
715,198
702,222
697,223
693,225
686,227
679,226
677,222
676,215
677,209
end box1
538,191
538,189
540,187
542,186
544,186
547,186
549,186
551,187
553,189
554,191
555,193
556,196
556,199
555,202
553,204
550,205
547,204
544,204
542,204
540,202
538,200
end box2
683,196
685,193
687,191
690,189
692,188
695,188
701,187
705,187
709,188
712,191
711,195
710,199
695,209
691,210
687,209
684,207
682,203
683,199
end box3
626,177
629,177
630,177
631,178
632,179
632,180
632,181
632,183
630,183
629,183
628,184
627,183
626,183
625,183
625,182
end box4
693,209
698,202
707,197
714,194
720,193
745,194
752,195
761,201
766,209
767,219
763,227
754,232
745,233
718,236
708,238
698,236
690,229
691,219
end box5
518,194
518,190
519,187
522,185
526,185
535,185
539,185
541,187
544,190
545,194
546,198
546,202
544,206
541,208
536,208
532,207
529,207
526,207
523,205
520,204
518,201
518,197
end box6
654,188
654,187
656,185
657,183
659,183
668,182
670,183
671,186
672,188
672,191
671,194
671,197
668,198
660,198
658,198
655,198
653,196
653,193
653,191
end box7
501,197
501,193
503,189
506,187
511,187
520,187
524,187
527,189
530,193
532,197
533,201
533,206
531,210
527,212
522,213
517,211
514,211
510,210
507,209
503,208
502,204
501,201
end box8
610,177
610,177
613,176
614,177
614,177
615,178
616,179
616,180
616,181
616,183
615,183
613,184
612,184
611,184
610,183
609,183
609,182
end box9
888,190
897,184
906,182
917,181
940,180
951,183
959,190
964,200
958,206
900,209
885,207
882,200
end box10
643,178
646,178
647,178
648,179
649,180
649,181
649,182
649,184
648,184
646,185
645,185
644,184
643,184
642,184
641,183
end box11
575,187
575,186
577,184
578,183
587,183
589,184
591,185
593,187
593,190
593,193
591,195
588,195
579,195
577,195
575,195
574,192
574,190
end box12
593,181
594,180
598,180
599,181
600,182
600,183
601,184
601,186
601,187
599,188
598,189
596,189
595,188
594,188
593,187
592,186
end box13
656,177
660,177
661,177
662,178
662,179
662,180
662,181
662,183
661,184
659,184
658,184
657,184
656,184
655,183
654,182
end box14
982,183
1005,168
1027,162
1045,161
1095,160
1111,163
1134,169
1157,183
1163,207
1152,220
1123,229
1019,227
988,220
980,207
end box15
583,186
583,185
585,183
586,182
588,182
595,182
597,182
599,184
600,186
601,189
601,192
599,194
596,194
593,194
587,195
585,194
583,194
582,191
582,189
end box16
855,194
864,188
874,186
907,185
917,187
927,194
933,204
927,210
867,213
851,211
848,204
end box17
588,184
588,182
589,180
590,179
592,179
599,179
601,180
602,181
603,183
604,186
604,188
603,191
600,192
598,192
593,192
591,192
589,191
587,190
587,188
587,186
end box18
479,195
479,190
483,185
487,183
492,183
504,184
510,183
514,185
517,190
520,195
521,201
521,207
518,212
512,214
506,213
501,213
496,213
491,214
485,214
481,211
478,206
479,200
end box19
524,194
525,192
526,190
528,190
530,189
533,189
535,190
537,191
539,192
540,194
541,196
541,199
541,201
540,205
538,206
536,207
533,207
530,206
528,206
526,205
end box20
587,187
588,186
588,185
589,184
590,184
595,183
596,184
597,185
598,187
598,188
598,190
598,192
596,193
594,193
591,193
589,193
588,192
587,191
587,189
end box21
671,192
671,190
672,189
673,188
674,187
676,186
677,186
679,186
681,186
683,187
684,189
681,199
679,200
677,200
675,201
673,201
671,199
671,197
671,195
671,193
end box22
577,187
578,186
578,185
579,184
585,183
586,184
587,185
588,187
588,188
588,190
588,192
586,193
584,193
579,193
578,192
577,191
577,189
577,188
end box23
737,147
737,146
738,144
740,142
741,141
743,140
746,140
748,140
750,141
752,142
754,145
754,147
754,150
754,153
753,155
751,157
749,159
746,159
743,159
741,158
738,156
737,154
737,152
737,150
end box24
333,85
334,80
376,79
378,83
378,125
378,130
333,130
end box25
675,143
675,143
676,142
677,142
678,142
679,143
679,143
680,144
680,145
680,146
680,147
680,148
679,149
678,150
677,150
676,150
675,149
674,148
end box26
690,173
691,172
693,172
694,173
695,173
695,174
696,175
695,177
696,179
695,180
693,180
692,180
691,180
690,180
689,178
end box27
482,159
483,159
485,159
486,159
487,160
488,161
488,162
488,163
488,164
488,166
487,167
486,168
484,168
483,168
482,167
481,166
end box28
673,127
674,127
675,127
676,127
677,127
678,128
678,129
678,134
678,135
677,135
675,136
674,136
673,135
672,134
end box29
412,163
415,163
416,163
417,164
418,165
418,166
418,167
418,168
418,170
417,171
416,172
414,172
413,172
412,171
411,170
end box30
477,177
477,175
478,174
479,173
480,171
482,171
483,170
485,171
487,172
489,173
489,175
490,177
490,178
490,181
489,183
488,184
486,186
484,186
481,186
479,185
478,183
477,182
477,180
477,178
end box31
733,147
733,144
734,141
737,138
740,138
743,137
746,137
749,137
753,138
756,140
758,143
759,147
759,150
758,154
757,158
754,161
750,162
746,162
743,162
739,161
736,160
733,157
733,154
733,150
end box32
479,175
480,174
481,174
482,174
483,174
484,174
485,175
486,176
486,177
486,178
486,179
486,181
485,182
484,183
482,183
481,183
480,182
479,181
479,180
end box33
525,121
527,120
529,119
531,118
533,119
535,120
536,121
537,123
537,130
537,132
536,135
534,136
531,136
528,136
526,135
525,133
end box34
411,170
412,170
414,170
415,170
416,171
416,172
417,175
417,177
416,178
415,178
413,179
412,178
411,178
410,177
end box35
609,162
609,162
611,162
612,163
612,163
613,167
612,168
611,168
610,169
609,168
608,168
end box36
511,174
512,174
514,174
515,174
516,175
516,182
515,183
513,183
512,182
511,182
end box37
399,163
400,163
401,163
402,163
403,163
404,164
404,170
404,171
403,172
401,172
400,172
399,171
end box38
end total39boxes
