699,187
702,177
707,166
713,154
723,150
735,148
748,148
762,147
777,148
784,157
784,174
778,224
773,232
759,233
747,234
734,237
719,240
704,238
699,228
698,211
699,199
end box0
547,187
549,183
552,180
555,179
558,178
571,178
574,180
577,183
580,186
581,191
581,196
578,200
573,201
557,200
553,200
548,199
546,195
545,191
end box1
664,188
665,184
667,181
669,179
672,178
683,178
687,178
690,180
692,183
693,187
693,192
693,196
692,201
688,203
683,203
679,202
676,203
672,203
667,202
664,200
664,195
664,191
end box2
-7,222
21,183
55,161
101,160
135,162
160,167
180,170
202,171
228,173
267,175
301,194
334,228
351,277
340,308
290,324
237,322
206,323
183,325
160,322
140,315
106,319
50,328
6,306
-7,273
end box3
573,190
573,188
575,186
576,185
578,184
585,184
587,185
589,187
590,189
590,192
590,195
589,197
587,198
584,198
577,198
575,198
573,196
573,194
572,192
end box4
end total5boxes
