223,226
237,202
259,186
284,182
306,181
324,184
339,185
355,183
373,188
394,194
418,207
436,228
443,257
435,279
409,290
376,293
356,292
339,288
324,290
306,294
286,294
255,291
229,279
224,256
end box0
598,201
600,196
607,190
611,186
617,185
635,186
643,185
647,189
652,196
655,201
656,210
655,218
651,225
645,226
617,226
607,228
601,226
598,218
599,209
end box1
777,221
798,203
817,189
836,184
853,184
867,185
879,185
894,184
909,186
932,189
953,201
966,221
974,246
966,264
941,277
916,282
897,282
850,280
829,284
803,279
776,267
770,248
end box2
705,192
706,188
711,184
715,180
719,178
724,178
729,178
734,179
741,178
746,180
749,186
748,192
724,213
716,217
708,217
705,213
703,205
704,199
end box3
442,194
455,184
467,179
478,177
486,178
493,179
498,178
504,179
512,179
521,181
534,185
550,195
557,210
552,221
534,225
515,223
505,222
499,223
492,222
486,221
478,222
462,222
445,218
440,208
end box4
714,207
715,203
717,201
720,198
722,195
726,195
729,194
734,194
739,194
743,197
744,201
737,221
729,223
725,224
720,225
716,223
714,220
713,214
714,210
end box5
489,194
491,187
494,181
501,180
508,180
513,180
518,181
523,181
529,181
534,183
538,189
543,195
546,202
545,210
540,215
531,216
524,216
518,216
513,216
508,215
503,213
496,211
491,207
490,201
end box6
371,205
372,193
378,183
390,181
403,182
412,184
420,183
428,184
436,184
445,190
455,197
463,206
466,220
466,233
458,242
443,244
430,244
420,242
412,240
end box7
721,207
723,201
725,196
730,193
734,191
740,190
745,190
751,190
758,190
764,192
765,200
762,224
757,227
750,228
745,229
739,230
732,232
724,231
720,228
719,220
720,213
end box8
727,193
734,186
742,182
748,180
753,178
758,178
768,179
776,178
785,178
794,183
797,192
796,202
792,209
744,216
734,216
725,210
725,202
end box9
714,191
715,188
718,186
720,183
723,181
726,182
729,181
732,181
737,181
741,182
744,186
743,190
742,194
721,206
716,206
714,203
712,199
712,195
end box10
710,178
713,174
717,172
720,172
733,172
737,172
742,174
745,177
746,182
744,186
739,189
714,189
709,186
708,182
end box11
567,179
567,175
570,171
573,170
577,170
586,170
590,170
593,172
596,175
598,178
599,183
599,188
596,191
592,193
587,193
583,193
580,192
577,192
573,191
569,190
567,187
567,183
end box12
700,192
700,189
703,187
704,184
707,182
710,182
713,182
716,182
721,182
724,183
726,187
725,191
713,206
709,207
705,208
701,207
699,204
698,199
699,195
end box13
496,178
499,174
504,172
508,171
522,172
526,173
532,174
537,178
538,184
536,189
530,191
497,188
495,183
end box14
750,225
751,222
751,219
751,214
753,207
758,197
764,195
769,204
772,211
772,218
772,222
772,225
772,228
772,231
771,234
770,240
769,250
765,258
756,258
753,248
752,238
752,233
751,231
750,228
end box15
925,161
926,158
926,154
927,150
929,144
934,137
940,135
945,140
947,148
949,153
949,157
950,161
950,164
950,168
949,172
949,179
946,187
941,191
933,190
929,182
927,175
926,171
925,167
925,164
end box16
245,23
246,17
250,11
256,9
262,7
268,6
273,6
279,7
285,8
291,11
296,16
298,23
299,30
297,37
292,42
285,45
279,47
273,48
268,48
262,47
255,46
249,42
246,37
245,30
end box17
563,147
563,146
564,145
564,144
565,144
566,143
567,143
568,143
569,144
571,144
572,145
572,147
572,148
572,150
572,151
571,153
569,154
567,154
566,154
564,153
563,152
563,150
563,149
end box18
560,146
560,144
561,143
562,141
563,140
565,140
566,140
568,140
570,141
572,142
573,144
574,145
573,148
573,150
573,152
571,154
569,155
567,155
564,155
562,154
561,153
560,151
560,149
560,147
end box19
676,177
677,176
678,176
679,176
680,177
681,178
681,179
682,180
682,181
682,182
682,184
681,185
680,186
678,187
677,186
676,185
675,184
end box20
676,187
677,186
678,186
679,186
681,186
681,188
682,189
682,190
682,192
682,194
681,195
680,197
678,197
677,197
676,195
675,194
end box21
566,156
567,157
568,158
568,159
568,161
568,163
567,164
566,165
563,164
562,164
561,163
end box22
544,157
548,157
549,158
549,159
550,160
550,162
550,164
549,165
547,165
545,165
544,165
543,164
end box23
743,173
744,172
745,172
746,172
747,171
748,172
749,173
750,174
750,175
750,176
750,177
750,179
749,180
748,181
745,181
744,180
743,179
742,178
end box24
679,159
680,160
681,161
681,162
681,163
681,164
681,166
680,167
679,167
676,167
675,167
674,166
end box25
672,178
673,177
674,175
675,174
677,173
679,172
681,173
682,174
684,176
684,178
685,180
685,181
685,184
684,186
683,188
681,190
679,190
676,190
674,188
673,186
672,184
672,183
672,181
end box26
660,160
661,160
661,161
662,162
662,164
662,166
661,167
659,167
657,167
656,167
655,166
end box27
779,157
780,156
781,156
782,156
783,157
784,158
784,165
783,166
781,166
780,166
779,165
end box28
647,187
648,186
649,186
651,186
652,187
653,188
653,190
654,194
654,196
653,197
651,198
649,198
648,198
646,197
end box29
end total30boxes
