454,200
461,192
468,184
476,179
485,179
493,178
500,178
509,178
518,179
526,183
536,191
541,199
541,212
541,225
534,233
520,234
508,232
500,232
493,231
486,229
475,231
461,232
454,224
452,212
end box0
526,189
527,182
530,179
537,179
542,179
547,179
552,180
557,181
561,184
563,189
565,194
564,199
565,205
564,212
560,215
554,216
547,214
542,213
537,213
532,212
end box1
723,245
732,217
761,190
785,176
815,173
843,177
868,178
895,176
926,179
949,193
977,219
991,246
999,287
993,326
976,353
939,358
894,340
867,337
842,345
811,356
768,368
733,357
721,325
722,286
end box2
589,175
589,173
590,171
591,170
594,170
599,170
602,170
604,171
605,173
606,175
607,178
607,181
606,184
604,185
600,185
598,184
595,184
593,184
591,184
589,182
588,180
588,178
end box3
571,178
572,176
573,174
574,172
576,172
578,171
581,171
583,172
585,172
588,173
589,176
590,178
591,181
591,184
590,188
587,189
584,189
581,189
578,189
575,189
573,188
571,186
570,183
570,181
end box4
638,187
639,184
642,182
644,179
646,179
655,179
658,179
660,181
663,184
664,187
665,191
665,195
664,199
660,200
645,200
641,200
638,198
638,194
638,190
end box5
595,174
596,173
597,173
598,172
600,172
601,173
602,174
603,175
604,176
604,177
604,179
604,181
602,181
601,182
599,182
598,182
597,181
595,181
595,179
end box6
605,171
605,170
606,170
610,170
611,171
612,172
613,173
613,174
613,176
612,177
611,178
610,178
608,179
607,178
606,178
605,177
604,176
end box7
638,177
639,175
640,174
641,172
642,172
644,171
645,171
647,171
649,172
651,173
652,175
653,176
652,179
652,181
652,183
650,184
648,185
645,185
643,185
641,185
639,184
638,182
638,180
638,178
end box8
638,188
638,186
639,185
641,183
642,182
651,182
653,184
655,186
656,188
656,191
656,194
655,197
652,198
649,198
644,198
641,198
639,198
637,196
637,193
637,191
end box9
610,163
614,163
614,163
615,164
616,165
616,166
616,167
616,169
614,169
613,170
612,170
611,170
610,169
609,168
end box10
582,206
582,201
585,196
589,194
592,196
593,203
593,207
592,215
593,217
593,222
593,230
589,232
584,231
582,225
582,218
end box11
577,197
576,195
577,192
577,188
579,182
584,175
589,171
593,176
595,185
597,190
598,193
597,197
596,200
596,203
595,206
595,212
594,222
590,224
582,222
580,215
579,207
579,204
578,202
577,200
end box12
1016,141
1017,141
1019,140
1020,141
1021,149
1020,150
1017,150
1016,149
end box13
923,154
924,153
926,153
927,154
928,155
928,162
927,163
925,163
924,163
923,162
end box14
673,142
674,142
675,141
676,141
677,142
678,143
678,148
677,149
677,151
675,151
674,151
673,150
end box15
510,157
511,156
512,156
513,156
514,157
515,158
515,165
514,166
512,167
511,166
510,165
end box16
end total17boxes
