608,196
610,192
615,188
618,185
623,185
632,184
636,185
642,185
645,187
649,192
652,196
653,203
653,210
651,216
645,217
637,215
621,216
613,218
609,216
608,209
609,202
end box0
1114,186
1118,183
1123,180
1126,179
1141,179
1145,180
1151,182
1155,186
1157,192
1155,197
1149,199
1142,199
1129,200
1124,199
1117,200
1112,197
1111,192
end box1
669,193
669,188
673,181
675,175
682,175
701,175
708,176
711,180
713,188
716,192
715,200
715,207
714,216
712,220
701,217
680,219
670,221
670,216
669,206
670,199
end box2
1197,185
1200,182
1204,180
1207,179
1220,179
1224,180
1228,182
1232,185
1233,190
1232,195
1228,198
1222,198
1206,197
1200,197
1197,194
1196,190
end box3
1019,186
1022,183
1026,181
1028,180
1031,179
1041,179
1044,180
1048,182
1052,186
1054,190
1053,195
1048,197
1043,197
1030,197
1027,197
1022,197
1018,194
1017,190
end box4
832,182
832,180
834,178
835,177
837,176
844,176
846,177
848,179
849,181
849,184
849,187
848,189
846,190
843,190
836,190
834,190
832,188
831,186
832,184
end box5
1161,186
1167,183
1172,181
1193,181
1199,182
1205,186
1208,192
1205,197
1197,199
1167,199
1161,197
1158,192
end box6
863,181
864,179
865,178
867,176
869,176
877,176
879,177
881,179
882,181
883,184
882,187
881,190
878,190
875,191
868,191
865,191
863,189
862,186
862,184
end box7
852,181
852,180
854,178
855,177
857,176
865,176
867,177
869,179
870,181
870,184
869,187
868,189
866,190
858,191
856,191
853,191
851,189
851,186
851,184
end box8
882,182
882,180
884,178
885,177
887,176
892,176
894,176
897,177
898,179
899,181
899,184
899,187
898,189
895,190
893,190
891,190
888,190
886,190
884,190
882,188
881,186
881,184
end box9
507,190
508,188
509,186
510,185
512,185
519,185
521,185
523,187
524,189
524,192
524,195
523,197
520,198
518,198
515,197
513,198
511,198
509,198
507,196
506,194
506,192
end box10
412,193
412,191
413,190
414,188
416,187
423,187
425,187
427,188
429,191
430,193
430,196
430,199
429,202
427,203
423,204
416,203
413,203
411,201
411,198
411,196
end box11
752,178
752,176
754,174
755,173
757,173
764,173
766,173
768,175
769,177
769,180
769,183
768,185
765,186
763,186
761,186
759,186
757,186
754,185
752,184
752,182
751,180
end box12
799,179
800,177
802,176
804,175
813,174
816,175
819,176
821,179
821,182
821,185
818,188
815,188
802,188
800,187
798,185
798,182
end box13
756,175
757,174
761,174
762,175
763,176
764,177
764,178
763,180
763,181
762,182
761,182
759,183
758,182
757,182
756,181
755,180
end box14
764,178
764,176
766,175
768,174
778,173
780,174
782,176
784,178
784,181
784,184
782,187
779,187
769,187
766,187
764,186
763,183
763,181
end box15
601,193
601,191
602,190
603,188
604,187
606,187
607,186
609,187
612,187
613,188
614,190
614,192
614,194
613,196
613,199
611,200
610,201
608,202
605,202
603,202
601,200
601,198
600,196
600,194
end box16
836,178
837,178
842,178
843,178
844,179
844,181
844,182
844,184
844,186
843,187
841,187
838,187
836,187
835,186
834,185
end box17
784,179
785,177
787,176
789,175
799,174
801,174
804,176
805,179
806,182
805,185
803,188
800,188
790,188
787,189
785,187
783,185
783,182
end box18
898,182
898,180
900,179
901,178
902,177
904,177
905,176
907,177
909,177
911,178
912,179
913,181
913,184
913,186
912,188
910,189
908,190
905,190
903,190
901,190
899,189
898,188
897,186
897,184
end box19
422,194
422,192
423,190
424,189
426,188
428,188
429,187
431,188
433,188
435,190
436,192
437,193
437,196
437,198
436,200
434,202
432,203
430,202
427,202
425,202
424,201
422,199
422,197
422,195
end box20
510,190
510,189
511,188
511,187
512,187
515,186
516,187
517,188
518,189
519,190
519,191
519,193
518,194
517,195
516,196
514,196
513,196
511,195
510,194
510,193
510,192
end box21
480,190
485,189
486,190
487,191
487,192
488,193
487,195
487,196
486,197
484,197
482,197
481,197
480,196
479,195
end box22
987,187
989,184
993,181
996,180
999,180
1009,180
1012,181
1016,183
1020,187
1022,191
1021,196
1017,199
1011,199
998,199
994,199
989,198
986,195
985,191
end box23
1040,186
1043,183
1047,181
1050,180
1052,180
1062,180
1065,180
1070,182
1074,186
1076,191
1074,195
1069,197
1064,198
1060,197
1051,197
1048,197
1043,197
1039,194
1037,190
end box24
650,191
650,189
651,187
652,186
654,185
663,185
665,186
667,189
667,191
668,194
667,197
667,200
664,201
661,201
654,201
651,200
650,199
649,196
649,194
end box25
494,189
494,189
495,188
496,188
497,188
498,189
498,189
499,190
499,191
499,192
499,193
499,195
498,195
497,196
496,196
495,196
494,195
493,194
493,194
end box26
787,180
792,176
796,175
815,175
821,176
826,179
828,185
826,189
819,191
792,191
787,189
785,185
end box27
193,211
196,206
201,202
206,200
211,200
215,200
218,200
222,200
227,200
232,201
237,206
241,210
244,218
243,224
238,229
230,230
224,229
214,229
209,230
202,230
196,229
191,224
192,217
end box28
640,190
641,187
642,186
645,185
646,185
649,185
651,185
652,186
654,187
655,189
656,191
656,194
656,196
656,199
654,201
652,202
649,201
646,200
644,200
end box29
376,196
377,195
378,194
379,194
381,194
382,195
383,196
383,198
383,203
383,205
381,206
380,207
378,206
376,205
376,203
end box30
539,142
540,142
542,141
543,142
544,143
544,150
543,151
541,151
540,151
539,150
end box31
642,125
643,124
644,124
645,124
646,125
646,125
646,131
645,132
644,132
643,132
642,131
end box32
758,157
759,157
761,157
762,157
763,158
763,165
762,165
760,166
759,165
758,165
end box33
end total34boxes
