579,188
581,186
583,183
585,181
587,181
599,180
601,182
603,185
605,188
605,191
605,195
604,199
601,200
587,200
583,200
580,199
579,195
579,191
end box0
604,192
604,191
606,189
607,188
616,188
618,188
620,190
621,192
622,195
621,198
620,200
617,200
608,200
606,201
604,199
603,197
603,195
end box1
490,180
490,178
491,176
492,175
494,174
496,174
499,174
501,174
503,175
504,177
505,179
506,182
506,184
505,187
503,188
500,189
498,189
495,189
493,189
491,188
489,186
489,184
489,182
end box2
588,181
588,179
589,178
591,176
593,176
601,176
603,177
604,179
606,181
606,184
606,187
604,190
602,190
592,190
590,190
588,189
587,186
587,184
end box3
576,177
580,177
581,177
582,178
582,179
582,180
582,181
582,183
581,184
579,184
578,184
577,184
576,184
575,183
574,182
end box4
508,179
508,177
509,176
510,175
511,174
513,173
514,172
516,173
518,174
520,175
520,177
521,179
521,181
521,183
521,185
519,186
517,187
515,188
512,187
510,187
509,186
508,184
507,182
507,180
end box5
647,175
648,175
649,175
650,175
651,175
652,176
652,177
653,178
653,179
653,180
653,182
652,183
651,184
649,184
648,184
647,183
646,182
end box6
512,175
512,174
513,174
514,174
515,174
516,174
517,175
517,176
518,177
518,178
518,179
518,181
517,182
516,182
514,183
513,182
512,182
511,181
511,180
end box7
482,160
482,160
483,160
484,160
484,160
485,160
486,161
486,162
486,163
486,164
486,165
485,166
484,167
483,167
482,167
481,166
end box8
492,158
493,157
495,157
496,158
496,158
497,159
497,160
497,162
497,163
497,165
495,165
494,165
493,165
492,164
end box9
608,161
612,161
613,162
613,163
614,166
614,168
613,169
612,169
610,170
609,169
608,169
end box10
647,186
648,185
649,185
650,185
651,186
652,187
652,192
651,193
651,195
649,195
648,195
647,193
end box11
652,174
653,173
655,173
656,174
656,174
657,175
657,176
657,178
657,179
656,180
655,181
654,181
653,181
652,180
651,179
end box12
494,177
495,176
496,176
497,176
498,176
499,176
500,177
501,178
501,179
501,180
501,181
501,183
500,184
499,185
497,185
496,185
495,184
494,183
493,182
end box13
429,173
430,172
431,172
433,172
434,173
435,174
435,181
434,183
433,184
432,185
430,184
428,183
end box14
603,162
604,163
605,164
605,165
605,167
605,169
604,170
603,170
600,170
599,170
end box15
558,141
559,140
561,140
562,141
562,141
562,147
561,148
560,148
559,148
558,147
end box16
607,173
608,173
610,173
610,173
611,174
611,174
612,175
612,176
612,177
612,178
611,179
610,179
609,180
608,179
607,179
end box17
608,161
612,161
613,162
613,163
614,166
614,168
613,169
612,169
610,170
609,169
608,169
end box18
492,158
493,157
495,157
496,158
496,158
497,159
497,160
497,162
497,163
497,165
495,165
494,165
493,165
492,164
end box19
end total20boxes
