567,185
585,176
598,171
607,169
614,169
620,169
625,168
631,169
638,170
647,172
663,175
679,184
683,199
675,207
656,211
640,210
604,211
591,211
570,207
565,199
end box0
340,186
343,182
347,178
351,176
356,176
367,176
372,176
377,177
381,181
385,186
387,192
386,199
381,202
373,203
368,202
360,201
355,202
349,203
342,203
338,199
338,192
end box1
455,180
456,177
458,174
460,172
463,172
472,172
475,172
477,174
480,177
482,179
481,183
482,188
480,192
477,193
472,192
462,193
458,193
455,191
455,187
455,183
end box2
482,187
482,185
484,184
485,183
487,183
495,182
497,183
498,185
500,187
500,190
500,193
498,195
496,196
486,196
484,196
481,195
481,192
481,190
end box3
0,285
21,249
54,233
95,234
123,237
143,240
159,245
176,246
195,247
225,251
257,265
291,293
310,332
296,354
249,369
210,371
60,369
18,350
0,326
end box4
454,177
454,176
456,174
457,172
459,172
461,171
464,171
467,172
469,173
471,175
471,177
471,180
471,182
470,185
467,186
460,187
458,187
455,187
454,185
453,182
454,180
end box5
681,170
681,170
682,169
683,169
684,169
685,170
685,170
686,171
686,172
686,173
686,174
686,176
685,176
684,177
683,177
682,177
681,176
680,175
end box6
699,172
699,172
700,172
701,171
702,171
703,172
703,172
704,173
705,174
705,175
705,176
705,178
703,178
702,179
701,179
700,179
699,178
698,178
698,177
end box7
484,177
485,175
486,174
487,172
488,172
493,172
495,172
496,173
497,175
498,176
498,179
498,181
498,183
496,184
494,184
491,184
490,184
488,184
486,183
485,182
484,180
484,178
end box8
349,180
350,176
353,174
356,172
359,172
367,172
371,172
374,174
378,176
380,179
380,184
380,189
377,192
373,193
368,192
359,192
355,192
351,191
349,188
349,184
end box9
881,172
881,170
881,168
881,166
882,161
885,156
888,155
891,159
893,163
893,167
894,170
893,172
893,173
893,175
893,177
893,181
892,188
889,191
884,191
882,185
882,179
882,176
881,175
881,173
end box10
519,186
520,186
521,185
522,185
523,185
524,186
525,187
526,188
526,191
526,193
525,194
524,195
522,196
521,195
520,194
519,193
end box11
78,7
92,0
190,-1
204,6
204,27
193,32
83,33
77,26
end box12
476,158
477,158
478,159
478,160
478,161
478,162
478,163
477,164
476,164
474,164
473,164
end box13
986,61
984,50
987,42
996,44
1003,41
1012,43
1016,49
1014,61
1014,84
1014,93
1011,101
1004,105
995,104
988,101
985,93
end box14
135,83
137,72
145,70
153,66
162,68
164,79
164,124
162,136
154,138
143,137
137,133
136,119
end box15
875,135
876,135
879,135
880,135
880,137
880,144
879,145
877,146
876,145
874,145
end box16
378,89
379,88
380,88
382,88
383,89
383,98
382,100
380,100
379,100
378,99
end box17
186,89
189,83
196,85
202,88
207,91
212,93
211,99
212,103
212,107
213,110
213,114
212,119
212,125
207,127
202,132
196,134
188,134
186,127
end box18
end total19boxes
