409,206
413,200
417,196
423,194
428,194
432,193
437,193
441,194
446,194
452,195
457,200
461,206
464,213
462,220
456,224
448,225
442,225
437,225
432,225
427,225
422,224
414,223
408,219
408,212
end box0
568,194
569,188
572,180
577,176
584,176
603,176
611,176
616,180
619,188
621,193
621,201
620,209
620,219
615,222
604,220
583,220
574,221
569,217
569,208
569,201
end box1
1089,156
1090,155
1091,153
1092,152
1094,152
1095,152
1097,152
1099,153
1100,154
1101,156
1102,158
1102,159
1101,161
1101,164
1100,165
1098,166
1096,166
1093,166
1091,166
1090,165
1089,163
1089,161
1089,159
end box2
end total3boxes
