564,195
565,191
568,186
572,184
576,183
581,183
584,183
588,184
594,184
597,186
600,191
602,195
603,201
603,206
601,212
596,213
589,212
584,212
580,212
575,213
569,214
565,211
563,206
564,200
end box0
546,187
547,186
550,186
552,186
554,188
555,190
556,192
556,194
556,196
556,198
556,200
555,203
553,204
550,205
547,205
545,203
end box1
1164,236
1165,233
1176,233
1178,235
1179,258
1177,260
1165,259
end box2
546,174
547,174
549,174
550,175
551,176
552,177
552,178
551,180
551,181
550,182
548,182
547,183
546,182
545,182
544,181
543,180
end box3
608,190
609,189
610,189
611,189
612,190
613,191
614,192
614,193
614,194
614,195
614,197
613,198
612,199
610,200
609,199
608,198
607,197
end box4
642,160
643,159
644,159
645,159
646,160
647,161
647,162
647,167
647,168
646,169
644,169
643,169
642,168
641,167
end box5
end total6boxes
