-8,224
37,180
90,165
141,168
172,170
193,170
212,172
233,171
255,176
293,179
340,194
398,229
424,283
400,307
320,318
267,318
87,319
15,304
-12,278
end box0
571,175
571,173
572,172
574,170
576,170
584,170
586,171
587,173
589,175
589,178
589,181
588,184
585,185
582,185
575,184
573,184
571,183
570,180
570,178
end box1
556,178
556,175
557,174
559,172
561,172
563,171
566,172
568,172
570,173
572,175
573,177
573,180
573,183
572,186
570,187
567,187
565,186
562,186
560,186
558,186
556,184
556,182
556,180
end box2
483,180
484,176
486,173
490,172
501,173
503,174
506,175
510,177
512,180
514,184
514,188
510,191
506,192
502,192
499,192
484,183
end box3
459,188
459,182
461,176
467,175
473,175
477,175
482,175
486,176
490,177
494,180
497,184
501,188
503,194
503,200
499,205
493,207
487,207
482,207
end box4
519,181
519,178
521,175
524,174
527,174
532,174
534,175
536,175
539,176
542,178
543,181
544,185
544,188
542,191
539,192
535,192
532,191
529,191
520,187
519,184
end box5
474,185
474,179
478,174
484,173
491,173
495,173
500,174
504,174
508,175
513,177
517,181
522,186
525,193
524,199
518,203
511,204
505,205
500,204
496,204
end box6
535,178
535,175
538,172
540,170
544,171
551,171
554,171
557,173
560,175
562,178
563,182
563,186
560,189
556,190
552,190
549,189
546,189
544,189
540,188
537,187
535,185
535,181
end box7
587,176
587,174
588,173
590,171
591,171
598,171
600,172
601,173
602,175
602,178
602,180
601,183
599,183
596,183
590,184
588,183
587,182
586,180
586,177
end box8
637,180
638,178
639,176
640,175
642,174
644,174
647,174
649,175
651,175
653,177
654,179
654,182
654,184
653,187
651,188
648,188
646,188
643,188
641,188
639,188
637,186
637,184
637,182
end box9
296,169
309,151
332,143
353,143
367,144
378,145
387,145
397,146
409,146
425,148
445,156
465,171
472,194
466,209
438,218
414,217
330,217
304,208
296,193
end box10
540,179
539,177
540,175
542,173
544,173
546,173
549,173
551,174
553,175
554,176
555,178
556,181
556,183
555,186
553,187
550,187
548,187
546,187
543,187
541,186
540,185
539,182
539,180
end box11
576,174
577,173
578,172
581,172
583,172
584,173
585,174
586,176
586,177
585,179
585,181
584,182
582,182
580,183
579,182
577,182
576,181
575,180
end box12
670,182
670,180
671,178
672,177
674,176
676,175
677,175
679,176
682,176
684,177
685,179
685,181
685,184
685,186
684,189
682,190
680,190
678,191
675,191
673,191
671,190
670,188
669,185
669,183
end box13
621,178
621,176
622,175
624,173
625,173
627,173
630,173
632,173
634,174
635,176
636,177
636,180
636,182
635,184
633,185
631,186
628,185
627,185
625,185
623,185
621,183
621,181
621,179
end box14
591,174
591,173
591,173
592,172
595,172
596,172
597,173
598,174
598,175
598,176
598,177
598,179
597,180
595,180
594,180
593,180
592,180
591,179
590,178
590,177
end box15
624,177
624,176
625,175
626,175
627,175
628,175
629,175
630,176
630,177
631,178
631,179
631,180
631,182
630,183
628,183
627,184
626,183
625,183
624,182
623,181
end box16
501,180
502,176
504,174
507,173
511,173
516,173
518,174
520,174
523,176
526,177
528,180
530,184
529,188
527,191
523,191
519,191
516,191
503,186
502,183
end box17
916,277
935,244
955,216
976,193
1005,183
1036,178
1068,175
1102,175
1139,181
1166,200
1181,235
1191,273
1192,313
1189,351
1177,389
1150,411
1105,406
1067,393
1036,390
1000,400
960,403
929,380
913,351
909,315
end box18
-1,237
0,217
17,213
36,217
50,221
61,230
71,238
78,249
79,258
80,270
83,280
85,292
83,309
80,323
67,332
53,339
35,339
17,338
3,332
3,311
end box19
688,206
692,198
700,190
707,183
716,183
725,183
732,183
740,184
750,184
757,189
766,197
769,205
770,217
769,229
766,240
754,240
715,240
701,243
692,239
687,230
687,218
end box20
525,178
526,176
527,175
529,175
531,174
532,174
534,175
536,175
537,176
538,178
539,180
540,182
540,184
539,186
537,187
535,188
533,188
531,187
end box21
642,175
642,175
643,174
644,174
645,174
646,174
647,174
648,175
649,176
649,177
649,178
649,179
649,181
648,182
647,182
645,183
644,182
643,182
642,181
641,180
end box22
470,179
471,175
473,172
477,171
488,172
491,172
494,174
498,175
500,179
502,183
501,187
498,191
494,192
489,192
471,182
end box23
549,177
550,174
552,171
555,170
558,170
560,170
563,170
565,170
568,170
571,172
574,174
576,177
577,181
577,185
574,188
570,189
566,189
563,188
560,188
557,188
554,188
551,187
549,184
548,180
end box24
612,173
612,173
613,172
614,172
615,172
616,173
617,173
617,174
618,175
618,176
618,177
618,179
617,179
615,180
614,180
613,180
612,179
611,179
610,178
end box25
529,158
530,158
532,158
532,158
533,158
534,159
534,160
534,161
534,162
534,163
533,164
532,165
531,165
530,164
529,164
529,163
end box26
564,159
565,160
565,160
566,161
566,162
566,163
566,164
565,165
564,165
563,165
562,165
561,165
end box27
547,160
548,161
548,161
549,162
549,163
549,164
549,165
548,166
547,166
546,166
545,166
544,166
544,165
end box28
end total29boxes
