25,236
43,216
66,208
88,207
103,207
114,208
125,207
136,208
149,208
165,213
186,222
213,238
221,263
214,279
184,288
154,286
137,284
125,283
61,285
34,276
24,260
end box0
847,190
850,187
852,185
854,184
857,184
867,183
870,185
873,187
876,190
877,194
877,198
874,201
869,202
865,201
856,201
852,201
848,201
846,198
846,194
end box1
934,180
934,178
935,176
936,174
938,174
940,173
941,173
943,173
946,174
947,175
948,177
950,179
950,182
950,184
949,187
947,189
944,189
942,189
939,189
937,189
935,188
934,186
933,184
933,182
end box2
371,206
374,201
379,197
384,195
390,196
401,196
407,195
412,197
417,202
421,206
423,214
423,221
417,225
409,226
403,225
389,225
382,226
375,225
370,220
370,213
end box3
225,208
226,204
229,202
232,200
235,200
247,200
250,201
254,204
256,208
257,212
257,217
254,220
249,221
235,220
231,220
227,219
224,216
224,212
end box4
916,179
916,177
917,175
918,174
921,174
929,174
931,175
932,177
933,179
934,182
934,185
933,188
930,189
927,189
920,188
918,188
916,186
915,184
915,182
end box5
891,179
893,175
897,173
900,172
913,173
916,174
920,175
923,179
925,183
924,188
920,190
915,190
911,190
899,189
894,189
891,187
890,183
end box6
865,189
865,187
866,186
867,184
869,183
871,183
874,183
876,183
878,184
880,185
881,187
882,189
882,192
882,195
882,198
879,199
876,199
874,199
871,199
869,199
866,198
865,197
864,194
864,192
end box7
204,209
205,206
208,203
211,202
224,202
228,203
231,205
233,209
234,213
234,217
231,220
226,221
222,221
213,220
210,220
206,219
203,216
203,213
end box8
910,179
912,175
915,173
918,172
931,172
934,173
938,175
940,179
942,183
941,188
938,190
933,191
929,191
920,190
917,190
913,189
910,186
910,183
end box9
927,157
927,157
928,158
928,159
928,161
928,162
928,163
926,164
925,164
924,164
923,163
922,162
end box10
800,163
800,162
801,162
802,162
803,162
804,162
805,163
805,164
805,165
805,166
805,167
805,168
805,170
804,170
802,171
801,170
800,170
799,169
end box11
541,174
542,174
543,174
544,174
545,174
546,175
546,176
547,181
546,182
545,182
543,183
542,183
541,182
end box12
1009,157
1010,158
1010,161
1009,162
end box13
610,190
611,189
613,189
614,190
615,190
616,192
617,193
616,196
616,197
615,198
614,199
612,200
611,199
609,199
609,197
end box14
607,175
608,174
609,174
610,173
612,174
613,174
614,175
615,176
615,178
615,179
615,181
615,183
614,184
612,185
610,185
609,185
607,184
606,183
end box15
687,143
688,142
689,142
690,142
691,143
692,144
693,146
693,148
693,150
692,151
691,152
689,153
688,152
687,151
end box16
624,189
625,189
626,189
627,189
628,189
629,190
629,191
629,192
629,194
629,195
629,196
627,197
626,198
625,197
624,196
end box17
796,161
796,160
797,160
798,160
799,160
800,160
801,161
801,162
802,163
802,164
802,165
802,167
801,168
800,168
798,169
797,168
796,168
795,167
end box18
1033,123
1035,121
1043,119
1046,120
1046,123
1046,140
1044,142
1037,141
1034,140
1033,137
end box19
692,156
694,155
695,155
697,155
698,156
699,158
699,167
698,169
696,170
693,169
692,168
end box20
689,156
690,154
692,154
695,153
697,154
699,155
700,157
701,159
701,161
701,164
701,165
700,168
699,170
697,172
695,173
692,173
690,172
688,169
688,167
end box21
end total22boxes
