786,182
788,176
793,172
798,170
803,170
816,170
822,170
827,171
832,176
835,182
837,189
835,195
831,200
822,200
816,201
812,200
807,201
802,201
797,200
789,199
785,195
785,188
end box0
642,162
642,162
646,162
647,162
647,163
648,164
648,165
648,166
648,168
647,169
645,169
644,169
643,169
642,169
641,168
640,167
end box1
655,174
655,173
656,171
658,169
659,168
661,167
666,167
668,168
670,170
671,172
672,174
672,177
672,180
672,183
670,184
666,185
661,185
658,185
656,184
655,182
655,179
655,177
end box2
638,165
638,163
640,162
641,161
642,160
649,160
650,161
652,162
653,164
653,167
653,169
652,171
650,172
647,172
644,172
642,172
639,172
638,171
637,169
637,166
end box3
627,163
627,163
628,163
629,163
630,163
630,163
631,163
632,164
633,165
633,166
633,167
633,169
631,169
630,170
629,170
628,169
627,169
626,169
626,168
end box4
670,175
670,173
671,171
672,170
674,169
676,168
680,168
682,169
683,170
684,172
685,174
685,177
685,179
685,182
683,184
680,184
675,184
673,184
671,183
669,181
669,179
669,176
end box5
742,159
742,158
743,157
744,156
745,157
746,158
747,159
747,160
748,161
747,162
747,163
748,165
747,166
746,168
744,168
743,168
742,166
741,165
end box6
664,148
665,148
666,149
666,150
666,151
666,152
666,154
665,155
663,155
662,155
661,155
660,155
659,154
end box7
593,172
594,171
595,171
597,171
598,171
599,172
599,173
600,175
600,176
600,178
599,179
598,180
596,180
595,180
594,179
593,178
end box8
644,171
645,171
646,170
647,170
648,170
650,170
651,171
651,173
651,178
650,179
649,180
647,181
646,180
644,180
643,179
end box9
end total10boxes
