1011,246
1020,213
1026,181
1050,158
1084,146
1117,138
1150,130
1191,129
1230,134
1254,161
1255,205
1252,243
1254,320
1251,360
1221,379
1185,391
1151,400
1116,390
1089,367
1047,364
1005,358
1005,321
1005,282
end box0
435,188
436,181
441,177
447,175
454,176
467,177
472,177
477,179
482,184
487,188
490,196
489,204
483,208
474,208
468,208
463,208
458,207
454,207
449,206
441,206
437,201
435,195
end box1
656,195
662,188
670,180
676,176
684,175
692,175
699,175
707,175
715,176
722,180
731,187
737,195
739,207
739,220
735,229
721,230
708,227
699,226
692,226
682,229
669,231
659,228
654,219
654,207
end box2
486,178
486,174
488,171
492,169
495,170
504,170
507,170
510,172
513,174
515,178
516,182
516,186
513,190
509,191
505,191
501,190
498,190
489,187
487,185
486,181
end box3
509,175
510,173
511,171
513,171
519,172
521,172
523,173
525,175
525,177
526,180
526,183
525,185
523,187
520,187
518,187
515,186
513,186
511,185
end box4
518,176
518,173
519,172
521,170
523,170
530,170
532,171
534,173
534,175
535,178
535,181
534,184
532,184
529,184
527,184
524,184
522,184
520,184
519,182
518,180
518,178
end box5
464,183
466,179
469,177
473,177
480,177
484,177
487,178
489,181
493,184
494,187
495,192
495,197
494,202
490,204
485,204
480,203
470,201
end box6
538,173
539,171
540,169
542,168
550,168
552,169
553,170
554,172
555,175
555,177
554,180
551,180
542,180
540,180
538,179
538,177
538,175
end box7
628,179
629,176
632,173
635,171
639,171
652,171
656,172
659,175
661,179
661,184
661,189
659,193
654,194
649,193
638,194
634,194
629,193
627,188
627,184
end box8
469,182
470,178
473,175
476,174
480,174
487,174
490,175
493,176
497,178
499,182
501,186
500,190
498,194
493,195
489,196
485,195
471,189
470,185
end box9
291,200
295,185
308,178
325,177
338,178
347,180
354,179
362,180
372,181
383,185
396,191
409,202
415,219
413,233
398,241
379,242
365,241
end box10
560,164
564,164
565,165
566,166
566,167
566,168
566,170
565,170
563,171
561,170
560,170
559,170
558,169
end box11
374,193
375,186
379,181
387,181
393,181
398,182
402,182
405,182
410,183
415,185
420,189
426,194
430,201
429,208
421,213
414,214
407,214
end box12
end total13boxes
