277,246
291,225
311,206
332,198
354,197
373,197
391,195
412,190
432,195
452,205
474,223
488,245
494,276
489,303
468,318
435,323
411,321
390,313
373,312
355,316
332,317
301,314
278,301
275,275
end box0
516,189
518,186
521,182
524,179
528,179
539,179
544,179
546,181
551,185
553,189
554,194
554,200
552,205
546,206
539,204
527,205
522,205
517,204
515,199
515,194
end box1
555,179
554,177
555,175
557,173
559,172
566,173
568,174
570,175
571,177
572,179
573,182
573,185
572,189
570,190
567,190
564,189
559,189
557,188
555,186
end box2
767,274
800,235
837,209
879,202
914,201
942,205
967,207
993,208
1022,211
1058,218
1099,241
1132,275
1144,327
1135,363
1085,384
1036,389
997,381
916,374
874,385
817,388
771,365
761,326
end box3
644,179
646,176
649,174
651,172
654,172
664,172
667,173
670,176
673,179
673,183
673,187
671,191
666,191
653,190
649,191
645,190
643,187
643,183
end box4
576,172
577,172
578,172
579,172
580,172
581,172
582,173
583,174
583,175
583,176
583,177
583,179
582,180
581,181
579,181
578,180
577,180
576,179
end box5
593,170
594,170
598,169
599,170
600,171
600,172
601,173
600,175
600,176
599,177
597,177
596,178
595,177
594,177
593,176
592,175
end box6
610,170
611,170
612,169
614,169
616,170
617,170
618,171
618,173
618,174
618,176
618,178
616,178
615,179
613,180
612,179
610,179
609,178
609,177
end box7
623,176
623,174
624,173
625,171
627,171
632,170
634,170
636,171
637,173
638,175
638,178
638,180
638,183
635,184
633,184
628,184
626,184
624,184
623,182
622,179
622,177
end box8
638,173
639,172
640,171
641,171
643,171
644,172
645,173
646,174
646,181
645,182
643,183
641,183
640,183
638,182
637,181
end box9
635,173
636,172
638,171
644,170
646,171
648,172
648,174
648,183
647,185
644,186
639,187
637,187
635,185
634,183
end box10
562,143
563,142
564,142
565,142
566,143
566,143
567,144
567,145
567,146
567,147
567,148
566,149
565,150
564,150
563,150
562,149
561,148
end box11
end total12boxes
