677,202
701,183
731,179
752,179
764,179
773,179
782,178
790,181
801,182
816,184
841,188
871,204
881,228
866,239
831,247
727,246
690,240
678,228
end box0
546,171
547,170
548,170
551,170
552,171
553,172
554,173
553,174
553,176
553,177
552,178
551,178
549,179
548,178
547,178
546,177
end box1
147,193
148,191
149,189
150,188
152,186
153,185
156,185
158,185
160,187
162,188
163,190
165,192
165,195
165,198
163,200
161,202
159,204
156,204
153,204
151,203
149,201
147,199
147,197
146,195
end box2
1127,194
1128,189
1130,187
1132,185
1135,184
1138,184
1141,184
1144,186
1146,188
1148,191
1148,194
1149,197
1148,200
1147,204
1145,207
1142,208
1138,209
1135,209
1131,208
1129,206
1127,203
1127,200
1126,197
end box3
298,161
299,160
300,160
302,160
303,161
304,162
305,170
304,172
302,173
301,174
299,173
297,172
end box4
603,183
603,181
604,179
605,178
607,177
609,176
611,175
613,176
615,177
616,178
618,180
618,182
618,185
618,187
617,190
616,191
613,193
611,193
608,193
606,193
604,191
603,189
602,186
602,184
end box5
853,172
854,172
856,172
857,172
858,173
858,174
858,178
858,179
856,180
855,180
854,180
853,180
end box6
969,177
973,177
975,177
975,179
976,180
976,183
975,184
974,186
973,186
971,186
970,186
968,186
968,184
end box7
365,0
368,-1
390,-1
394,0
395,5
395,18
394,23
391,26
382,28
end box8
1019,174
1020,173
1021,173
1023,173
1024,174
1025,175
1025,184
1023,185
1022,186
1020,185
1018,184
end box9
952,173
953,172
954,172
955,172
957,172
958,173
957,182
956,183
954,183
953,183
951,182
end box10
911,189
912,188
913,188
915,188
916,189
917,190
918,191
918,198
917,199
915,200
914,201
912,200
910,199
909,198
end box11
19,161
21,160
23,159
25,159
27,159
29,160
30,161
31,163
31,165
31,168
31,170
31,172
29,174
27,176
25,176
22,176
20,175
18,173
18,171
end box12
804,154
805,154
808,154
809,154
810,155
809,164
808,164
806,165
805,165
803,164
end box13
22,160
23,160
24,159
26,159
27,160
28,161
29,162
29,164
29,165
29,167
29,169
28,170
26,171
24,171
23,171
21,170
20,169
20,167
end box14
607,177
608,176
609,175
610,175
612,175
613,176
614,177
615,178
616,180
615,181
615,183
615,185
614,186
612,187
610,188
609,187
607,186
606,185
605,184
end box15
313,92
318,89
356,89
363,92
362,100
359,103
316,103
313,99
end box16
21,171
24,170
25,171
27,171
27,172
28,174
28,177
27,178
26,179
25,180
23,180
22,180
21,179
19,178
19,177
end box17
579,172
580,171
581,171
584,171
585,172
586,173
586,178
585,179
584,180
582,180
581,180
580,179
579,178
end box18
598,144
599,144
601,143
602,144
603,145
603,152
602,153
600,153
599,153
598,152
end box19
1020,139
1021,138
1024,138
1025,139
1026,140
1025,149
1024,150
1022,150
1021,150
1019,149
end box20
50,139
51,137
51,135
53,133
55,133
58,132
60,132
64,132
65,135
65,148
64,151
61,153
58,153
55,152
53,151
51,149
50,146
50,144
50,142
end box21
151,143
152,143
155,142
156,143
157,144
157,151
157,153
155,154
153,154
152,154
150,153
end box22
607,143
608,143
609,143
610,143
611,144
612,145
612,152
611,153
609,154
608,154
607,153
end box23
1016,143
1016,142
1017,139
1018,138
1021,138
1023,138
1025,138
1027,138
1028,140
1028,143
1028,145
1028,146
1028,148
1028,151
1027,153
1025,154
1023,155
1020,155
1018,154
1017,152
1016,150
end box24
end total25boxes
