414,190
415,187
417,183
420,181
423,181
426,181
432,181
436,181
438,183
441,186
443,189
443,194
443,198
442,203
438,204
433,204
422,203
418,203
414,202
414,197
413,193
end box0
655,179
656,178
657,177
661,177
662,177
663,178
663,179
663,180
663,182
663,183
662,183
660,184
659,184
658,183
657,183
656,183
655,182
655,181
655,180
end box1
641,176
642,175
644,175
645,175
646,176
646,177
646,178
646,179
646,180
645,181
644,181
643,181
642,181
641,181
640,180
640,180
end box2
626,175
626,175
628,175
630,175
630,175
631,176
632,177
632,178
632,179
632,181
630,181
629,182
628,182
627,182
626,181
625,181
625,180
end box3
610,174
614,174
614,174
615,175
616,176
616,177
616,178
616,180
614,180
613,181
612,181
611,180
610,180
609,180
609,179
end box4
524,194
524,192
525,190
526,189
528,189
535,189
536,190
538,192
539,193
540,196
540,199
539,201
536,202
534,202
528,201
525,201
524,200
523,198
523,196
end box5
616,146
617,146
617,147
618,148
618,149
618,150
617,152
617,152
615,153
614,153
613,153
612,152
611,151
end box6
614,157
615,157
616,158
616,162
615,163
614,163
613,164
612,163
611,163
end box7
563,176
563,176
564,175
565,175
566,175
567,176
568,176
568,177
569,178
569,179
569,180
569,182
568,183
566,183
565,184
564,183
563,183
562,182
end box8
706,174
706,174
707,173
709,173
710,174
710,174
711,175
711,176
711,177
711,178
711,179
710,180
709,181
708,181
707,181
706,180
705,179
end box9
704,190
705,189
706,189
707,189
708,190
708,190
709,195
708,196
707,197
706,198
705,197
704,196
end box10
698,157
699,158
699,163
698,164
693,164
692,163
end box11
642,131
643,130
644,130
645,130
646,131
646,137
645,138
644,138
643,138
642,137
end box12
605,127
606,127
608,127
609,127
609,128
609,134
609,135
607,136
606,135
605,135
end box13
641,139
642,138
644,138
645,139
645,139
645,145
644,146
643,146
642,146
641,145
end box14
559,146
559,146
560,146
561,146
561,146
562,147
562,151
562,152
561,152
560,153
559,152
558,152
end box15
656,106
657,105
658,105
659,105
660,106
661,107
660,114
660,115
658,116
657,115
656,114
end box16
614,157
615,157
616,158
616,162
615,163
614,163
613,164
612,163
611,163
end box17
end total18boxes
