82,230
109,207
132,189
157,184
179,183
196,183
211,181
230,180
250,183
277,188
305,204
324,229
331,262
320,284
287,296
250,297
229,297
180,292
155,296
118,297
85,285
75,262
end box0
317,187
323,178
331,168
340,164
351,164
361,164
369,163
378,164
388,164
396,169
408,178
415,187
416,202
415,215
408,224
392,226
379,224
369,221
361,221
352,222
339,224
325,223
319,213
317,201
end box1
619,110
619,108
620,106
621,104
622,103
624,101
627,100
629,101
631,103
633,105
634,107
634,109
634,112
634,114
633,116
632,119
630,121
627,122
624,122
622,120
621,117
620,115
619,113
619,111
end box2
395,119
400,119
401,120
401,129
399,130
396,130
394,130
end box3
452,139
453,138
454,138
456,138
457,139
458,140
459,141
459,148
458,149
456,150
454,151
453,150
451,149
450,148
end box4
224,100
225,98
250,98
252,100
252,109
249,111
225,110
224,108
end box5
451,129
452,128
453,128
455,128
456,129
457,130
458,131
458,133
458,136
458,137
457,139
455,140
454,141
452,140
450,139
449,138
end box6
448,135
449,133
451,132
454,131
456,132
458,133
459,135
460,137
460,139
460,141
460,143
459,146
459,149
457,151
454,152
451,151
449,149
448,146
448,144
end box7
513,140
514,140
515,140
516,140
517,140
518,141
517,147
516,148
515,148
514,148
513,148
end box8
end total9boxes
