612,165
612,163
614,162
615,161
616,160
623,160
624,161
626,163
627,164
627,167
627,169
626,171
624,172
621,172
615,173
613,172
612,171
612,168
611,166
end box0
612,170
612,169
613,167
615,165
617,165
619,164
621,164
623,164
625,165
627,166
628,168
629,170
629,173
629,176
629,179
626,180
623,180
621,180
618,180
616,180
613,180
612,178
611,175
611,173
end box1
616,161
617,161
621,160
622,161
623,162
623,163
623,164
623,165
623,167
622,168
620,168
618,168
617,168
616,167
615,166
615,165
end box2
606,172
607,169
609,166
611,164
614,163
617,163
620,163
623,163
627,163
630,165
632,168
633,172
634,176
634,180
632,184
629,186
624,185
620,185
617,185
613,186
609,185
606,183
605,179
606,175
end box3
725,189
726,186
726,182
727,177
729,168
734,156
741,154
746,162
749,173
749,180
750,185
750,189
749,192
749,196
748,199
748,207
747,221
742,228
732,228
728,216
728,202
728,197
727,195
726,192
end box4
704,188
704,186
705,182
705,178
707,170
711,158
717,157
722,165
724,175
725,181
725,185
725,188
725,191
724,194
723,197
724,204
723,216
718,222
709,222
704,215
705,201
705,196
704,193
704,191
end box5
975,239
974,230
975,220
978,206
983,183
996,157
1009,161
1024,186
1032,204
1033,219
1032,230
1035,238
1033,246
1030,253
1028,262
1025,271
1022,293
1012,320
992,328
978,314
979,277
977,263
975,254
974,246
end box6
608,188
609,185
609,182
610,177
612,173
616,168
621,167
626,170
628,176
629,181
631,184
631,188
630,191
630,195
630,198
631,208
629,215
622,212
615,213
609,215
608,204
610,197
609,193
608,191
end box7
551,169
551,169
552,168
553,168
554,168
555,169
555,169
556,170
556,171
556,172
556,173
556,174
555,175
554,176
553,176
552,176
551,175
550,174
end box8
551,161
551,160
552,160
553,160
554,160
555,160
556,161
556,162
557,163
557,164
556,165
557,167
556,168
555,169
553,169
552,169
551,168
550,166
end box9
764,0
766,-3
803,-4
805,0
805,6
804,11
768,13
764,10
764,6
end box10
586,158
587,157
588,157
589,157
590,158
590,158
591,159
591,160
591,161
591,162
591,163
590,164
589,165
588,166
587,165
586,164
586,163
end box11
536,158
537,157
538,157
539,157
540,158
541,159
542,160
542,161
542,163
542,165
541,166
540,167
538,167
537,167
536,166
535,165
end box12
538,174
538,174
539,173
540,173
541,173
542,174
542,174
543,175
543,176
543,177
543,178
543,179
542,180
541,181
540,182
539,181
538,180
538,179
end box13
338,202
341,198
342,190
346,186
352,185
358,183
363,183
369,185
376,186
380,189
381,197
384,202
384,209
384,216
385,224
379,228
371,230
364,229
357,231
349,231
341,230
337,224
338,216
339,208
end box14
608,188
609,185
609,182
610,177
612,173
616,168
621,167
626,170
628,176
629,181
631,184
631,188
630,191
630,195
630,198
631,208
629,215
622,212
615,213
609,215
608,204
610,197
609,193
608,191
end box15
681,154
682,154
683,154
684,154
685,154
686,155
686,162
685,163
683,163
682,163
681,162
end box16
end total17boxes
