233,178
244,156
259,135
279,124
302,119
324,121
344,120
367,118
390,123
414,132
429,153
434,178
438,208
434,235
420,252
387,255
364,259
344,258
326,256
307,252
281,255
248,253
233,236
231,208
end box0
1121,211
1122,207
1123,202
1124,195
1128,187
1135,171
1143,164
1151,176
1154,190
1155,199
1156,206
1157,211
1156,216
1156,221
1154,227
1155,238
1154,258
1145,263
1132,259
1127,242
1127,228
1125,223
1123,220
1122,216
end box1
468,199
469,196
469,193
469,188
471,180
476,170
482,168
487,175
490,185
490,191
490,195
490,199
490,202
490,205
489,209
489,216
489,227
483,234
474,235
470,224
470,212
470,207
469,205
468,202
end box2
97,189
98,183
99,176
103,169
108,163
114,152
122,155
128,166
133,172
137,177
139,183
141,189
141,194
139,200
136,205
135,214
131,221
124,229
113,230
106,224
103,214
101,205
97,200
98,194
end box3
507,124
507,122
528,121
529,124
528,130
526,133
508,132
507,130
end box4
90,140
91,138
103,138
104,141
103,158
91,159
89,157
end box5
598,142
599,142
600,142
602,141
603,142
604,143
603,152
602,153
600,153
599,153
597,152
end box6
end total7boxes
