385,217
390,210
397,200
403,193
413,192
423,193
432,192
441,193
451,194
458,199
469,208
472,216
471,230
470,242
466,253
456,255
440,251
431,251
401,254
390,253
386,242
385,230
end box0
-17,276
2,247
24,219
52,205
82,201
109,205
133,209
159,210
187,214
218,223
239,248
253,278
259,316
250,347
228,371
198,384
164,383
135,379
109,380
78,389
41,394
6,379
-18,353
-22,318
end box1
353,198
354,195
356,193
359,191
362,191
364,191
367,191
369,191
372,191
375,192
378,195
380,198
380,202
380,206
378,209
374,210
370,210
364,210
361,210
357,210
353,209
352,205
353,201
end box2
399,208
401,201
407,194
414,192
421,192
439,193
447,192
453,195
459,202
464,208
465,218
464,227
459,233
448,234
440,233
415,232
405,231
400,225
399,217
end box3
end total4boxes
