685,204
690,197
699,187
706,182
716,182
725,182
732,182
741,182
750,183
759,187
769,195
773,204
773,217
772,229
767,238
753,238
715,239
700,243
689,241
684,230
684,218
end box0
539,178
539,176
540,175
541,173
543,172
550,172
552,173
554,174
555,176
557,178
557,181
557,184
556,187
554,188
550,188
543,188
540,188
538,186
538,183
538,181
end box1
1057,284
1070,263
1083,244
1099,231
1119,230
1139,228
1157,226
1181,221
1206,219
1228,230
1237,255
1240,281
1236,367
1217,380
1184,374
1158,367
1137,363
1113,367
1083,372
1059,361
1050,338
1049,311
end box2
657,191
659,187
663,182
667,178
672,176
677,176
682,176
687,177
695,176
701,178
703,184
703,191
697,208
693,211
677,213
669,216
660,217
657,213
655,205
657,198
end box3
590,172
590,171
592,169
593,168
595,167
603,167
605,168
606,170
607,172
608,175
608,178
607,181
604,181
601,181
594,181
592,181
590,180
589,177
589,175
end box4
576,173
577,172
578,172
580,172
581,172
582,173
583,174
584,175
584,176
583,178
584,179
582,180
580,180
579,181
578,180
577,180
576,179
575,178
end box5
543,175
544,174
545,173
548,173
550,173
551,174
551,176
552,177
552,178
552,180
552,182
551,183
549,183
547,183
546,183
544,183
543,182
542,181
end box6
524,178
525,176
525,175
527,173
528,173
530,173
531,172
533,173
535,173
537,174
538,176
538,178
538,180
538,182
538,184
536,185
534,186
531,185
530,185
528,185
526,184
525,183
524,181
524,179
end box7
508,181
508,179
509,177
510,176
512,175
514,175
515,174
517,175
519,176
521,177
521,179
522,180
523,183
523,185
522,188
521,189
518,190
516,190
513,189
511,189
510,188
509,186
508,184
508,182
end box8
559,173
560,172
561,172
562,172
563,172
564,172
565,173
565,174
566,175
566,176
566,177
566,179
565,180
563,180
562,180
561,180
560,180
559,179
558,178
end box9
528,174
528,174
529,173
530,173
531,173
532,174
532,174
533,175
533,176
533,177
533,178
533,179
532,180
531,181
530,181
529,181
528,180
527,179
527,179
end box10
609,176
609,174
609,173
609,171
610,167
612,163
615,161
618,164
619,168
620,171
620,174
620,176
620,177
619,179
619,181
619,185
619,192
616,193
612,192
610,187
610,182
609,180
609,178
609,177
end box11
798,193
798,187
799,180
801,172
805,160
813,148
821,151
829,165
833,174
835,182
835,188
836,193
836,198
835,203
832,207
831,214
829,227
823,245
811,247
805,230
804,214
801,208
799,203
798,198
end box12
1074,9
1075,0
1162,0
1164,8
1164,24
1163,34
1075,33
1075,23
end box13
531,159
532,158
534,159
535,159
535,159
536,160
536,161
536,163
536,164
535,165
534,166
533,166
532,166
531,165
end box14
548,160
549,161
549,161
550,162
550,163
550,164
550,165
549,166
548,166
547,166
546,166
545,166
545,165
end box15
563,163
564,163
564,163
564,164
565,165
565,166
565,167
564,168
563,168
562,168
561,168
560,167
end box16
1073,21
1077,13
1154,13
1161,21
1160,34
1155,42
1078,41
1075,33
end box17
580,160
581,161
581,161
582,162
582,163
582,164
582,165
581,166
580,166
579,166
578,166
577,166
577,165
end box18
474,221
474,217
474,212
478,210
482,210
485,211
487,215
486,220
486,223
486,225
487,226
487,229
487,232
487,236
486,241
482,243
477,243
475,239
473,234
473,230
473,228
end box19
471,221
471,219
472,216
470,210
472,204
477,202
482,203
487,203
490,208
489,215
489,218
490,221
490,224
490,227
490,231
489,235
487,241
482,244
476,245
473,240
471,234
471,230
471,226
470,224
end box20
469,208
469,205
469,202
470,196
472,188
477,180
483,181
488,187
490,195
491,200
492,204
492,208
492,211
491,214
489,217
489,222
488,232
484,239
476,237
473,229
472,220
471,216
471,213
469,211
end box21
609,176
609,174
609,173
609,171
610,167
612,163
615,161
618,164
619,168
620,171
620,174
620,176
620,177
619,179
619,181
619,185
619,192
616,193
612,192
610,187
610,182
609,180
609,178
609,177
end box22
490,197
491,194
491,191
491,186
494,180
498,174
503,174
507,180
510,185
512,190
513,193
513,197
512,200
512,203
511,207
511,213
509,220
504,223
497,223
493,219
492,210
492,205
492,202
491,200
end box23
end total24boxes
