714,192
717,169
741,142
756,122
781,116
809,118
834,118
863,119
891,125
907,140
921,168
922,192
924,222
918,253
917,285
892,286
781,289
743,300
724,286
715,259
716,225
end box0
428,203
435,196
441,187
447,181
455,179
465,179
472,179
481,179
492,179
501,184
511,192
514,202
512,215
511,228
507,237
494,239
482,237
472,236
464,236
456,237
444,238
431,237
426,227
426,215
end box1
830,274
874,227
915,196
967,190
1008,190
1037,192
1064,194
1093,196
1125,203
1175,206
1221,230
1259,274
1271,331
1253,367
1191,385
1131,388
1094,387
1064,380
1039,379
1011,382
967,392
901,392
836,372
819,334
end box2
536,182
537,178
538,174
541,172
545,172
556,172
560,172
563,174
566,178
567,181
567,186
567,191
565,195
561,197
557,197
545,195
542,194
538,193
537,189
537,185
end box3
510,192
511,188
514,184
517,182
522,182
533,182
537,182
540,185
545,188
546,192
548,197
548,203
546,209
540,210
534,209
517,207
513,206
511,202
510,197
end box4
676,202
678,198
682,193
686,190
690,188
695,187
700,187
705,188
713,187
717,190
719,197
720,202
720,209
719,215
717,221
713,224
694,225
688,226
680,226
676,223
674,215
676,209
end box5
646,192
648,188
651,186
654,184
657,184
670,183
673,185
677,188
679,191
679,196
678,200
676,204
671,205
656,205
652,205
648,204
646,200
646,196
end box6
637,182
637,180
639,178
640,177
642,176
650,176
652,177
653,179
654,181
654,184
654,187
653,189
651,190
641,191
639,190
637,188
637,186
636,184
end box7
650,191
651,189
653,187
655,186
657,186
665,185
668,186
670,188
671,191
671,194
671,197
670,200
666,201
656,201
652,201
650,200
649,197
649,194
end box8
563,162
567,162
568,163
569,164
570,165
570,166
570,168
570,169
569,171
567,171
565,171
564,171
562,170
562,169
561,168
end box9
615,161
616,160
617,160
618,160
619,161
619,161
620,166
619,167
618,168
617,168
616,168
615,167
end box10
726,144
727,143
728,143
731,142
732,143
733,144
734,151
733,153
731,154
729,154
728,154
726,153
725,152
end box11
572,176
573,176
574,175
576,175
577,176
578,177
579,178
580,179
580,180
580,182
580,183
578,184
577,185
575,186
574,185
572,184
571,183
571,182
end box12
560,177
560,175
562,173
564,173
566,172
570,172
572,173
573,174
575,176
575,178
576,181
576,183
575,186
573,188
571,189
568,189
565,188
563,187
562,186
560,184
end box13
641,178
646,177
647,178
648,179
649,180
649,181
649,183
649,184
647,185
646,186
643,186
641,185
641,184
640,183
end box14
613,144
614,144
615,144
616,144
617,144
618,145
618,152
617,153
615,153
614,153
613,152
end box15
567,178
567,176
568,175
570,174
572,173
574,173
575,174
577,175
579,176
579,178
580,180
580,182
580,184
580,186
578,188
576,189
574,189
571,189
569,188
568,187
567,185
end box16
end total17boxes
