1090,278
1092,263
1094,243
1100,224
1116,211
1136,212
1155,215
1176,219
1190,229
1195,247
1197,264
1197,279
1199,294
1198,310
1198,330
1195,351
1179,364
1157,366
1135,365
1113,364
1093,357
1087,335
1088,313
1088,295
end box0
934,257
931,248
931,238
932,221
939,196
956,153
967,142
986,177
993,211
994,232
991,247
992,256
994,266
992,274
989,283
993,311
997,365
980,383
942,378
929,351
934,298
937,278
936,270
933,264
end box1
547,205
547,200
547,192
548,182
551,165
561,146
568,150
578,171
581,186
583,194
584,200
585,205
585,210
583,215
581,219
579,226
578,242
573,268
558,269
552,246
553,225
550,219
547,215
547,210
end box2
850,252
850,245
850,235
851,222
856,199
869,173
879,167
893,199
898,222
900,235
902,244
905,251
906,260
903,267
900,275
894,283
893,310
886,345
864,341
853,321
854,283
851,273
848,266
848,259
end box3
734,251
731,240
732,228
733,209
741,181
758,140
776,126
796,162
803,202
805,224
804,239
803,250
804,261
801,271
799,282
804,312
804,364
786,381
747,378
733,350
735,300
738,276
735,268
733,260
end box4
793,265
790,253
792,240
793,219
801,187
819,156
840,157
859,187
866,219
867,240
866,255
866,265
866,276
864,285
863,297
868,326
866,370
847,385
813,382
796,363
793,323
796,297
796,285
793,275
end box5
755,235
755,220
757,189
771,146
788,129
802,180
804,218
803,235
802,245
803,251
803,258
802,264
803,274
803,290
807,340
797,382
765,372
754,329
759,282
758,270
756,264
end box6
489,158
489,156
489,154
490,150
492,147
495,145
498,147
499,152
499,155
500,157
500,159
500,160
499,162
499,164
499,168
499,174
496,175
492,174
490,170
490,165
489,163
489,161
489,160
end box7
662,264
660,252
662,239
664,218
672,187
690,155
707,163
723,200
731,225
734,242
735,254
734,265
735,274
732,283
730,293
734,319
733,360
716,376
682,378
665,363
665,319
668,294
665,284
663,274
end box8
661,254
661,247
661,238
663,226
667,205
680,171
694,164
708,191
714,217
714,235
713,246
715,254
714,261
712,268
710,277
709,290
710,324
698,348
674,349
664,319
666,285
664,274
661,268
660,261
end box9
331,263
330,249
333,235
337,213
346,180
366,155
384,166
402,198
412,221
414,240
416,253
416,264
417,276
414,285
410,295
413,320
411,360
393,378
361,377
344,358
339,322
338,299
334,287
332,276
end box10
495,160
495,158
495,156
497,152
499,148
502,148
505,151
506,155
507,158
507,160
507,162
507,163
507,165
507,167
507,171
506,177
503,179
499,178
496,174
496,168
496,166
496,165
end box11
712,239
712,226
714,202
726,165
740,168
751,199
754,226
754,238
753,247
755,253
755,258
753,264
754,272
754,286
757,324
745,346
721,348
711,317
715,280
714,270
end box12
end total13boxes
