588,162
588,160
589,159
590,157
591,157
593,156
594,155
596,156
598,156
600,157
601,159
601,161
601,164
601,166
601,168
599,169
597,171
595,171
592,171
590,170
589,169
588,167
588,165
587,163
end box0
555,163
555,161
556,160
557,159
558,158
560,157
561,157
563,157
565,158
566,159
567,161
568,163
568,164
568,167
567,169
566,170
564,171
561,171
560,171
558,170
556,169
555,168
555,166
555,164
end box1
577,157
577,157
578,156
579,156
580,156
581,156
582,157
582,158
583,159
583,160
583,161
583,163
582,164
580,164
579,164
578,164
577,164
576,163
576,162
end box2
572,162
572,160
573,159
574,157
576,157
578,156
581,156
583,157
585,158
586,159
587,161
587,164
587,166
586,169
584,170
582,170
579,170
578,170
576,169
573,169
572,168
572,165
571,163
end box3
591,158
592,157
593,156
594,156
595,156
596,157
597,158
598,159
598,160
598,161
598,162
598,164
597,165
596,166
594,166
593,166
592,165
591,164
end box4
793,208
793,204
793,198
795,191
799,182
807,164
814,163
822,174
827,186
828,196
829,202
830,208
830,213
829,219
827,224
827,235
825,253
817,260
804,260
797,243
797,228
795,222
793,217
793,213
end box5
657,159
657,158
658,157
659,157
660,157
661,158
662,159
662,160
662,161
662,162
662,163
662,164
662,166
661,167
659,168
658,167
657,166
656,164
end box6
641,161
641,160
642,159
643,159
644,159
645,160
646,161
646,162
646,163
646,164
646,165
646,167
646,168
645,169
643,170
642,169
641,168
640,166
end box7
672,157
672,156
673,155
674,155
675,155
676,156
676,157
677,158
677,160
677,161
677,162
676,164
676,165
674,166
673,165
672,164
end box8
609,126
613,126
614,127
615,128
615,133
614,134
613,135
611,135
610,135
609,134
608,133
end box9
608,108
610,107
612,106
614,106
615,106
617,107
619,109
620,111
620,113
620,114
620,117
619,119
618,121
616,122
614,123
611,122
609,121
608,120
607,118
end box10
705,142
706,141
707,141
708,141
709,142
710,143
711,149
710,150
709,151
707,152
706,151
705,150
end box11
659,124
660,123
661,123
662,123
663,123
664,123
665,124
666,125
666,126
666,128
666,130
665,131
664,132
662,132
661,132
660,131
659,130
end box12
606,139
610,139
611,140
611,141
612,146
611,147
610,147
607,147
606,147
605,146
end box13
611,110
612,109
613,109
614,109
615,110
616,110
617,112
618,113
618,114
617,116
617,117
616,118
615,119
613,120
612,119
611,118
610,117
end box14
623,124
624,123
626,123
627,124
628,125
629,126
629,131
628,132
627,133
625,133
624,133
623,132
end box15
690,158
690,157
691,156
692,156
693,156
694,157
695,158
695,159
695,163
695,165
694,166
692,166
691,166
690,165
689,163
end box16
345,240
347,234
346,227
344,211
348,202
359,202
372,201
384,200
388,211
386,226
386,234
388,240
390,246
390,253
389,262
386,271
380,279
371,285
360,285
351,279
347,268
344,260
343,252
344,245
end box17
343,207
342,199
344,191
348,181
353,167
364,145
375,138
386,159
393,177
398,187
399,197
400,206
397,214
392,220
390,227
388,238
385,256
377,270
359,272
351,262
351,236
350,225
347,219
344,213
end box18
end total19boxes
