113,180
124,150
145,131
178,128
206,126
226,126
245,127
264,129
285,134
312,141
338,157
357,184
367,219
361,247
330,257
288,260
265,263
246,265
227,263
212,254
189,252
147,256
123,241
116,214
end box0
-15,269
-8,244
10,230
35,226
60,237
78,250
94,257
108,262
124,270
141,281
149,300
156,323
153,343
140,360
126,376
106,383
83,377
61,379
36,387
9,388
end box1
576,193
578,190
580,187
583,185
586,185
598,185
601,186
604,189
606,192
607,197
607,201
605,206
601,206
581,206
578,205
576,201
576,197
end box2
500,192
500,188
502,183
505,180
510,180
522,181
527,181
530,184
533,188
534,192
536,197
536,203
535,209
530,211
524,210
510,209
506,208
503,205
end box3
718,141
719,131
751,129
753,139
753,195
751,203
719,202
end box4
371,168
372,166
373,165
374,163
375,162
377,161
379,161
380,161
382,162
384,164
385,166
386,167
386,170
386,172
385,174
383,176
381,178
379,178
376,178
374,177
372,175
372,173
371,171
371,169
end box5
406,125
407,123
408,122
420,121
422,122
423,125
423,133
423,136
421,137
407,137
406,135
end box6
615,163
615,163
616,162
618,162
619,161
620,162
622,162
622,163
623,165
623,166
623,168
623,169
621,171
620,171
618,171
617,171
616,170
614,170
614,168
end box7
560,175
561,175
563,175
564,175
565,176
566,177
566,182
565,183
564,184
562,184
561,184
560,183
559,182
end box8
616,176
617,176
617,177
618,178
618,180
618,182
617,183
615,183
613,183
612,182
611,182
end box9
375,167
375,166
376,165
377,164
378,163
379,163
381,163
382,164
383,165
384,166
385,168
385,169
385,171
384,173
383,174
381,176
380,176
378,176
376,175
375,173
374,172
374,170
end box10
613,162
614,160
615,159
617,159
618,159
620,159
622,159
624,161
624,163
625,164
625,166
625,169
624,171
623,173
621,174
619,174
616,174
614,173
613,172
612,170
612,166
end box11
523,148
525,145
555,145
558,148
558,154
557,157
523,157
523,153
end box12
581,177
582,177
582,178
583,179
583,180
583,181
583,183
582,184
580,184
578,184
577,184
576,183
end box13
560,163
563,162
564,163
565,163
565,164
566,165
566,166
566,167
565,169
565,170
563,170
562,170
561,170
560,170
559,169
end box14
377,173
384,172
385,172
386,173
387,175
386,178
386,180
385,181
383,181
380,181
378,181
377,180
376,179
end box15
624,188
625,187
627,187
628,188
629,188
629,189
630,190
629,191
629,192
629,193
628,194
627,195
626,195
625,195
624,194
623,194
end box16
561,188
562,187
563,186
565,187
566,188
567,189
568,197
567,198
565,199
564,200
562,200
560,198
end box17
595,175
596,175
598,175
598,175
599,176
599,176
600,177
600,178
600,179
600,180
599,181
598,181
597,182
596,181
595,181
end box18
571,189
572,188
573,187
574,186
575,187
576,188
577,189
578,190
578,195
577,196
576,197
574,198
573,198
571,197
571,195
end box19
557,177
557,175
558,174
560,173
562,172
564,172
565,172
567,173
569,175
570,176
570,178
570,181
570,183
570,185
568,187
566,189
564,189
561,188
559,187
558,185
557,184
end box20
530,148
532,146
556,146
559,148
559,153
559,156
533,157
530,156
end box21
621,178
624,177
625,178
625,178
626,179
626,180
626,182
626,183
626,184
624,185
623,185
622,185
621,184
620,183
end box22
end total23boxes
