741,240
746,212
775,181
795,161
826,157
856,161
884,162
914,164
943,170
966,184
991,212
996,240
1000,277
993,313
984,342
949,344
829,341
784,357
753,346
740,318
740,279
end box0
-14,242
14,209
47,196
88,199
113,201
130,204
144,207
160,208
178,208
209,209
239,222
274,248
292,287
276,306
227,318
187,318
165,318
50,320
4,305
-12,282
end box1
651,179
652,175
654,172
657,170
674,170
678,171
681,174
683,178
682,183
682,188
680,191
675,192
660,192
656,192
652,191
650,187
651,183
end box2
480,179
483,175
487,172
492,172
506,173
510,174
516,175
521,179
522,185
521,190
515,193
509,193
486,191
481,189
479,184
end box3
474,187
474,181
480,176
486,175
492,175
505,176
510,176
515,178
520,183
525,187
527,195
526,202
520,206
512,207
506,206
486,206
480,204
475,200
474,194
end box4
672,194
673,189
676,183
681,180
687,180
691,180
696,180
700,181
707,180
712,182
714,188
716,194
717,200
715,206
712,210
707,213
701,213
696,214
691,215
685,216
677,217
672,213
670,207
671,200
end box5
404,187
405,180
411,173
418,171
425,170
452,170
461,172
466,179
468,187
467,196
465,205
459,209
450,211
443,212
437,212
432,212
425,212
418,212
409,210
404,204
404,196
end box6
539,179
539,177
541,175
543,174
552,174
555,175
557,177
558,179
559,182
559,185
557,188
554,188
544,188
541,188
539,187
538,184
538,182
end box7
647,189
648,185
650,182
652,180
656,179
666,179
670,178
673,180
676,184
677,188
676,193
676,197
674,201
670,203
666,204
662,203
659,203
655,203
651,202
648,200
647,196
647,192
end box8
499,179
500,175
502,172
506,171
517,172
520,172
523,173
527,175
529,179
530,183
530,187
527,190
522,192
518,192
503,188
500,186
499,182
end box9
18,262
25,242
40,228
59,224
80,234
95,244
109,249
123,252
138,257
149,270
156,286
163,305
160,323
151,340
139,354
118,356
99,352
81,354
58,362
35,363
24,348
end box10
621,176
622,174
623,172
624,171
626,171
633,170
635,171
637,173
638,175
638,178
638,181
637,183
635,184
625,184
623,184
621,182
621,180
621,178
end box11
561,176
562,175
566,175
567,176
568,177
569,178
569,179
569,181
569,183
567,183
566,183
564,184
563,183
562,183
561,182
560,181
end box12
609,172
610,172
614,171
615,172
616,173
616,174
616,175
616,176
616,178
615,179
613,179
612,179
611,179
610,179
609,178
608,177
end box13
595,164
599,164
600,164
601,165
601,166
601,167
601,168
601,170
600,171
598,171
596,171
595,171
594,170
593,169
end box14
625,173
626,172
630,172
631,173
632,174
632,175
632,176
632,177
632,179
631,180
630,180
628,181
627,181
626,180
625,179
624,178
end box15
501,188
501,184
504,180
507,179
511,179
520,179
523,180
526,182
529,184
531,188
533,192
532,197
530,201
526,202
521,202
507,200
504,198
502,195
501,191
end box16
87,144
88,143
102,143
103,146
102,156
100,158
88,157
87,155
end box17
643,174
644,173
645,173
647,173
648,174
649,175
650,176
650,183
649,184
647,185
645,185
644,185
642,184
641,183
end box18
641,188
642,187
643,187
644,187
646,187
647,187
648,188
648,195
647,197
646,197
644,198
643,197
641,197
641,195
end box19
465,146
471,145
472,146
473,147
473,154
472,155
470,155
465,155
464,154
end box20
122,172
124,171
127,171
129,172
129,184
128,185
123,185
122,184
end box21
480,156
481,156
483,156
484,156
485,157
486,158
486,163
485,164
484,165
482,165
481,165
480,164
end box22
end total23boxes
