673,194
676,190
681,184
685,181
690,181
695,180
700,181
704,182
711,181
716,183
720,189
724,194
726,202
725,210
722,215
713,216
705,214
700,213
695,214
689,216
681,217
673,215
670,209
672,201
end box0
789,193
793,186
799,181
806,180
812,180
833,180
840,181
845,187
850,193
852,202
851,209
844,213
834,214
827,214
817,214
811,215
803,216
793,215
787,210
788,201
end box1
620,178
620,176
622,174
623,173
625,173
632,173
634,174
636,175
637,177
637,180
637,183
636,185
633,186
631,185
624,185
622,185
620,184
619,182
619,180
end box2
649,188
650,184
652,181
655,178
658,177
662,177
665,177
669,176
674,177
677,179
680,183
681,187
680,192
680,197
678,201
674,203
669,203
661,203
657,204
652,203
649,201
648,196
648,192
end box3
524,175
526,172
531,172
533,172
534,173
535,175
535,176
535,178
535,180
533,181
531,181
528,181
526,181
525,180
524,179
524,177
end box4
624,177
624,176
625,175
625,174
630,174
631,175
632,176
633,177
633,178
633,180
633,182
631,182
630,182
626,182
624,182
624,181
624,179
end box5
522,175
522,174
524,172
525,171
534,171
537,171
538,173
540,175
540,178
540,181
539,184
536,184
526,184
523,184
521,183
521,180
521,178
end box6
147,193
148,191
149,189
150,188
152,186
153,185
156,185
158,185
160,187
162,188
163,190
165,192
165,195
165,198
163,200
161,202
159,204
156,204
153,204
151,203
149,201
147,199
147,197
146,195
end box7
1126,194
1128,189
1130,187
1132,185
1135,184
1138,184
1141,184
1144,185
1146,188
1148,191
1149,194
1149,197
1148,200
1147,204
1145,207
1142,209
1138,209
1135,209
1131,208
1129,206
1127,203
1127,200
1126,197
end box8
604,182
604,180
606,178
607,176
608,175
610,174
613,174
615,174
617,175
619,177
620,179
621,181
622,184
621,187
620,189
618,191
616,193
613,193
610,193
608,192
605,190
604,188
604,186
603,184
end box9
298,160
299,159
300,159
302,159
303,160
304,161
305,169
304,171
302,172
301,173
299,172
297,171
end box10
853,172
856,171
857,172
858,173
859,174
860,175
860,176
859,178
859,179
858,180
857,181
855,181
854,181
853,180
end box11
609,177
610,176
611,175
612,175
614,175
615,176
616,177
617,178
618,180
618,181
618,183
618,185
616,187
614,188
613,188
611,188
609,187
608,185
607,184
end box12
1019,174
1020,173
1021,173
1023,173
1024,174
1025,175
1024,184
1023,185
1021,186
1020,185
1018,184
end box13
911,189
912,188
913,188
915,188
916,189
917,190
918,191
918,198
917,199
915,200
914,201
912,200
910,199
909,198
end box14
365,0
368,-1
394,0
395,5
395,18
394,23
391,26
382,28
end box15
601,186
601,184
602,183
604,182
606,181
608,180
610,180
612,180
614,181
616,182
617,184
619,186
619,189
619,192
617,194
615,196
612,196
610,196
607,196
605,196
603,195
601,193
600,191
600,189
end box16
969,177
974,177
975,177
975,178
976,183
976,184
975,186
973,186
971,187
970,186
968,186
end box17
803,153
804,153
807,152
808,153
809,154
809,161
809,163
807,164
805,164
804,164
802,163
end box18
952,172
953,172
954,172
956,172
957,172
958,173
958,182
956,183
954,183
953,183
951,182
end box19
314,92
318,89
356,89
362,92
362,100
359,103
316,103
314,99
end box20
22,160
23,159
24,159
26,159
27,160
28,161
29,162
29,164
29,165
29,167
29,169
28,170
26,171
24,172
23,171
21,170
20,169
20,167
end box21
18,161
20,160
22,159
24,159
26,159
28,160
29,161
30,163
30,165
30,168
30,170
30,172
28,174
26,176
24,176
21,176
19,175
17,173
17,171
end box22
608,125
609,125
610,126
611,127
612,128
613,129
612,131
612,133
611,134
610,135
608,135
607,135
606,134
end box23
613,160
614,160
616,160
617,160
618,161
619,162
619,167
618,168
617,169
615,169
614,169
613,168
end box24
841,189
842,189
843,189
844,189
845,189
846,190
846,191
847,192
846,194
846,195
846,197
844,197
843,197
842,197
841,197
840,196
end box25
285,142
286,141
288,141
290,141
291,142
292,143
292,148
292,149
291,151
289,152
287,152
286,152
284,151
283,150
end box26
593,174
594,174
595,174
596,174
597,174
598,175
598,176
599,177
599,178
599,179
599,181
598,182
597,182
595,183
594,182
593,182
592,181
end box27
598,144
599,144
601,143
602,144
603,145
603,152
602,153
600,153
599,153
598,152
end box28
1019,140
1020,139
1023,139
1024,140
1025,141
1025,150
1023,151
1021,152
1020,151
1018,151
end box29
607,144
608,143
610,143
611,144
612,145
612,151
612,152
611,153
609,154
608,153
607,153
end box30
152,143
153,143
156,143
157,143
158,144
158,151
158,153
156,154
154,154
153,154
151,153
end box31
50,139
50,137
51,135
53,133
55,133
58,132
60,132
64,132
65,135
65,148
64,151
61,153
58,153
55,152
53,151
51,149
50,146
50,144
end box32
854,190
855,189
856,189
857,189
858,190
859,191
859,192
860,197
859,198
858,199
856,200
855,199
854,199
end box33
356,44
358,33
367,35
375,38
382,41
387,45
387,54
387,60
387,64
388,69
387,73
387,79
387,88
382,94
376,98
366,100
358,102
357,87
end box34
613,160
614,160
616,160
617,160
618,161
619,162
619,167
618,168
617,169
615,169
614,169
613,168
end box35
946,138
948,136
955,136
958,137
959,139
960,152
958,155
956,156
947,156
945,154
end box36
end total37boxes
