586,186
587,181
591,176
595,174
600,173
604,173
608,173
613,174
618,174
622,176
625,182
628,186
628,192
628,198
626,204
621,205
614,204
599,205
591,206
587,204
586,198
586,191
end box0
782,126
783,124
801,124
803,125
804,136
803,139
784,140
782,138
end box1
958,120
959,119
973,118
975,120
974,128
974,129
958,129
end box2
595,157
596,157
598,156
599,157
599,157
600,158
600,159
600,160
600,161
600,162
599,163
598,164
597,164
596,164
595,163
594,162
end box3
780,108
781,105
782,103
783,100
786,99
789,98
792,98
795,98
799,99
801,101
802,105
803,108
803,111
802,114
801,118
799,121
796,122
792,122
789,122
785,122
783,120
781,117
780,114
780,111
end box4
962,202
965,200
969,200
972,201
973,230
964,230
961,229
end box5
956,102
957,100
958,97
960,95
962,94
965,93
968,92
971,93
974,94
976,96
977,99
978,102
978,105
978,108
978,113
976,115
972,116
968,117
965,117
961,115
958,114
956,112
956,108
956,105
end box6
606,126
606,126
607,126
609,126
610,126
610,126
611,127
611,131
610,132
609,132
608,133
607,132
606,132
606,131
end box7
622,172
623,171
624,171
626,171
627,171
628,172
628,173
629,175
629,176
629,178
628,179
626,179
625,180
624,179
623,179
622,178
end box8
464,173
465,172
466,171
467,170
468,171
469,172
470,173
471,174
471,175
471,176
471,177
471,179
470,180
469,182
467,182
466,182
465,180
464,179
end box9
630,133
630,133
631,133
632,133
632,133
633,134
634,134
634,135
634,136
634,137
634,138
633,139
632,140
631,140
630,139
629,139
end box10
end total11boxes
