608,194
609,190
613,183
617,178
623,177
629,176
635,175
642,177
650,178
653,182
657,189
659,194
659,202
658,210
658,219
652,221
642,219
629,219
622,221
612,222
609,218
608,209
609,202
end box0
530,190
532,187
535,184
537,181
540,181
551,181
555,181
557,183
561,187
563,190
563,195
563,200
562,206
557,206
551,205
540,205
535,205
531,204
530,199
529,195
end box1
484,188
486,185
490,182
493,180
496,179
506,179
511,179
514,181
519,184
521,188
522,194
522,199
519,204
513,204
507,202
495,203
491,204
485,203
482,199
482,193
end box2
531,181
534,178
537,175
540,174
543,174
555,174
559,175
563,178
566,181
566,186
566,191
563,195
557,195
542,195
538,195
533,194
531,191
531,186
end box3
578,173
581,173
582,173
583,174
583,175
584,176
584,177
583,179
582,179
581,179
580,180
579,179
578,179
577,178
577,178
end box4
594,173
598,173
599,173
599,174
600,175
600,176
600,177
600,179
599,179
597,180
596,180
595,180
594,179
593,179
592,178
end box5
561,175
561,175
562,174
564,174
565,175
565,175
566,176
567,177
567,178
567,179
567,181
566,182
564,182
563,182
562,182
561,181
560,180
end box6
508,182
508,179
509,178
511,177
513,177
518,176
520,177
522,178
524,179
525,181
526,184
525,187
524,189
522,190
519,190
517,190
515,189
510,189
508,188
508,186
507,184
end box7
708,141
713,141
714,141
714,142
715,144
715,147
715,148
714,150
712,150
710,150
709,150
707,150
706,149
end box8
535,161
535,161
536,162
537,163
537,164
536,165
536,167
536,168
534,168
533,168
532,168
531,167
end box9
543,157
544,156
546,156
547,157
547,157
548,164
546,164
545,165
544,164
543,163
end box10
513,144
514,143
515,143
516,143
517,143
518,143
519,144
519,145
519,150
519,151
518,152
516,152
515,152
514,151
513,150
end box11
705,159
706,158
707,158
708,158
709,158
710,158
711,159
712,160
712,165
711,166
710,167
708,167
707,167
706,166
705,165
end box12
563,157
563,157
565,157
566,158
566,158
566,162
566,163
565,163
564,163
563,163
562,162
end box13
626,93
627,92
629,92
630,92
631,93
631,100
630,100
628,100
627,100
626,100
end box14
543,157
544,156
546,156
547,157
547,157
548,164
546,164
545,165
544,164
543,163
end box15
end total16boxes
