105,224
118,210
128,199
141,194
155,195
166,195
175,194
186,195
199,194
215,198
228,208
238,223
241,242
240,259
225,268
202,270
188,270
176,269
166,267
155,267
140,268
115,270
103,259
101,242
end box0
438,196
440,190
448,186
454,184
460,183
475,184
481,183
487,186
494,191
499,196
501,206
501,215
494,220
483,219
475,218
459,219
452,220
443,219
437,213
438,205
end box1
1,199
0,175
8,154
25,152
42,172
54,183
62,194
66,206
66,216
68,225
69,233
70,243
70,256
69,275
62,295
46,298
26,305
10,298
6,273
end box2
314,204
319,194
329,182
338,172
350,172
363,173
374,173
386,173
399,174
410,180
421,193
423,204
422,220
422,236
417,251
404,253
351,250
330,256
319,252
315,236
315,221
end box3
258,196
260,189
265,184
271,182
292,183
299,182
304,184
309,190
313,196
315,204
314,212
309,217
299,218
293,218
287,217
282,217
277,217
272,216
263,215
259,210
258,203
end box4
538,176
539,173
540,169
542,166
545,166
560,166
562,168
564,172
565,176
565,179
565,184
564,188
561,191
556,191
545,190
542,189
539,187
539,183
539,179
end box5
541,176
541,174
542,172
543,171
545,170
554,170
556,172
557,174
558,176
558,179
558,182
558,185
556,186
545,186
542,185
541,183
541,179
end box6
492,179
492,174
495,168
499,164
506,164
522,164
528,164
533,167
535,174
537,179
537,186
537,193
535,200
530,203
522,202
516,200
511,201
505,202
499,201
495,197
493,191
493,185
end box7
540,167
540,165
542,163
543,162
552,161
554,162
556,164
557,166
557,169
557,172
556,174
554,175
544,175
542,175
540,173
540,171
540,169
end box8
627,212
631,208
635,207
653,207
658,208
663,212
665,217
663,221
657,222
632,222
627,220
626,216
end box9
433,191
434,187
436,184
439,183
442,182
455,182
459,183
461,186
462,190
462,195
461,199
459,202
455,203
451,204
448,204
445,204
441,204
438,203
435,202
433,198
433,194
end box10
407,206
406,201
406,195
408,184
414,171
421,171
427,184
429,194
431,200
431,205
431,209
430,212
431,216
429,219
428,225
427,237
423,252
413,250
410,232
410,221
408,218
end box11
721,78
725,58
746,52
770,55
787,56
806,63
827,66
830,83
832,174
827,188
809,196
787,194
769,197
741,206
725,197
725,174
end box12
576,177
576,177
577,176
578,176
579,176
580,176
581,177
581,178
582,179
582,180
581,181
581,183
581,184
580,184
578,185
577,184
576,184
575,182
end box13
end total14boxes
