253,194
256,190
259,188
263,187
276,187
279,188
283,190
287,194
289,198
288,203
284,206
278,206
261,205
256,205
253,202
252,198
end box0
347,188
349,184
352,181
355,180
370,181
373,182
377,184
380,187
381,192
381,197
377,200
371,200
350,199
347,196
346,192
end box1
415,117
415,116
416,115
416,113
417,112
419,110
421,109
422,110
424,112
425,114
425,115
426,117
425,118
426,120
426,122
425,125
423,126
421,127
418,127
416,125
415,123
415,121
415,119
415,118
end box2
510,179
510,179
511,178
512,178
513,178
514,178
514,179
515,180
515,181
515,182
515,183
515,184
515,185
514,187
512,187
511,187
510,185
509,184
end box3
579,175
580,174
581,174
582,174
583,175
584,176
585,177
585,182
584,183
583,184
581,185
580,184
579,183
end box4
583,142
584,143
585,144
585,149
584,150
583,150
580,150
579,150
578,149
end box5
580,125
581,125
582,125
583,125
584,125
585,126
585,133
584,134
582,134
581,133
580,133
end box6
582,158
583,159
584,160
584,165
583,166
582,167
580,167
579,167
578,166
577,165
end box7
498,161
499,160
500,160
501,160
502,161
503,161
503,162
504,163
503,165
503,167
503,168
502,168
500,169
499,168
498,168
end box8
477,157
478,157
479,157
480,157
481,157
482,158
482,159
482,164
482,165
480,165
479,166
478,165
477,165
end box9
479,143
480,142
481,142
482,142
483,143
484,144
485,145
485,150
484,151
483,152
481,153
480,152
479,151
end box10
744,159
745,159
746,158
747,159
748,159
748,160
748,166
748,168
746,168
745,168
744,166
end box11
498,175
498,175
499,174
500,174
501,174
502,175
502,175
502,176
503,177
503,178
503,179
503,180
502,181
501,182
500,182
499,182
498,181
498,180
end box12
592,159
593,158
594,158
595,158
596,159
596,159
597,160
597,161
597,164
597,165
595,166
594,166
593,166
592,165
end box13
557,177
558,176
559,175
560,175
561,175
562,176
563,177
563,178
564,179
564,180
564,181
564,183
563,184
562,185
560,186
559,185
558,184
557,183
end box14
745,144
746,144
747,144
749,144
750,144
750,145
750,154
749,155
747,155
746,155
745,154
end box15
558,158
559,157
561,157
562,158
562,158
562,164
561,165
560,165
559,165
558,164
end box16
529,148
530,147
532,147
533,148
533,148
534,155
533,155
531,155
530,155
529,154
end box17
591,142
592,141
593,141
594,141
595,142
595,142
596,147
595,148
594,149
593,149
592,149
591,148
end box18
end total19boxes
