93,205
107,194
119,187
132,185
142,186
156,185
163,186
172,186
183,189
198,195
212,205
216,221
212,233
195,241
177,240
129,238
114,239
96,232
92,221
end box0
694,192
695,188
698,185
700,183
704,183
713,183
717,183
720,185
723,188
725,191
726,196
726,201
724,205
718,205
714,205
710,205
707,205
703,205
699,205
695,204
692,200
693,196
end box1
191,208
192,201
195,195
202,194
209,194
224,195
230,195
236,197
240,202
243,208
245,216
245,224
240,229
232,231
225,231
219,231
214,231
209,230
203,229
196,227
193,222
193,215
end box2
786,183
786,181
787,179
788,178
790,177
792,177
793,177
795,177
797,178
798,179
799,181
800,182
801,185
801,187
800,190
798,191
796,191
794,191
791,191
789,191
788,190
786,188
786,186
786,184
end box3
894,179
896,175
899,173
902,170
905,170
918,169
922,171
925,174
927,178
927,183
927,188
924,191
919,193
915,192
904,193
900,193
895,192
894,187
894,183
end box4
883,181
883,179
885,178
886,176
887,176
889,175
890,175
892,175
894,176
896,177
897,178
898,180
898,183
898,185
897,187
895,188
893,189
891,189
888,189
886,189
884,189
883,187
882,184
883,182
end box5
162,204
163,197
169,195
177,195
183,194
188,194
193,196
199,197
203,201
206,206
210,211
211,218
211,225
208,232
203,236
196,237
189,236
183,235
end box6
718,193
718,190
719,189
720,187
723,187
724,186
727,186
729,186
731,187
733,188
734,190
735,192
735,195
735,198
734,200
732,202
729,202
727,202
724,202
722,202
720,201
718,199
718,197
717,195
end box7
236,206
237,202
239,198
242,195
246,195
257,195
261,195
264,197
267,201
269,205
270,210
269,215
268,220
263,222
258,222
253,221
250,221
245,221
241,221
237,219
236,214
236,210
end box8
90,189
99,180
113,177
163,176
177,179
188,189
191,202
184,210
108,215
88,212
85,202
end box9
686,194
688,191
691,189
693,187
696,187
707,187
710,188
713,190
715,194
715,198
715,202
713,205
708,206
704,205
698,205
695,206
691,206
687,205
685,202
686,198
end box10
687,196
688,194
689,192
690,191
692,190
694,190
697,190
700,190
702,191
703,193
704,195
704,198
704,201
703,203
701,204
698,204
696,204
693,205
691,205
688,204
687,203
686,200
686,198
end box11
836,177
836,177
837,176
838,176
839,176
840,177
840,177
841,178
841,179
841,180
841,181
841,182
840,183
839,184
838,185
837,184
836,183
836,182
end box12
465,191
466,190
468,190
470,190
470,191
471,193
471,198
470,200
469,200
467,201
466,201
464,200
end box13
596,193
597,192
598,191
601,191
602,192
603,193
603,202
601,203
597,203
596,202
end box14
476,189
479,188
481,189
482,189
482,191
483,192
483,193
483,195
482,196
481,198
480,198
478,199
477,198
475,198
474,196
end box15
540,109
542,108
544,107
546,106
548,107
550,108
551,110
551,112
552,114
552,115
552,117
551,120
550,122
548,124
546,124
543,124
541,123
540,121
539,119
539,115
end box16
563,157
565,156
566,156
568,156
570,157
571,158
572,165
572,167
571,170
569,171
567,172
564,171
563,170
end box17
473,187
474,186
476,185
480,184
481,184
483,185
485,186
486,188
486,190
486,193
486,195
486,197
484,199
482,200
480,200
477,200
475,199
474,198
473,196
end box18
792,161
793,162
793,162
794,163
794,164
794,165
794,166
793,167
792,167
791,168
790,167
789,167
789,166
end box19
464,209
465,208
466,207
468,208
469,209
470,210
470,217
470,219
468,220
467,221
465,221
463,219
end box20
461,208
462,206
464,204
467,203
469,204
471,206
472,219
472,222
470,225
467,225
464,225
462,223
461,220
end box21
860,161
860,162
861,163
861,164
861,165
861,167
860,167
end box22
300,177
301,176
302,176
303,176
304,176
305,177
305,178
306,179
306,180
305,181
305,183
305,184
304,184
302,184
301,184
300,184
299,182
end box23
792,178
792,177
793,177
794,177
795,177
796,178
796,178
797,179
797,180
797,181
797,182
797,184
797,185
795,185
794,186
793,185
792,184
791,183
end box24
540,156
541,154
541,152
543,150
545,150
548,150
550,150
553,150
554,153
554,155
555,157
555,160
555,162
554,165
553,167
551,169
548,170
545,169
542,169
541,166
540,164
end box25
829,110
830,109
831,109
833,109
834,109
834,118
833,120
831,120
830,120
829,118
end box26
end total27boxes
