766,220
773,206
788,191
801,181
817,180
833,181
846,180
861,182
879,182
897,187
912,202
914,219
912,241
908,260
899,275
879,276
817,278
792,284
772,282
764,264
764,243
end box0
8,219
9,211
13,204
21,202
30,203
36,203
41,204
47,204
53,205
60,207
66,213
70,219
72,228
71,237
66,243
56,245
48,245
29,245
21,245
12,243
9,236
9,227
end box1
667,203
674,193
681,185
690,181
700,180
708,180
715,179
723,180
734,180
744,183
754,191
758,202
758,215
757,227
749,234
733,235
723,234
715,235
707,237
700,235
690,235
674,234
666,227
665,215
end box2
670,180
671,178
672,176
673,175
675,174
680,174
683,174
685,175
686,177
687,179
687,182
687,184
686,187
684,188
681,189
679,188
676,189
674,188
672,188
670,186
670,184
670,182
end box3
680,194
684,187
691,181
698,179
704,178
728,179
736,180
744,185
749,193
749,203
746,211
738,215
715,217
710,217
704,217
697,217
686,216
679,211
678,203
end box4
778,255
823,208
869,178
915,168
957,170
989,174
1017,174
1050,169
1087,172
1137,180
1185,207
1226,255
1239,317
1228,360
1162,386
1102,392
1054,384
1018,374
989,372
956,378
907,389
845,383
779,360
763,317
end box5
548,180
551,177
553,174
556,173
559,173
569,173
572,174
576,176
579,180
580,184
579,189
576,191
571,192
567,191
558,191
554,192
550,191
547,188
547,184
end box6
521,183
521,181
522,179
524,177
526,176
527,175
530,175
532,176
534,177
536,178
537,180
538,182
538,185
538,188
537,190
535,192
533,194
530,194
527,193
525,193
523,191
521,189
521,187
521,185
end box7
527,178
528,177
529,177
530,176
532,177
533,177
534,178
535,179
535,181
536,182
535,184
535,186
534,187
532,188
530,189
529,188
527,187
526,186
526,185
end box8
648,157
649,156
651,156
652,157
653,158
653,165
652,166
650,167
649,166
648,165
end box9
end total10boxes
