347,194
350,191
353,189
357,188
370,188
374,189
378,191
382,194
384,199
383,204
378,207
372,207
350,206
346,204
346,199
end box0
397,189
399,186
401,183
404,181
407,181
416,181
419,181
422,183
425,185
427,188
428,193
428,197
426,201
421,202
416,201
407,201
403,201
399,200
397,197
397,193
end box1
561,193
562,193
562,193
563,193
564,193
564,193
565,193
566,194
566,195
566,196
566,197
566,198
565,199
564,200
563,200
562,199
561,199
560,198
560,198
end box2
408,190
408,188
409,186
411,184
413,184
415,183
418,183
421,184
423,185
424,187
425,189
425,192
425,195
424,197
422,198
419,199
417,199
414,198
412,198
410,198
408,196
408,194
407,192
end box3
561,193
562,193
562,193
563,193
564,193
564,193
565,193
566,194
566,195
566,196
566,197
566,198
565,199
564,200
563,200
562,199
561,199
560,198
560,198
end box4
627,189
628,189
629,189
630,189
631,189
632,190
632,191
633,196
632,197
631,198
629,198
628,198
627,197
626,196
end box5
517,143
518,142
519,142
520,142
521,143
522,144
522,151
521,152
519,152
518,152
517,151
end box6
end total7boxes
