706,158
707,157
707,157
711,157
712,157
712,158
713,159
713,160
713,161
713,163
712,163
710,164
709,164
708,164
707,163
706,163
706,162
end box0
704,162
704,160
705,159
706,157
708,157
715,157
717,157
718,159
719,161
719,164
719,166
718,169
716,169
714,170
709,170
707,170
705,169
704,168
703,166
703,163
end box1
242,156
243,154
243,152
259,151
260,153
261,156
261,159
261,162
260,165
244,165
243,164
242,161
end box2
244,187
244,184
245,183
247,181
248,180
250,179
253,179
255,179
257,181
259,182
261,184
261,186
262,189
262,192
260,194
258,196
256,197
253,197
250,197
248,196
246,195
244,193
244,191
243,189
end box3
627,146
628,145
631,145
632,145
633,146
634,147
634,152
633,153
632,154
630,154
629,154
628,153
627,152
end box4
756,160
756,159
757,159
758,159
759,159
760,159
761,160
761,161
762,162
762,163
762,164
762,166
761,167
760,167
758,168
757,167
756,167
755,166
755,165
end box5
436,148
437,148
438,148
439,148
440,148
441,149
442,150
442,151
442,153
442,155
441,156
440,157
438,158
437,157
436,156
end box6
777,156
778,156
780,156
781,156
782,157
782,158
783,159
783,161
783,163
782,164
781,164
779,164
778,164
777,164
776,163
end box7
545,176
551,175
552,176
553,177
554,179
554,180
554,182
553,184
552,185
550,185
545,185
544,184
543,183
end box8
435,155
436,155
437,155
438,155
439,155
440,156
440,157
441,162
440,163
439,164
437,164
436,163
435,163
end box9
723,139
723,139
725,139
725,139
726,140
726,145
725,146
724,146
723,145
722,145
end box10
438,57
444,55
452,56
459,58
462,65
462,104
460,113
453,115
443,116
437,116
end box11
232,128
232,126
232,123
231,119
233,116
237,115
241,111
246,111
248,115
249,143
247,149
241,148
237,145
233,142
232,138
232,134
232,131
232,129
end box12
709,148
709,147
710,147
710,147
711,147
712,148
712,148
712,149
713,150
712,151
712,152
712,153
711,153
710,153
709,153
708,152
end box13
750,6
754,5
759,5
763,6
765,9
766,35
764,38
759,40
754,40
750,39
end box14
22,170
25,156
26,139
37,131
53,131
67,130
80,130
94,131
108,132
123,138
132,151
130,168
127,184
128,202
125,217
110,223
95,224
81,223
67,222
53,223
37,222
22,218
20,200
20,185
end box15
end total16boxes
