769,222
773,210
787,194
797,183
813,183
829,184
842,182
858,183
874,184
882,195
895,211
903,222
903,243
903,263
901,283
883,286
856,276
841,275
813,278
787,287
772,284
770,263
770,243
end box0
494,205
493,199
494,191
498,187
506,187
513,187
518,188
524,189
530,190
534,195
537,200
540,205
541,212
542,220
540,228
535,231
526,231
519,229
513,228
507,228
502,226
498,222
end box1
371,232
372,215
378,200
395,194
413,193
428,195
441,193
455,195
470,196
484,204
495,218
499,233
501,252
500,272
492,282
471,288
457,291
442,288
429,286
417,285
403,281
383,281
377,268
end box2
74,278
111,237
150,212
192,205
228,204
254,205
278,207
304,208
332,213
371,220
410,242
450,279
462,329
446,361
391,379
341,383
305,379
278,370
255,371
229,377
189,385
135,383
79,364
63,330
end box3
534,207
533,203
534,200
536,197
540,196
544,197
547,197
550,197
554,198
556,201
558,204
559,207
559,210
560,215
559,220
556,222
552,222
547,222
544,221
541,220
537,219
end box4
608,173
613,170
618,168
621,168
632,168
635,168
640,170
646,172
649,178
647,182
640,184
634,184
614,184
608,182
605,178
end box5
1052,179
1066,170
1077,164
1086,162
1094,162
1101,162
1106,161
1113,161
1121,161
1131,163
1144,168
1156,178
1163,193
1159,204
1142,210
1124,209
1114,208
1107,208
1100,207
1093,208
1082,209
1066,208
1049,204
1047,193
end box6
863,191
862,183
867,177
874,175
882,176
888,176
893,176
899,177
905,177
910,181
914,187
919,192
922,200
921,209
917,215
907,216
899,215
893,215
876,213
869,211
866,206
864,199
end box7
1001,172
1008,165
1017,161
1025,161
1030,160
1049,160
1056,161
1065,164
1073,172
1076,181
1072,188
1059,191
1050,192
1022,193
1013,192
1000,189
999,181
end box8
777,175
785,169
795,166
831,165
842,167
850,174
852,184
846,191
790,194
775,192
773,184
end box9
734,182
734,180
736,179
737,178
739,177
747,177
749,178
751,180
752,182
752,185
752,188
750,190
747,191
738,191
736,191
733,190
733,187
733,185
end box10
590,174
590,173
592,171
593,170
595,170
602,170
604,171
606,172
608,174
608,177
608,180
606,182
603,182
594,183
592,183
589,182
589,179
588,177
end box11
875,179
877,175
880,172
884,171
898,172
901,173
906,175
909,178
911,183
911,188
907,191
901,192
879,190
876,187
875,183
end box12
637,174
637,172
638,171
640,170
642,170
649,170
651,171
653,172
654,174
655,177
655,180
653,182
650,183
648,182
641,182
639,182
637,181
636,179
636,177
end box13
538,206
539,203
542,203
544,202
547,202
549,203
551,205
552,206
553,208
554,210
555,213
555,215
554,219
553,221
550,222
547,222
544,221
542,220
540,219
end box14
602,174
603,172
604,171
606,170
607,169
614,169
616,170
618,171
619,173
619,176
619,178
617,180
615,181
606,182
604,182
602,180
601,178
601,176
end box15
527,126
527,125
528,124
528,122
529,121
531,119
533,118
534,119
536,121
537,122
537,124
538,126
538,127
538,129
537,131
537,133
535,135
533,136
530,135
529,134
527,132
527,130
527,128
527,127
end box16
850,140
852,139
855,139
857,140
858,141
857,152
856,153
851,153
850,152
end box17
925,101
926,98
927,95
929,93
932,92
935,92
938,91
941,92
944,92
947,94
948,98
950,101
949,104
949,108
948,112
946,115
942,115
938,116
935,116
931,115
927,114
926,111
926,107
925,104
end box18
562,173
563,173
564,173
565,173
566,173
567,174
567,175
568,176
568,177
568,178
568,180
567,181
566,182
564,182
563,182
562,181
561,180
end box19
464,179
471,179
473,180
474,188
473,190
471,191
465,190
464,189
end box20
871,158
878,158
878,159
879,166
877,167
871,167
870,166
end box21
562,159
563,158
564,158
565,158
566,159
566,159
567,160
567,161
567,164
566,165
565,166
564,167
563,166
562,165
end box22
847,139
848,137
857,136
859,138
860,156
858,159
848,158
end box23
845,140
846,139
849,139
850,140
851,141
851,150
849,151
845,151
844,150
end box24
end total25boxes
