639,209
647,201
657,190
664,183
675,182
685,183
694,182
704,182
716,183
723,189
735,199
742,208
743,223
741,238
736,249
719,249
703,245
675,246
659,250
644,249
638,238
638,224
end box0
407,204
410,199
415,194
419,191
425,191
430,191
435,190
440,191
446,191
452,193
456,198
460,204
462,212
462,220
457,225
447,226
441,225
435,224
430,224
424,226
417,226
408,225
404,220
405,212
end box1
-2,238
24,195
55,163
103,157
144,160
174,163
200,167
229,166
261,169
303,177
336,204
369,244
385,296
374,334
326,356
271,358
232,355
201,352
175,352
147,352
101,360
45,363
4,332
-6,292
end box2
619,205
620,199
623,194
628,190
632,188
638,186
643,186
650,186
659,185
664,188
663,197
643,228
637,231
628,233
619,233
617,227
616,218
618,211
end box3
438,173
437,167
440,160
446,157
453,157
470,158
476,158
481,161
483,168
485,174
486,180
486,187
483,193
477,196
470,196
464,195
459,195
453,196
447,195
442,192
439,186
439,180
end box4
600,195
600,191
602,187
604,185
608,183
625,183
629,184
630,189
615,212
611,213
606,213
602,212
599,208
599,203
599,198
end box5
486,180
486,177
487,176
489,175
491,174
498,175
500,176
502,177
503,179
503,182
503,185
502,187
500,188
497,188
490,188
488,188
486,186
486,184
485,182
end box6
541,177
542,176
543,175
544,175
545,175
546,176
547,177
547,178
548,179
548,180
548,181
548,183
547,184
546,185
544,185
543,185
542,184
541,183
end box7
560,159
564,159
564,159
565,160
565,161
565,164
565,165
563,166
562,166
561,166
560,165
end box8
532,159
533,159
536,159
537,160
538,161
538,166
537,167
536,168
534,168
533,168
532,167
end box9
532,159
533,159
536,159
537,160
538,161
538,166
537,167
536,168
534,168
533,168
532,167
end box10
end total11boxes
