241,232
256,204
277,181
305,171
333,170
357,171
378,172
401,171
426,175
453,184
476,206
489,233
499,269
492,300
470,323
435,329
406,329
380,320
334,320
300,326
266,322
245,300
239,268
end box0
526,204
529,199
534,194
538,192
543,192
548,192
551,192
556,192
561,192
566,194
571,199
574,203
576,211
574,217
570,221
563,222
556,222
552,221
547,221
542,222
536,223
529,222
525,217
526,210
end box1
626,192
628,188
630,186
633,184
636,184
645,184
648,184
651,185
654,188
656,191
657,196
657,200
654,204
650,205
645,205
636,204
632,204
628,203
626,200
626,196
end box2
746,130
747,127
749,123
751,121
754,119
758,118
761,118
765,118
768,120
772,122
774,126
776,129
776,134
775,138
773,142
770,145
766,146
762,148
757,147
754,146
751,143
748,140
746,137
746,133
end box3
612,203
613,202
614,201
615,201
617,201
618,202
619,203
619,210
619,212
617,213
615,213
614,213
612,212
611,210
end box4
607,192
608,190
609,189
611,188
614,188
616,188
618,189
619,191
620,193
620,202
619,205
617,207
614,207
611,207
609,205
608,203
end box5
611,192
612,191
613,191
615,191
616,192
617,193
618,194
618,201
617,202
615,203
613,204
612,203
610,202
609,201
end box6
end total7boxes
