553,182
553,180
555,179
557,177
567,177
569,178
571,180
572,182
573,185
573,188
571,191
568,191
558,191
556,191
553,190
552,187
552,185
end box0
537,187
538,185
539,184
541,182
543,182
551,182
553,183
555,185
556,187
556,190
556,193
555,196
553,197
549,197
542,197
539,196
537,195
537,192
537,190
end box1
553,187
554,185
555,183
556,182
558,180
560,180
568,180
571,181
572,184
573,187
572,190
572,193
571,196
568,197
565,198
563,198
560,199
557,198
555,197
553,195
553,192
553,190
end box2
562,195
562,191
567,186
571,182
576,181
581,180
586,179
592,180
598,180
602,184
606,190
608,194
607,202
607,208
605,217
602,219
574,219
564,222
562,217
561,208
562,202
end box3
559,177
564,177
566,177
567,178
568,180
568,181
568,183
568,185
566,186
564,186
559,186
558,185
557,184
end box4
526,190
526,188
528,186
529,184
530,183
532,183
537,183
539,183
541,185
542,187
544,189
544,192
543,195
543,198
540,199
537,199
535,199
532,200
529,200
527,199
526,197
525,194
525,192
end box5
539,183
540,181
541,180
543,179
545,178
552,178
555,179
557,181
558,183
558,186
558,189
556,191
554,192
544,192
542,192
540,191
539,188
539,186
end box6
284,192
286,189
289,186
292,185
305,185
308,186
312,189
315,192
315,196
315,200
311,203
307,204
291,203
287,202
284,199
284,196
end box7
511,175
515,175
516,175
516,176
517,177
517,178
517,179
517,181
516,182
514,182
513,182
512,182
511,181
510,181
510,180
end box8
533,183
535,180
539,178
541,176
544,177
554,176
557,178
561,179
564,182
565,187
564,191
560,194
556,195
552,195
543,194
540,194
536,193
533,190
532,187
end box9
831,166
832,164
832,163
834,161
835,160
837,160
838,160
840,160
842,161
844,162
845,163
845,165
846,168
845,170
845,172
843,174
841,175
839,175
836,175
834,174
832,173
831,171
831,169
831,167
end box10
675,160
678,160
679,160
680,161
680,162
681,163
681,164
681,165
681,167
680,168
679,168
677,169
676,168
675,168
674,167
end box11
613,161
614,162
615,164
615,167
614,169
613,170
605,169
end box12
673,173
674,172
675,172
676,172
677,173
677,173
678,174
678,178
677,179
676,180
675,180
674,180
673,179
672,178
end box13
461,175
462,175
464,175
465,175
465,175
466,176
466,179
466,180
465,181
464,182
463,182
462,182
461,181
end box14
509,159
510,158
512,158
513,159
514,159
514,160
514,161
514,162
514,163
514,164
514,166
512,166
511,166
510,166
509,165
end box15
623,184
624,183
625,183
626,183
627,184
628,185
629,191
628,192
627,193
625,193
624,193
623,192
end box16
608,174
609,174
610,174
611,174
612,174
613,175
613,176
614,177
614,178
614,179
614,181
613,182
612,183
610,183
609,183
608,182
607,181
end box17
81,201
82,200
83,200
84,200
86,201
86,202
86,209
85,210
83,211
82,210
81,210
end box18
607,186
608,186
609,185
610,185
611,185
612,186
613,187
614,188
614,193
613,194
612,195
610,196
609,195
608,194
607,193
end box19
346,192
347,192
348,191
350,191
352,192
353,192
353,194
354,199
353,201
351,201
349,202
348,201
346,201
345,200
end box20
704,173
707,173
708,173
709,174
710,175
710,180
709,181
708,182
706,182
705,182
704,181
end box21
661,161
662,160
663,160
664,160
665,161
665,161
666,162
666,163
666,164
666,165
666,166
665,167
664,168
663,169
662,168
661,167
end box22
626,176
626,176
627,175
628,175
629,175
630,176
630,176
631,177
631,178
631,179
631,180
631,181
630,182
629,183
628,184
627,183
626,182
626,181
end box23
646,172
647,172
648,171
649,172
650,172
651,173
651,174
651,175
651,176
651,177
651,178
651,180
650,181
648,181
647,181
646,180
end box24
395,175
396,174
397,174
398,174
399,175
400,176
401,182
400,183
399,184
397,185
396,184
395,183
end box25
658,170
659,170
660,169
661,169
662,170
663,171
663,172
663,176
663,178
662,179
660,179
659,179
658,178
end box26
550,161
550,161
551,162
551,163
551,165
551,166
550,167
549,168
548,168
547,168
546,167
end box27
625,165
626,165
627,165
628,165
628,165
629,165
630,166
630,167
630,168
630,169
630,170
629,171
628,172
627,172
626,172
625,171
end box28
873,191
874,190
875,189
876,189
877,189
878,190
879,191
880,192
880,193
880,194
880,195
880,197
879,198
878,199
876,199
875,199
874,198
873,197
end box29
662,146
663,145
664,145
665,145
666,146
667,147
667,154
666,155
664,155
663,155
662,154
end box30
500,139
501,139
502,139
503,139
504,139
505,140
505,147
504,148
502,148
501,148
500,147
end box31
677,126
678,125
679,125
680,125
681,126
682,127
682,134
681,135
679,135
678,135
677,134
end box32
658,170
659,170
660,169
661,169
662,170
663,171
663,172
663,176
663,178
662,179
660,179
659,179
658,178
end box33
508,144
509,144
510,144
511,144
512,144
513,145
513,146
513,147
513,149
513,150
513,152
512,153
510,153
509,153
508,152
end box34
end total35boxes
