852,257
877,217
909,184
945,169
984,163
1016,164
1049,159
1084,156
1124,164
1168,176
1198,209
1214,254
1222,307
1213,352
1181,380
1120,380
1079,380
1047,378
1018,376
989,374
947,376
890,371
852,351
844,309
end box0
187,225
187,217
187,206
189,193
195,172
208,152
219,154
232,178
238,196
240,208
240,218
242,225
241,232
239,239
236,245
234,255
232,278
224,304
205,305
196,281
196,254
192,245
188,239
186,232
end box1
341,239
342,233
342,225
344,215
350,204
359,195
368,195
376,208
381,219
384,226
384,234
385,240
385,245
384,251
383,257
381,266
378,279
370,291
358,290
351,277
349,263
346,256
343,251
342,245
end box2
519,180
519,178
520,176
521,175
523,173
524,172
527,172
529,172
531,174
532,175
533,177
534,179
535,182
534,184
534,187
532,189
530,191
527,191
524,190
522,189
520,187
519,185
519,183
518,181
end box3
674,146
675,145
676,144
677,144
680,144
681,144
682,145
683,146
683,151
683,153
682,154
680,155
678,155
677,155
675,154
674,153
674,151
end box4
655,171
660,171
661,172
662,173
662,180
661,181
659,181
657,182
656,182
654,181
653,180
end box5
683,154
684,155
685,156
685,163
684,164
682,164
679,164
677,164
676,163
end box6
758,155
759,154
762,154
763,155
764,156
764,165
762,166
760,167
759,166
757,165
end box7
end total8boxes
