150,233
175,208
202,186
227,178
252,178
273,182
291,183
311,182
331,186
357,192
387,209
409,234
419,269
410,295
380,311
340,312
311,305
253,307
223,315
183,313
150,298
143,270
end box0
793,218
813,196
834,177
857,168
879,168
898,172
914,174
932,173
952,175
977,179
1000,195
1015,219
1024,250
1017,274
994,292
962,294
934,290
897,287
877,293
847,301
813,296
789,278
785,251
end box1
600,192
601,186
607,180
612,177
618,177
635,177
642,177
647,180
651,186
654,192
655,200
655,208
651,214
644,216
617,215
609,217
602,215
599,207
600,199
end box2
415,190
425,180
435,175
445,172
454,173
461,174
466,173
473,174
480,174
488,178
499,183
512,191
519,205
515,215
502,222
485,221
474,219
467,219
444,219
431,218
418,213
414,203
end box3
499,177
501,173
505,170
509,169
513,169
526,169
529,171
534,173
537,177
539,183
539,188
535,192
528,193
508,191
503,190
500,187
499,182
end box4
533,179
533,175
535,172
538,170
542,170
545,171
548,171
551,171
554,171
557,173
559,175
561,179
562,183
562,187
560,191
556,193
552,192
548,192
545,191
542,191
539,190
536,189
534,186
534,182
end box5
537,174
539,168
544,164
551,163
556,163
561,164
564,164
568,164
574,164
579,165
584,169
589,175
592,182
591,189
584,193
576,194
569,193
565,192
560,193
556,193
551,192
544,191
538,188
536,181
end box6
758,176
762,172
765,170
787,169
791,171
795,175
796,180
794,185
789,187
762,188
758,185
757,180
end box7
565,173
565,169
568,166
571,164
575,164
584,165
587,164
590,166
594,169
596,173
597,177
597,182
594,186
589,187
585,186
575,185
571,185
567,184
565,181
565,177
end box8
716,193
719,188
723,183
729,180
734,179
739,179
744,179
749,179
756,179
762,180
765,187
767,193
767,200
765,206
761,211
755,214
744,215
739,216
732,217
724,218
718,215
714,208
715,200
end box9
590,173
591,171
592,170
594,169
596,168
598,168
600,168
602,169
603,170
604,172
605,174
605,177
605,179
604,182
603,183
600,185
598,185
595,184
593,184
591,182
590,180
end box10
558,142
559,140
560,139
561,137
562,136
564,135
566,135
567,135
569,136
571,138
572,139
573,141
573,144
573,146
572,148
570,150
568,151
566,152
563,152
561,151
560,149
559,147
558,145
558,143
end box11
742,155
743,155
746,155
747,155
748,156
749,164
748,165
746,166
743,166
741,165
end box12
744,142
745,143
746,144
746,149
746,151
745,152
743,153
741,153
740,153
738,152
737,151
end box13
561,144
562,143
562,142
563,142
564,141
565,141
566,141
567,142
569,142
570,143
570,145
570,146
570,148
570,149
569,151
567,152
565,152
564,152
562,151
561,150
561,148
end box14
539,144
540,144
544,144
545,145
546,146
547,147
547,148
547,150
547,151
545,152
544,153
542,153
541,153
539,153
538,152
538,150
end box15
594,158
595,158
596,158
597,158
598,158
599,159
600,160
600,161
600,162
600,163
600,165
599,166
598,167
596,167
595,167
594,166
593,165
end box16
end total17boxes
