776,254
807,208
851,178
900,171
942,172
973,175
1001,176
1034,172
1069,176
1116,183
1159,213
1195,255
1211,316
1197,358
1141,385
1083,388
1037,382
897,380
840,379
783,356
767,314
end box0
129,212
155,187
181,173
209,170
229,169
246,167
261,166
278,166
296,170
326,173
359,185
380,212
390,247
379,269
337,280
305,285
282,286
206,278
173,279
135,266
122,246
end box1
548,182
550,178
552,175
556,173
559,174
571,174
575,175
578,178
580,181
581,186
581,191
579,195
573,196
569,195
562,195
558,195
554,195
549,194
548,190
548,186
end box2
659,178
660,174
663,171
665,169
669,168
672,168
679,168
683,168
687,169
689,173
690,177
690,182
690,186
687,190
683,192
679,193
675,193
671,194
667,194
663,193
659,190
658,186
658,182
end box3
783,61
784,57
787,54
791,54
795,53
798,53
806,54
810,56
812,60
813,64
813,69
812,73
811,78
807,81
798,82
795,82
790,81
786,80
784,77
783,72
783,68
end box4
608,178
609,177
610,176
611,176
612,176
613,177
614,178
614,179
615,180
615,181
615,182
615,184
614,185
613,186
611,187
610,186
609,185
608,184
end box5
711,123
712,122
713,122
715,122
716,123
717,124
717,133
715,134
714,135
712,134
710,133
end box6
end total7boxes
