694,179
694,178
695,177
696,176
697,177
698,178
699,179
699,180
699,181
699,182
699,183
699,184
698,185
698,187
696,188
695,188
694,186
694,184
end box0
691,182
691,181
691,180
692,179
692,177
694,175
696,174
697,175
698,177
699,179
699,180
700,182
700,183
700,185
699,186
699,188
698,191
696,192
693,191
692,189
691,187
691,185
691,184
691,183
end box1
706,177
706,176
707,175
708,174
709,175
710,176
711,177
711,178
711,179
711,180
711,181
711,182
711,184
710,185
708,187
707,186
706,184
705,182
end box2
675,176
675,175
676,174
677,174
678,175
679,175
679,176
680,177
680,178
680,179
680,180
680,181
679,182
678,183
677,184
676,184
675,182
674,181
674,180
end box3
708,157
709,157
710,157
711,157
712,157
713,158
714,159
714,164
713,165
712,166
710,166
709,166
708,165
end box4
708,157
709,157
710,157
711,157
712,157
713,158
714,159
714,164
713,165
712,166
710,166
709,166
708,165
end box5
end total6boxes
