940,249
964,218
990,192
1020,181
1049,179
1075,179
1099,178
1126,175
1155,179
1187,189
1220,213
1236,246
1244,290
1238,326
1210,354
1171,361
1129,350
1050,339
1007,353
967,349
939,324
931,291
end box0
141,216
164,201
179,193
195,190
206,190
215,189
224,187
234,188
246,188
263,190
284,197
302,215
301,234
294,248
267,253
243,251
232,253
224,256
215,257
206,254
196,251
169,255
142,249
136,235
end box1
438,195
443,189
449,186
454,184
459,184
463,183
466,183
470,184
476,183
482,184
487,189
492,195
495,202
493,209
487,213
477,213
472,213
467,213
462,213
458,213
452,213
443,212
437,209
437,202
end box2
492,191
496,186
499,180
504,178
510,177
515,177
520,177
525,178
531,178
538,179
542,185
546,191
547,199
546,207
542,212
533,213
526,213
520,212
515,212
509,213
501,214
494,212
490,206
491,199
end box3
0,209
10,198
22,191
33,189
43,189
65,191
75,190
86,193
97,199
108,210
114,224
110,237
95,244
77,243
31,243
15,243
2,236
0,224
end box4
391,197
396,191
401,188
407,187
411,187
422,188
427,187
432,188
437,192
443,197
447,204
446,211
437,214
429,214
423,214
419,214
414,214
410,214
405,214
397,213
389,210
389,204
end box5
563,179
563,179
564,178
565,178
566,178
567,179
567,179
568,180
568,181
568,182
568,183
568,184
568,185
567,186
565,187
564,186
563,185
563,184
end box6
575,175
575,175
576,174
577,174
578,174
579,175
579,175
580,176
580,177
580,178
580,179
580,180
579,181
578,182
577,183
576,182
575,181
575,180
end box7
841,108
844,109
863,108
864,143
860,142
843,142
841,141
end box8
772,142
774,140
775,139
780,139
784,139
786,140
788,143
788,148
788,151
787,153
785,155
783,156
780,156
774,156
772,154
771,152
end box9
460,171
464,171
465,171
465,172
465,176
465,178
463,178
461,178
460,177
end box10
691,156
692,156
693,156
694,156
695,156
696,157
696,158
697,163
696,164
695,165
693,165
692,165
691,164
end box11
726,158
726,157
727,157
728,157
729,157
730,157
731,158
732,159
732,160
732,162
732,164
731,165
730,165
728,166
727,165
726,165
725,164
end box12
804,143
808,143
809,144
810,145
810,146
810,147
810,148
810,150
809,151
808,152
806,152
805,152
804,151
803,150
end box13
527,155
530,155
531,155
532,156
533,157
533,162
532,163
531,164
528,164
527,163
526,162
end box14
693,174
694,173
695,173
696,173
698,173
698,174
699,176
699,181
698,183
697,184
695,184
694,183
692,182
end box15
306,155
307,156
308,157
308,159
308,162
308,164
307,165
305,166
303,166
302,166
300,165
299,164
end box16
671,158
672,158
673,158
674,158
675,158
676,159
676,160
676,164
676,165
674,166
673,167
672,166
671,166
end box17
791,161
792,161
793,161
794,161
794,161
795,161
796,162
796,163
796,164
796,165
796,166
795,167
794,168
793,168
792,168
791,167
end box18
527,144
528,144
532,144
533,144
534,146
534,151
533,152
532,153
530,153
529,153
527,153
526,151
end box19
663,158
664,158
665,158
666,158
667,158
668,159
668,160
668,164
668,166
667,166
665,167
664,166
663,166
end box20
544,159
548,158
549,159
549,160
550,161
550,163
550,165
549,166
547,166
546,166
545,166
544,166
end box21
557,184
558,184
559,183
560,183
561,183
562,184
563,185
564,186
564,187
564,188
564,189
564,191
563,192
562,193
560,193
559,193
558,192
557,191
end box22
434,160
435,159
437,159
439,160
439,161
439,168
438,170
436,170
435,170
434,168
end box23
897,148
898,148
901,147
903,147
904,148
904,155
903,157
902,157
900,158
899,157
897,157
897,155
end box24
690,145
691,145
692,145
693,145
694,145
695,146
696,147
696,148
696,149
696,150
696,152
695,153
694,154
692,154
691,154
690,153
689,152
end box25
580,160
581,160
581,161
582,162
581,166
581,167
579,167
578,167
577,167
576,166
end box26
510,136
512,134
522,135
524,136
524,150
523,152
520,153
511,152
509,151
end box27
662,139
663,139
666,138
667,139
668,140
669,141
669,146
669,148
668,149
666,150
664,150
663,150
661,149
660,148
end box28
773,146
774,145
775,144
781,143
783,144
784,145
785,147
784,148
784,150
784,152
782,154
780,154
778,154
777,154
775,154
774,153
773,151
end box29
595,173
595,173
596,172
597,172
597,173
598,173
598,174
599,175
599,176
599,177
599,178
598,179
597,180
596,180
595,180
594,179
594,178
end box30
148,187
151,187
152,187
153,188
154,189
154,194
153,195
152,196
149,196
148,195
end box31
669,127
670,128
670,130
670,133
670,135
668,136
666,137
661,137
660,136
end box32
900,146
901,146
901,153
901,155
899,155
896,155
894,154
894,153
end box33
64,255
64,242
68,229
72,212
85,207
101,201
117,199
133,204
149,209
150,228
151,244
153,256
155,269
159,285
159,301
149,314
134,323
117,325
99,328
82,326
69,314
62,300
62,283
64,268
end box34
296,173
297,172
298,172
299,172
300,173
301,174
301,181
300,182
298,183
297,182
296,181
end box35
320,155
321,154
322,154
323,154
324,155
325,156
325,163
324,164
322,165
321,164
320,163
end box36
623,92
624,91
625,91
627,91
628,92
629,102
628,104
626,105
623,104
622,103
end box37
end total38boxes
