427,208
434,201
441,192
446,187
455,187
463,186
470,186
478,186
487,186
495,191
505,199
509,207
510,219
509,231
505,239
490,240
479,238
470,237
463,237
455,237
443,240
430,239
425,230
425,219
end box0
528,177
528,174
530,171
533,168
536,168
542,168
545,168
549,168
550,171
553,174
554,177
554,180
555,185
554,189
551,191
546,191
535,190
531,190
529,188
529,184
529,180
end box1
477,191
477,185
479,179
483,176
490,176
496,176
501,176
507,176
512,177
517,180
520,186
522,191
523,198
523,205
521,212
515,215
508,215
501,212
496,212
end box2
559,171
559,171
560,170
561,170
562,170
563,170
564,170
565,171
566,172
566,173
566,174
566,175
566,177
565,178
563,178
562,178
561,178
560,178
559,177
558,176
end box3
539,177
538,175
539,173
541,171
543,171
550,171
552,172
554,173
555,175
556,177
556,180
557,183
556,187
554,188
551,188
543,187
540,186
539,184
539,182
538,180
end box4
556,167
557,165
558,163
559,162
561,162
568,162
570,163
571,164
572,166
573,169
573,171
572,174
569,175
567,174
561,174
558,174
557,173
556,171
556,168
end box5
556,172
556,170
557,168
558,167
560,167
567,167
569,168
570,169
571,171
572,174
572,176
571,179
568,179
566,179
563,179
562,179
560,179
557,179
556,178
556,175
555,173
end box6
561,164
561,164
565,164
566,164
566,165
567,166
567,167
567,168
567,170
566,170
564,171
563,171
562,171
561,170
560,170
560,169
end box7
578,162
579,161
579,161
580,161
580,161
581,161
582,162
582,162
583,163
583,164
583,165
583,166
582,167
581,167
580,167
579,167
578,166
578,166
end box8
626,156
626,156
628,156
629,157
629,157
630,158
630,159
629,160
630,161
629,162
628,162
627,162
626,162
625,161
625,161
end box9
end total10boxes
