-7,241
28,200
69,177
114,175
149,175
175,179
198,180
223,178
248,183
283,191
328,210
370,245
390,298
380,332
318,349
267,356
229,347
111,346
55,351
0,329
-15,294
end box0
499,194
498,190
499,185
502,182
507,182
511,182
514,182
518,183
522,183
524,186
527,190
528,193
529,198
529,203
528,208
525,211
519,211
515,210
511,209
507,209
503,208
501,205
500,201
500,197
end box1
392,183
395,171
398,154
405,143
422,143
437,143
450,143
464,144
478,145
488,155
499,169
500,181
499,198
498,215
496,233
485,239
466,236
450,231
438,231
423,234
405,237
394,231
392,213
391,198
end box2
486,197
486,193
487,188
489,185
494,185
498,185
501,186
505,186
508,187
511,190
514,193
515,196
516,201
516,206
515,211
511,213
506,213
502,213
498,212
494,212
490,210
end box3
567,192
569,189
572,186
575,184
578,184
591,184
594,186
597,189
600,192
601,197
601,202
598,206
593,207
577,206
573,206
569,205
567,201
566,197
end box4
522,192
522,190
523,188
524,186
526,186
528,185
530,185
531,185
533,187
535,188
536,190
536,192
537,194
537,196
536,199
535,200
532,201
530,201
527,201
525,200
524,199
523,197
522,193
end box5
508,192
508,190
509,188
512,187
514,186
517,187
519,187
521,188
522,190
523,192
524,194
525,197
525,200
525,203
523,205
520,206
517,206
514,205
512,204
510,203
end box6
556,190
556,188
557,187
558,185
559,184
561,183
563,183
564,183
566,185
567,186
568,188
569,190
569,192
569,194
569,196
567,198
565,199
563,199
560,199
558,198
557,197
556,195
555,193
555,191
end box7
231,207
239,194
249,187
265,187
276,187
299,187
309,187
320,190
333,197
345,208
349,225
347,238
334,247
313,246
301,244
292,243
284,243
276,242
250,242
236,235
232,222
end box8
570,190
570,188
572,187
573,186
575,185
577,184
580,184
583,185
585,186
586,188
587,190
587,193
587,196
586,198
584,199
574,200
571,199
570,198
569,195
569,193
end box9
542,192
542,190
543,189
544,187
545,186
547,185
549,185
550,185
552,186
554,188
554,190
555,192
555,194
555,196
555,198
553,200
551,201
549,201
546,201
544,200
543,198
542,197
542,195
542,193
end box10
325,80
329,78
369,78
375,80
376,90
374,93
325,93
323,89
end box11
550,78
554,65
641,66
651,76
649,121
643,130
569,135
555,131
549,120
end box12
608,173
609,174
609,175
610,180
609,181
607,181
605,181
604,181
603,180
end box13
642,189
642,189
643,188
644,188
645,188
646,189
647,189
647,190
647,191
647,192
647,193
647,194
646,195
645,196
644,196
643,196
642,195
641,194
end box14
721,74
722,74
723,73
724,74
725,74
725,75
725,81
725,83
723,83
722,83
721,81
end box15
end total16boxes
