806,257
826,223
856,190
888,176
925,172
955,173
984,174
1015,176
1046,183
1075,197
1106,227
1126,258
1134,303
1123,340
1095,366
1054,372
1013,362
927,365
882,378
842,370
809,344
804,304
end box0
619,193
624,188
628,182
633,180
639,179
644,179
649,179
654,179
661,179
667,181
672,187
676,193
678,201
678,210
672,215
663,216
655,215
649,215
644,215
638,216
630,217
622,215
617,209
618,201
end box1
385,218
393,205
404,194
415,188
429,189
441,189
451,187
463,187
476,187
487,194
498,205
509,219
511,236
512,254
499,263
478,266
464,268
452,267
440,266
429,265
416,263
395,262
385,252
383,236
end box2
355,191
357,188
360,185
363,184
366,184
377,184
380,185
384,187
386,191
387,195
386,199
383,202
378,203
365,203
361,203
357,202
354,199
354,195
end box3
898,166
901,161
906,157
911,155
916,156
927,156
932,156
937,157
942,161
946,166
948,173
947,179
941,182
933,183
928,183
924,183
919,183
915,183
910,183
903,182
898,178
897,172
end box4
682,177
683,173
685,170
688,168
692,168
701,169
705,168
708,170
711,173
713,176
713,181
713,185
710,189
706,191
702,191
698,190
695,190
692,190
689,188
685,187
683,184
683,180
end box5
1011,171
1013,165
1017,158
1024,156
1030,155
1036,156
1041,155
1047,156
1054,155
1061,157
1066,164
1068,171
1069,179
1068,187
1064,193
1055,195
1047,194
1041,194
1036,194
1030,194
1022,195
1014,193
1010,187
1010,178
end box6
810,173
813,170
817,168
820,167
834,167
838,168
843,170
847,173
848,178
847,183
842,186
815,185
811,182
809,178
end box7
0,255
19,218
43,190
75,176
110,173
141,176
168,177
198,175
233,177
262,192
287,222
309,257
316,301
312,341
283,367
243,381
202,376
169,366
142,364
112,367
73,372
31,364
6,335
-2,299
end box8
703,177
703,175
704,173
705,172
707,171
709,171
710,170
712,171
714,171
716,172
717,174
718,176
718,179
718,181
718,184
716,185
713,186
711,185
708,185
706,185
704,184
703,183
703,180
702,178
end box9
535,181
535,179
537,177
538,176
548,175
550,176
551,178
552,180
552,183
552,186
551,188
549,189
539,190
537,189
535,187
535,185
535,183
end box10
360,192
360,190
362,189
363,188
365,188
372,187
375,188
377,190
378,192
378,195
378,198
376,200
374,201
364,201
361,201
359,200
359,197
359,195
end box11
685,178
685,176
686,174
687,173
690,172
691,172
694,171
696,172
698,173
700,174
702,176
703,178
703,181
703,184
702,187
699,188
697,189
694,189
691,188
689,188
687,187
685,185
684,183
684,181
end box12
729,166
732,162
735,160
739,159
752,159
755,160
760,162
764,165
765,170
764,175
759,177
754,178
733,177
729,174
729,170
end box13
608,175
608,175
609,174
610,174
611,174
612,174
613,175
613,176
613,177
613,178
613,179
613,180
612,181
611,182
610,183
609,182
608,181
607,180
607,179
end box14
901,141
902,140
904,140
905,141
906,142
907,143
907,148
906,149
905,150
903,150
902,150
901,149
900,148
end box15
872,142
876,142
877,143
878,144
878,145
878,146
878,147
878,149
877,150
876,151
874,151
873,151
872,150
871,149
end box16
392,208
400,196
411,188
420,183
432,183
441,182
450,180
461,180
473,179
480,187
488,198
499,209
503,224
503,239
494,249
476,252
461,251
451,252
440,252
430,251
417,250
401,248
393,237
390,223
end box17
end total18boxes
