568,217
572,206
582,192
591,182
605,182
619,183
630,182
644,182
658,183
670,190
682,203
685,216
683,234
683,252
680,270
666,273
643,266
630,264
619,264
606,265
583,273
569,270
567,252
567,235
end box0
656,65
657,63
657,62
658,60
660,59
662,59
663,58
665,59
667,59
669,61
670,62
671,64
670,67
670,69
670,71
668,73
666,74
664,74
661,74
659,74
658,72
657,70
656,68
656,66
end box1
622,156
626,156
627,157
628,163
627,164
626,165
624,165
623,165
622,164
end box2
494,112
495,111
496,111
498,111
499,112
500,122
499,124
497,124
494,124
493,123
end box3
541,106
542,106
543,106
545,106
546,106
546,116
545,117
543,117
542,117
540,116
end box4
728,127
729,127
730,127
732,126
733,127
734,128
733,137
732,138
730,138
729,138
727,137
end box5
end total6boxes
