374,201
380,196
387,192
392,191
396,190
401,190
408,191
414,190
420,191
427,195
433,201
436,210
434,217
425,220
416,220
409,220
395,220
389,221
380,220
372,217
372,209
end box0
303,201
307,194
313,189
320,189
327,189
336,189
340,189
346,189
352,191
359,195
366,201
370,210
369,219
359,222
348,222
341,222
336,222
326,221
321,221
311,220
303,217
302,209
end box1
498,186
502,183
505,180
509,179
512,179
525,178
528,180
533,182
537,186
539,192
538,197
533,201
527,201
511,200
507,200
501,200
497,196
496,191
end box2
539,179
540,177
541,175
542,173
544,173
546,172
548,172
549,172
552,173
553,174
554,176
555,178
556,181
556,183
555,186
553,188
550,188
548,188
545,188
543,188
541,187
540,185
539,183
539,181
end box3
967,166
967,164
969,163
970,162
972,162
979,161
981,162
983,164
985,166
985,169
985,172
984,175
981,175
978,175
971,175
968,175
967,174
966,171
966,169
end box4
399,194
400,190
403,187
407,185
411,186
420,186
424,186
427,188
431,191
434,194
435,199
435,205
432,209
426,210
421,210
417,209
411,208
407,207
402,207
400,203
399,199
end box5
435,189
436,186
438,183
441,181
444,181
456,181
459,182
462,185
464,189
465,193
465,197
462,201
458,202
454,202
443,202
440,201
436,200
434,196
434,192
end box6
576,162
577,162
578,162
579,162
580,162
581,163
582,164
582,165
582,166
582,167
582,169
581,170
580,171
578,171
577,171
576,170
575,169
end box7
691,159
692,158
693,158
694,158
695,159
696,160
696,161
697,164
697,166
696,167
695,168
693,168
692,168
691,167
690,166
end box8
559,142
563,142
564,142
565,144
566,145
566,148
565,149
564,151
563,151
561,151
560,151
558,151
558,149
end box9
1026,42
1026,36
1027,27
1032,24
1040,23
1046,22
1053,23
1059,23
1066,25
1073,27
1074,35
1075,42
1074,49
1073,56
1072,63
1067,68
1060,70
1053,70
1046,70
1039,69
1033,67
1029,62
1027,55
1028,48
end box10
1029,3
1031,2
1038,2
1041,2
1042,4
1041,19
1039,20
1036,21
1033,21
1030,21
1028,19
end box11
end total12boxes
