1147,307
1151,296
1152,286
1157,274
1166,265
1179,258
1193,255
1211,254
1228,256
1235,271
1230,351
1229,368
1211,371
1194,373
1176,374
1162,369
1146,363
1143,348
1144,330
1144,318
end box0
337,205
339,202
343,199
346,198
349,198
360,197
363,199
367,201
370,204
371,209
371,214
368,218
362,218
357,217
348,217
344,217
338,217
336,214
336,209
end box1
1168,196
1175,190
1181,186
1186,184
1191,183
1204,183
1211,182
1220,182
1227,187
1231,195
1232,204
1229,211
1221,215
1211,216
1205,216
1200,216
1195,216
1190,216
1183,216
1172,216
1164,212
1164,204
end box2
544,233
546,217
558,197
567,179
584,175
606,177
624,179
645,179
663,184
671,199
683,218
684,234
687,255
685,277
684,304
676,312
644,303
583,308
550,319
545,307
545,277
545,255
end box3
355,198
356,195
359,192
362,191
365,191
372,191
375,191
378,192
382,194
384,198
385,202
385,206
382,209
377,210
373,210
370,209
367,209
364,209
361,209
357,208
355,205
354,201
end box4
301,205
303,202
306,199
309,198
312,198
319,198
323,197
326,199
330,201
332,205
334,209
333,214
330,217
325,218
320,217
317,216
311,217
307,217
302,216
300,213
299,209
end box5
398,194
402,190
406,188
410,187
423,187
427,188
432,190
436,193
439,199
437,204
432,206
425,206
421,206
412,206
409,205
402,206
398,203
396,199
end box6
377,198
377,196
378,194
379,193
381,192
386,192
388,193
390,194
391,195
392,197
393,200
392,202
392,205
389,206
387,206
385,206
383,206
381,206
378,205
377,203
376,201
376,199
end box7
370,195
371,192
373,189
376,188
379,188
386,189
389,188
391,190
394,192
396,195
398,199
397,203
395,206
391,207
387,207
384,206
381,206
379,206
376,205
372,204
370,202
370,198
end box8
560,177
567,177
568,178
568,180
569,181
568,183
569,185
567,186
560,186
559,185
558,184
end box9
440,194
440,192
441,190
442,189
444,188
446,188
449,188
451,188
453,189
454,191
455,193
456,196
456,198
455,201
453,202
450,203
448,202
445,202
443,202
441,201
440,200
439,198
439,196
end box10
587,175
587,174
589,172
590,171
592,171
599,170
601,171
603,173
604,175
605,178
605,181
603,183
601,184
591,184
589,184
587,183
586,180
586,178
end box11
311,205
311,203
312,202
314,200
316,200
317,199
322,199
324,200
326,201
327,203
328,205
328,208
329,211
328,214
325,215
322,215
320,215
317,215
315,215
313,214
311,213
311,210
310,208
end box12
576,175
581,174
582,175
583,176
584,177
584,178
583,180
583,181
582,182
580,182
578,182
577,182
576,181
575,180
end box13
528,176
528,176
529,176
531,176
532,176
532,176
533,177
534,178
534,179
534,180
534,182
533,182
531,183
530,183
529,183
528,182
527,181
end box14
360,198
360,195
361,194
363,193
365,193
370,192
372,193
374,194
376,195
377,197
377,200
377,203
376,205
374,206
371,206
364,206
362,205
360,204
360,202
359,200
end box15
555,181
556,179
558,178
559,177
568,176
571,177
573,179
574,181
575,184
575,187
573,190
570,190
560,190
557,190
555,189
554,186
554,184
end box16
748,51
751,50
770,65
770,70
752,88
732,70
end box17
35,215
36,213
37,212
39,211
41,210
43,210
45,210
47,211
48,212
50,214
50,216
50,219
50,221
49,224
48,226
46,227
43,227
40,227
38,226
36,224
35,222
35,218
end box18
495,189
496,188
497,187
498,187
500,187
501,188
502,189
502,190
503,192
503,193
503,195
503,196
502,198
500,199
499,200
497,199
495,198
494,197
end box19
180,189
181,188
182,188
185,187
186,188
188,188
189,189
189,191
189,192
189,194
189,196
188,197
186,197
184,197
183,197
181,197
180,196
180,194
end box20
493,191
493,189
495,188
496,186
499,186
501,187
503,188
504,190
505,192
505,194
505,196
505,198
505,200
503,202
501,204
499,204
496,204
494,203
492,201
492,199
492,197
491,195
end box21
177,192
178,190
178,188
179,187
181,186
183,186
184,185
186,186
188,186
190,187
191,189
192,191
192,194
192,196
191,198
189,200
187,201
185,201
182,201
180,201
178,199
177,197
177,195
177,193
end box22
807,224
810,220
816,219
823,218
829,219
832,224
839,271
835,273
805,272
804,265
end box23
514,160
515,161
516,162
516,167
515,168
514,169
512,169
511,169
510,168
end box24
480,174
484,174
485,175
485,176
486,177
486,178
486,179
486,181
485,182
484,183
482,183
481,182
480,182
479,181
end box25
627,172
628,172
630,172
631,172
632,173
633,179
632,180
631,181
629,181
628,181
627,180
end box26
38,192
39,192
40,191
42,191
44,191
45,192
45,194
45,199
44,200
43,201
41,202
40,201
38,201
38,199
end box27
465,111
467,107
508,106
511,111
511,119
511,124
465,123
464,118
end box28
780,103
781,105
782,108
782,111
781,114
780,116
778,118
773,119
end box29
769,76
770,73
774,72
777,73
780,75
783,76
784,79
783,82
784,84
784,87
784,89
784,92
783,96
781,98
777,101
773,101
769,100
end box30
984,120
986,118
988,118
991,118
993,119
995,119
996,121
996,124
996,126
996,127
996,129
996,132
995,134
993,135
991,136
988,136
985,136
984,134
end box31
598,0
601,-2
626,-2
630,0
631,27
628,30
600,29
598,25
end box32
596,158
598,158
599,158
600,159
600,163
599,164
598,165
597,165
596,165
595,164
end box33
end total34boxes
