670,205
671,200
677,194
682,189
687,187
694,186
707,188
716,188
721,191
725,199
726,205
725,213
722,220
720,227
714,229
686,234
675,236
670,232
669,222
670,214
end box0
919,188
945,175
964,168
978,166
989,166
1014,166
1026,164
1043,166
1068,170
1089,186
1091,208
1080,222
1052,230
951,230
919,223
912,211
end box1
861,278
899,243
935,221
973,215
1002,214
1025,214
1047,215
1071,213
1099,215
1144,217
1181,237
1212,276
1220,324
1203,353
1152,373
1103,372
1002,368
967,375
919,372
864,355
848,327
end box2
470,195
472,192
475,189
477,186
480,186
490,187
494,187
497,188
500,192
503,195
503,200
503,205
501,210
497,211
479,210
475,211
471,210
469,204
470,200
end box3
522,191
522,189
523,187
524,185
526,185
528,184
531,184
533,184
535,185
537,187
538,189
539,191
539,194
539,197
539,200
537,202
534,203
531,202
528,202
526,202
524,200
522,198
522,196
522,194
end box4
639,187
639,186
641,184
642,183
644,182
652,182
655,182
656,185
657,187
657,190
657,193
656,196
653,196
643,197
640,197
638,195
638,192
638,190
end box5
665,194
666,191
668,189
670,187
672,185
675,185
681,185
685,185
689,186
691,190
690,193
671,208
666,208
665,205
664,201
664,197
end box6
609,177
610,176
610,176
611,176
612,176
612,176
613,177
614,177
614,178
614,179
614,180
614,181
613,182
612,182
611,183
610,182
609,182
609,181
608,180
end box7
593,177
593,177
595,176
596,176
597,177
597,177
598,178
599,179
599,180
599,181
599,183
598,183
596,184
595,184
594,184
593,183
592,183
592,182
end box8
502,195
502,192
504,189
506,187
510,187
512,187
515,187
517,187
521,188
523,189
525,192
527,195
528,198
528,203
526,206
523,208
519,208
515,207
512,207
509,207
506,206
504,204
502,201
502,198
end box9
-13,277
-3,249
20,226
42,211
69,209
95,209
118,214
141,217
165,221
185,234
213,255
228,279
238,316
236,349
216,375
191,390
149,377
69,374
33,381
11,370
-10,344
-13,312
end box10
628,177
631,177
632,177
633,178
634,179
634,180
634,181
634,183
633,183
631,183
630,184
629,183
628,183
627,183
626,182
end box11
640,179
641,177
641,177
646,176
647,177
648,178
649,179
649,180
649,182
649,184
647,184
645,184
643,184
641,184
640,184
640,183
640,181
640,180
end box12
657,205
658,200
661,196
665,192
669,189
674,188
679,187
685,188
693,188
697,191
696,199
679,225
673,229
666,230
658,230
656,225
656,217
657,210
end box13
558,186
559,184
560,183
562,182
571,182
573,182
576,184
578,186
578,189
578,192
576,195
572,194
563,194
561,195
558,194
557,191
557,189
end box14
657,179
662,178
663,179
664,180
665,181
665,182
665,184
665,186
663,186
662,186
659,186
658,186
656,186
656,185
end box15
566,186
567,185
569,183
571,182
579,182
581,183
583,184
585,186
586,189
585,192
584,194
580,194
571,194
569,194
566,194
565,191
565,189
end box16
507,194
507,192
508,190
510,189
512,189
515,189
517,189
518,190
520,192
521,193
522,195
522,198
522,200
522,203
520,205
518,206
515,205
512,205
510,204
508,203
end box17
571,187
572,186
572,185
573,184
579,184
580,184
581,185
582,187
582,188
582,190
582,192
580,193
578,193
573,193
572,192
571,191
571,189
571,188
end box18
571,184
571,183
573,181
574,180
583,180
585,181
587,182
588,184
589,187
589,190
588,193
585,193
582,193
575,193
573,193
571,192
570,189
570,187
end box19
638,181
638,180
640,178
641,177
650,177
653,177
654,179
656,181
656,184
656,187
654,189
651,189
642,190
639,190
637,189
637,186
637,184
end box20
845,190
853,185
859,182
865,181
868,181
872,181
878,181
883,180
890,180
897,183
905,189
908,198
904,204
892,206
867,207
861,207
853,207
841,205
840,198
end box21
578,181
583,180
584,181
585,182
585,183
586,184
586,186
586,188
584,188
583,188
581,188
580,188
579,188
578,187
577,186
end box22
561,187
561,186
562,185
563,184
569,184
570,184
571,185
572,187
572,188
572,190
572,192
570,193
568,193
563,193
562,192
561,191
561,189
561,188
end box23
650,183
650,181
652,179
653,178
655,178
662,178
665,178
666,180
667,182
667,185
667,188
666,190
663,190
654,191
652,191
650,190
649,187
649,185
end box24
326,180
327,174
332,169
338,167
363,168
369,169
373,175
376,180
377,187
377,194
371,199
364,201
358,200
337,200
331,198
327,193
327,187
end box25
717,149
717,147
718,145
719,144
721,143
723,142
725,142
727,142
729,143
730,144
732,146
732,148
732,151
732,153
731,156
730,158
727,159
725,159
722,158
720,158
718,156
717,154
716,152
716,150
end box26
704,147
704,144
705,141
707,140
710,139
713,138
716,138
719,138
722,139
725,141
726,144
728,147
728,150
728,154
726,158
724,160
720,161
716,161
713,161
710,160
706,159
704,157
703,153
704,150
end box27
398,161
399,161
400,161
401,161
402,161
403,162
403,163
404,164
404,165
404,166
404,168
403,169
402,170
400,170
399,170
398,169
end box28
381,171
382,171
383,171
384,171
385,171
386,172
386,173
387,174
387,175
386,176
386,178
386,179
384,179
383,180
382,179
381,179
end box29
315,141
316,140
328,139
330,140
330,153
329,156
317,156
315,155
end box30
519,158
520,159
521,160
521,165
520,166
519,167
516,167
515,166
end box31
328,89
328,83
369,84
371,88
373,130
373,136
326,135
326,128
end box32
595,163
596,163
597,164
597,168
596,169
595,169
594,170
593,169
592,169
end box33
595,163
596,163
597,164
597,168
596,169
595,169
594,170
593,169
592,169
end box34
575,121
576,120
577,120
579,120
580,121
580,131
579,133
578,133
576,133
574,132
end box35
end total36boxes
