96,216
124,193
146,176
174,174
196,175
212,175
226,174
242,173
260,175
286,180
311,195
338,217
351,251
340,272
302,282
263,281
243,281
226,278
212,276
197,274
176,277
138,280
101,270
91,249
end box0
7,203
6,194
12,187
21,186
29,187
47,188
53,189
60,191
66,197
71,203
73,213
72,221
65,227
57,229
48,229
16,225
10,219
9,211
end box1
720,131
731,127
733,129
734,130
733,133
733,135
733,137
731,138
721,137
720,136
720,134
end box2
734,151
735,149
737,149
740,149
742,150
744,150
745,153
745,155
745,157
745,158
745,160
745,162
744,164
742,166
740,168
737,168
734,167
733,164
end box3
end total4boxes
