578,175
578,175
581,174
582,175
583,175
583,176
584,177
584,178
584,179
584,181
583,181
581,182
580,182
579,182
578,181
577,181
577,180
end box0
561,176
562,176
566,176
567,176
567,177
568,178
568,179
568,180
568,182
567,183
565,183
564,183
563,183
562,183
561,182
560,181
end box1
593,175
594,174
594,174
596,174
596,174
597,175
598,175
598,176
598,177
598,178
598,179
597,180
596,180
595,180
594,180
593,180
592,179
592,178
end box2
609,175
610,174
613,173
614,174
615,174
615,175
616,176
615,177
615,178
614,179
613,179
612,179
611,179
610,179
609,178
609,178
end box3
370,191
372,187
374,185
377,183
380,183
392,183
396,184
399,187
401,190
401,195
401,199
398,203
393,204
380,204
376,203
372,202
370,199
369,195
end box4
555,178
555,176
557,175
558,174
560,174
567,174
569,175
571,176
572,178
573,181
573,184
572,187
569,187
566,187
559,187
557,187
555,185
554,183
554,181
end box5
627,174
630,173
631,174
632,174
632,175
632,176
632,177
632,178
631,179
630,179
629,179
628,179
627,179
626,178
626,178
end box6
642,174
643,173
643,173
644,173
645,173
645,173
646,174
646,174
647,175
647,176
647,177
647,178
646,178
645,179
644,179
643,179
642,178
642,178
641,177
end box7
526,176
526,175
527,174
528,174
529,174
529,175
530,176
530,176
531,177
531,178
531,179
531,180
530,181
529,182
528,182
527,182
526,181
526,180
end box8
510,126
512,126
513,126
514,126
515,127
516,128
516,129
516,130
516,131
516,133
515,134
514,134
512,135
511,134
510,134
509,133
end box9
673,184
676,179
680,177
683,180
685,186
685,206
684,214
680,215
675,214
673,209
end box10
674,141
678,141
679,141
679,142
679,143
679,144
679,145
679,146
678,147
677,148
676,148
675,148
674,147
673,146
end box11
688,188
689,183
692,177
696,176
699,180
700,186
700,205
700,213
696,216
691,215
689,209
end box12
691,173
691,172
692,171
693,171
694,171
695,172
696,173
696,174
697,179
696,180
695,181
693,181
692,181
691,180
690,179
end box13
659,143
663,143
664,143
664,144
665,145
665,146
665,147
664,149
664,150
662,150
661,150
660,150
659,149
658,148
end box14
705,197
707,193
712,193
716,195
717,200
716,228
712,230
707,230
704,226
end box15
644,143
645,142
648,143
649,143
649,144
650,145
649,147
649,148
649,149
647,150
646,150
645,150
644,149
end box16
641,160
642,159
643,159
644,159
644,160
645,160
646,161
646,162
646,163
646,164
646,165
645,166
644,167
643,167
642,167
641,166
641,165
end box17
547,158
547,158
549,158
550,159
550,159
551,163
550,164
549,164
548,164
547,164
546,164
end box18
675,190
676,187
677,187
679,188
680,189
681,191
681,200
680,202
678,204
675,203
674,201
end box19
451,138
452,138
453,138
455,138
456,138
456,140
456,147
455,149
453,149
452,149
451,148
end box20
461,159
462,159
463,159
464,159
465,159
466,160
466,167
465,168
463,168
462,168
461,167
end box21
597,105
598,105
600,105
601,105
602,106
602,113
601,113
598,113
597,113
end box22
514,144
515,143
517,143
518,144
519,145
520,151
519,152
518,153
516,153
515,153
514,152
end box23
688,168
688,148
694,128
709,117
730,116
749,114
766,114
784,117
804,119
820,130
829,147
829,167
828,187
831,210
824,230
805,237
786,238
767,237
748,239
728,242
708,240
690,231
687,210
687,188
end box24
662,162
669,141
682,119
702,109
726,109
748,113
765,117
787,114
808,115
828,123
839,144
845,165
851,191
846,217
838,238
813,244
789,243
766,237
747,240
724,246
699,250
674,241
664,220
664,192
end box25
end total26boxes
