297,233
305,212
316,193
337,185
358,180
377,179
394,180
413,181
432,186
451,196
468,213
473,234
477,259
470,282
459,297
433,305
414,308
395,304
378,301
362,300
339,300
313,298
303,281
298,257
end box0
-26,270
-2,222
30,192
82,189
125,190
155,195
182,201
210,200
241,205
281,213
318,237
349,276
361,327
350,365
304,383
251,393
216,392
184,382
158,379
131,380
90,387
30,390
-12,365
-23,323
end box1
560,204
563,201
568,198
571,197
574,197
586,197
589,198
595,201
599,204
600,210
599,215
594,218
588,218
583,217
574,217
570,217
564,217
559,214
558,210
end box2
1149,254
1150,242
1151,230
1155,216
1165,200
1180,187
1201,174
1224,167
1234,193
1236,219
1234,237
1233,298
1232,324
1222,349
1201,352
1176,346
1161,331
1150,310
1146,292
1146,277
1146,264
end box3
456,207
458,197
464,188
473,183
484,183
493,183
502,183
511,184
521,184
528,190
535,199
539,208
540,220
539,231
534,241
524,246
511,244
502,244
493,244
485,243
473,244
463,241
459,230
457,219
end box4
567,196
569,193
573,190
576,189
591,189
595,190
599,193
601,196
602,201
602,206
598,209
593,210
579,209
575,209
570,208
567,205
567,201
end box5
621,193
621,191
622,190
624,188
626,188
628,187
632,187
634,188
636,189
637,191
638,193
638,196
638,199
638,202
635,203
632,204
630,203
627,203
625,202
623,202
621,200
620,198
620,196
end box6
652,193
653,191
654,190
656,188
658,188
666,188
668,189
670,191
671,193
671,196
671,199
670,202
667,203
664,203
657,203
654,203
652,201
652,198
651,196
end box7
611,193
612,190
614,187
617,185
620,185
629,185
632,184
635,186
638,189
640,193
640,197
640,201
638,205
634,206
630,206
626,205
623,205
620,206
616,205
613,204
611,200
611,196
end box8
644,194
647,191
649,188
652,187
655,187
665,187
668,188
672,190
674,194
675,198
675,202
672,205
667,206
663,206
654,206
650,206
646,205
644,202
644,198
end box9
636,195
636,193
638,191
639,190
641,189
648,189
651,190
652,192
653,194
653,197
653,199
652,202
649,203
647,203
645,203
642,203
640,203
638,203
636,201
636,199
636,197
end box10
726,174
727,174
728,174
729,174
730,174
731,175
731,176
732,181
731,182
730,183
728,183
727,183
726,182
725,181
end box11
608,192
608,192
609,191
610,191
611,191
612,192
613,192
613,193
614,194
614,195
614,196
614,198
613,199
611,199
610,200
609,199
608,199
607,198
607,197
end box12
562,186
563,186
564,186
565,186
566,186
567,187
567,188
567,192
566,193
565,194
564,194
563,194
562,194
561,192
end box13
end total14boxes
