904,280
936,245
968,220
1002,210
1033,209
1058,207
1081,207
1108,205
1140,208
1183,212
1215,237
1238,277
1246,323
1233,357
1191,379
1138,375
1080,372
1058,372
1034,373
998,378
948,375
903,358
891,326
end box0
596,193
603,184
611,176
620,173
630,174
637,174
644,173
651,174
659,174
667,179
675,186
685,194
689,207
689,219
680,226
663,226
653,225
645,225
637,224
630,223
620,223
605,224
598,217
595,206
end box1
270,231
286,210
303,194
322,186
342,185
360,186
374,184
392,181
412,183
429,194
449,210
466,231
473,258
469,281
447,297
419,305
396,303
375,294
360,291
342,294
319,297
294,292
273,277
266,256
end box2
2,206
1,191
5,174
17,164
35,165
51,167
64,167
77,170
90,173
100,182
107,195
111,207
114,223
115,241
112,256
97,263
79,263
65,263
51,264
37,263
19,264
7,256
7,238
5,222
end box3
679,177
679,173
681,169
684,168
688,168
697,168
701,168
704,170
707,173
708,177
709,181
709,186
707,190
703,191
698,191
694,190
691,190
688,190
684,189
681,187
679,184
679,180
end box4
814,174
817,169
824,166
829,165
850,165
855,166
862,169
866,174
868,182
866,188
858,191
828,191
821,191
814,188
812,181
end box5
779,234
791,212
809,197
831,189
851,189
868,189
883,190
900,189
921,189
946,193
966,210
974,233
980,261
973,285
953,302
925,304
850,302
825,304
797,303
779,284
775,261
end box6
711,173
713,169
716,167
719,165
723,166
734,165
737,167
741,169
744,173
745,177
744,182
741,185
736,186
731,185
722,185
718,185
713,185
710,181
710,177
end box7
815,170
816,167
819,164
821,162
824,162
836,162
839,163
843,166
844,169
844,174
843,177
840,180
824,182
820,182
817,181
815,177
814,173
end box8
713,166
716,162
720,160
724,159
737,160
740,160
745,162
749,165
751,171
750,175
744,177
718,177
713,174
712,170
end box9
798,172
798,170
799,169
801,167
802,167
809,167
811,168
812,169
813,171
813,174
813,176
812,178
810,179
807,179
803,179
801,180
799,179
798,178
797,175
797,173
end box10
874,145
878,145
879,146
880,147
880,148
880,150
880,152
879,153
878,154
876,154
875,154
874,153
873,152
end box11
883,164
884,162
884,161
885,159
887,158
889,157
891,157
893,157
895,158
896,159
897,161
898,163
898,166
897,168
897,170
895,172
893,174
891,174
888,174
886,173
884,171
884,169
883,167
883,165
end box12
886,161
887,160
888,160
889,159
890,159
891,159
892,160
894,160
895,161
895,163
895,164
895,166
895,167
893,168
892,169
890,170
889,170
887,169
886,168
886,166
end box13
end total14boxes
