475,204
476,199
481,193
486,190
492,190
507,191
514,190
518,193
523,199
526,204
526,211
526,219
522,225
515,226
507,224
491,225
483,227
477,225
474,218
475,211
end box0
555,188
555,186
557,185
559,183
561,183
569,183
571,184
573,186
574,188
575,191
575,194
574,197
571,198
560,198
557,198
555,196
554,193
554,191
end box1
551,188
553,185
555,182
558,181
561,181
572,181
574,182
578,184
580,188
581,192
580,196
577,199
573,200
556,199
553,198
551,195
550,191
end box2
481,194
484,190
488,188
492,187
507,187
511,188
516,190
520,194
520,200
519,205
515,207
508,207
491,207
485,207
481,204
480,199
end box3
end total4boxes
