509,192
509,190
510,189
512,188
521,188
523,188
525,190
526,192
527,195
527,198
526,201
523,201
513,200
511,201
509,200
508,197
508,195
end box0
609,176
610,175
610,175
613,174
614,175
615,175
615,176
616,177
616,178
616,179
616,181
614,181
613,182
612,182
611,182
610,181
609,181
609,180
609,179
609,178
end box1
626,175
626,175
627,174
628,174
629,174
630,174
631,175
632,176
632,177
632,178
632,179
632,181
631,181
629,182
628,182
627,182
626,182
625,181
624,180
624,178
end box2
636,181
636,179
638,178
639,177
641,177
648,177
650,177
652,179
654,181
654,184
654,187
653,190
650,190
640,190
637,190
635,189
635,186
635,184
end box3
1033,162
1039,159
1070,159
1078,162
1081,169
1077,172
1033,172
1029,168
end box4
629,187
631,184
632,181
635,179
638,179
647,179
650,179
653,181
656,184
657,187
658,191
658,195
656,199
652,200
647,199
638,199
634,199
630,198
629,194
629,190
end box5
1116,173
1122,170
1154,170
1160,173
1162,179
1158,183
1117,183
1114,179
end box6
575,175
576,175
578,175
578,175
579,175
580,176
580,177
580,178
580,179
580,180
579,181
578,181
577,181
576,181
575,181
574,180
574,180
end box7
607,178
607,176
608,175
609,174
610,174
616,174
618,174
619,176
620,178
620,180
620,182
620,184
617,185
615,185
612,185
610,185
608,185
606,183
606,181
606,179
end box8
430,205
434,202
439,200
459,201
465,202
470,205
473,211
470,215
463,217
431,215
429,210
end box9
593,176
596,176
597,176
598,177
598,178
599,179
598,180
598,182
597,182
596,182
595,182
594,182
593,182
592,181
592,181
end box10
490,195
490,193
491,191
492,190
494,189
501,190
503,191
504,192
505,194
505,197
505,199
505,202
502,203
500,203
493,203
491,202
490,201
490,198
489,196
end box11
563,175
563,175
567,175
568,175
568,176
569,177
569,178
569,179
569,181
568,181
566,182
565,182
564,182
563,181
562,181
562,180
end box12
464,197
467,193
470,191
473,190
486,191
489,192
493,193
496,197
498,201
497,206
493,208
488,209
484,209
468,207
464,205
463,201
end box13
639,178
640,176
640,176
641,175
645,175
646,176
647,177
647,178
647,179
647,180
647,182
646,183
644,183
642,183
641,183
640,182
639,181
639,180
end box14
954,161
955,161
955,161
956,161
957,161
957,161
958,162
959,162
959,163
959,164
959,165
959,166
958,167
957,167
956,168
955,167
954,167
954,166
953,165
end box15
448,204
451,200
454,198
458,197
470,198
473,199
478,200
482,204
484,208
483,213
478,215
472,215
449,212
448,208
end box16
304,211
304,208
304,204
305,199
307,193
312,185
317,184
322,192
325,198
325,204
326,208
326,211
326,214
325,217
324,220
324,225
322,233
318,242
311,241
307,232
307,223
306,219
305,216
305,214
end box17
654,155
658,155
659,156
659,157
660,160
660,162
659,163
657,163
656,164
655,163
654,163
end box18
1074,126
1075,125
1076,125
1077,125
1079,126
1079,127
1079,134
1078,135
1076,136
1075,135
1074,134
end box19
end total20boxes
