133,336
133,335
134,333
134,332
135,331
137,330
139,329
140,330
142,331
143,332
143,334
144,336
144,337
144,339
144,341
143,343
141,345
139,345
136,345
134,344
133,342
133,340
133,339
132,337
end box0
546,157
547,156
548,156
550,156
551,157
552,158
553,159
554,161
554,162
554,164
554,166
552,168
550,169
549,169
547,169
545,167
544,166
543,165
end box1
541,159
542,157
544,155
545,154
547,153
550,152
552,153
554,154
556,155
558,158
558,160
559,163
558,166
557,168
555,171
553,173
550,173
547,172
545,171
543,169
542,167
541,165
541,163
end box2
544,175
545,174
546,174
547,174
548,175
549,176
550,177
551,178
550,181
550,182
549,183
548,184
546,185
545,184
544,183
543,182
end box3
539,174
539,172
541,171
542,169
545,169
547,170
548,171
549,173
550,175
551,177
551,178
551,180
550,183
549,185
548,187
545,187
542,187
540,186
539,183
538,181
end box4
663,125
664,124
665,124
667,124
668,125
669,126
670,134
669,135
667,136
666,137
664,136
662,135
end box5
528,177
529,176
529,174
531,172
532,171
535,170
537,171
539,173
540,175
540,177
541,179
541,181
541,183
541,185
540,188
538,190
535,190
532,190
530,188
529,186
528,184
528,182
528,180
end box6
662,109
663,108
664,107
666,108
667,109
668,110
668,119
666,121
665,121
663,121
661,119
end box7
553,145
554,146
555,148
555,151
554,153
553,154
551,155
end box8
624,142
629,142
630,143
631,144
631,151
630,152
628,153
626,153
625,153
623,152
622,151
end box9
527,180
527,178
528,176
528,173
529,170
532,166
535,165
538,168
540,172
541,175
541,177
541,179
541,181
541,184
541,186
541,190
540,196
536,197
531,196
529,192
529,187
528,185
528,183
528,181
end box10
572,154
573,153
574,153
575,153
576,154
577,155
577,162
576,163
574,163
573,163
572,162
end box11
end total12boxes
