11,249
38,218
60,194
89,182
119,180
143,178
166,177
192,175
222,179
255,189
280,214
300,248
308,288
301,323
269,342
225,349
193,351
167,348
141,349
116,350
79,354
35,346
6,323
1,289
end box0
393,179
409,170
418,162
425,157
435,157
443,157
450,155
459,155
470,153
482,157
494,165
503,177
505,193
503,207
490,214
471,214
460,214
451,214
443,212
435,211
421,214
401,215
388,207
386,194
end box1
502,169
503,165
506,162
510,162
514,162
517,162
520,163
524,164
526,167
529,169
530,173
530,177
530,181
529,186
527,188
522,189
517,188
514,187
511,186
507,185
end box2
503,162
503,158
505,155
508,153
512,153
515,153
518,153
521,154
524,154
526,156
530,158
532,162
533,166
532,170
530,174
526,176
522,175
504,165
end box3
473,163
474,156
480,152
486,151
492,150
496,150
501,150
505,151
510,152
515,154
520,158
526,163
528,171
527,178
520,183
513,184
475,176
473,170
end box4
638,127
639,126
640,125
641,125
642,125
643,126
644,127
645,128
645,133
644,134
643,135
641,136
640,135
639,134
638,133
end box5
532,140
533,140
535,140
536,140
537,141
537,142
538,143
538,147
537,148
536,149
534,149
533,148
532,148
end box6
646,118
646,119
645,119
641,119
end box7
530,157
530,156
531,156
532,156
533,156
534,156
534,157
535,158
536,159
535,160
535,161
535,162
535,163
533,164
532,165
531,164
530,163
end box8
218,123
222,122
223,123
224,124
225,125
225,132
224,133
222,134
221,135
219,134
217,133
216,132
end box9
218,111
224,110
225,111
226,112
227,114
226,117
226,119
225,120
223,121
221,121
220,121
218,120
217,119
216,118
end box10
670,95
671,94
673,93
676,93
678,93
680,94
682,96
681,110
679,112
676,112
673,112
671,111
669,109
end box11
215,110
216,108
226,108
228,109
229,111
229,118
228,121
227,122
224,123
222,124
217,123
215,122
214,119
end box12
397,186
407,176
415,167
422,162
433,162
442,163
450,162
459,161
469,160
479,165
486,175
495,186
498,199
498,213
489,220
470,221
459,220
450,218
442,217
433,219
421,220
402,221
394,213
392,200
end box13
486,177
486,174
486,170
485,163
488,157
494,150
499,151
504,158
507,165
508,170
509,173
509,177
509,180
509,184
508,188
508,194
506,202
501,207
493,206
489,198
488,190
488,185
487,182
487,180
end box14
854,90
856,89
859,89
860,90
861,101
860,103
858,104
855,103
854,102
end box15
566,142
567,141
568,141
569,141
570,142
570,142
570,148
569,149
568,149
567,149
566,148
end box16
572,137
573,136
574,136
575,136
576,137
577,138
577,145
576,146
574,147
573,146
572,146
end box17
end total18boxes
