469,190
474,182
481,171
489,165
500,165
509,165
518,165
527,166
538,166
547,170
555,180
559,190
558,203
558,216
553,227
541,229
528,227
518,226
509,226
499,227
485,230
474,227
470,215
469,203
end box0
402,186
405,179
409,173
415,171
422,170
439,170
446,170
453,172
458,179
461,186
462,194
461,202
456,208
447,210
439,209
433,209
428,210
421,210
413,211
404,209
399,203
400,194
end box1
270,212
270,208
269,203
270,197
273,186
280,171
285,171
292,185
296,195
297,202
297,207
297,212
297,215
297,219
295,223
293,228
293,242
288,258
277,259
273,240
273,226
272,222
270,219
270,215
end box2
1034,225
1035,217
1037,207
1040,195
1046,176
1058,151
1071,151
1084,173
1091,193
1093,207
1093,217
1096,225
1096,234
1093,242
1092,251
1088,262
1086,285
1074,304
1054,309
1042,290
1042,261
1039,249
1035,242
1034,234
end box3
890,238
890,229
892,220
895,208
899,185
910,157
925,163
937,190
943,208
945,220
947,230
949,238
947,245
944,252
942,260
942,274
941,298
928,316
904,326
888,326
890,282
892,262
890,254
889,245
end box4
610,209
611,206
610,202
611,196
613,188
619,179
624,179
630,188
632,196
633,201
634,205
634,209
634,212
634,216
632,219
632,225
630,234
626,243
617,244
613,235
612,223
612,218
611,215
610,212
end box5
647,211
647,208
647,204
648,198
650,188
656,177
662,177
668,186
671,196
671,203
672,207
672,211
672,214
672,218
670,222
670,228
668,239
663,249
653,250
649,239
649,226
648,221
647,217
647,214
end box6
608,208
609,204
609,198
610,190
613,179
620,166
628,169
635,181
639,191
640,198
641,204
643,208
643,213
642,218
639,222
639,231
638,246
631,256
618,257
612,244
612,228
611,221
608,217
609,213
end box7
125,257
125,249
126,238
127,223
132,199
146,170
161,167
175,198
180,224
182,238
182,248
185,256
185,265
182,272
182,283
181,300
180,331
166,350
143,347
131,324
131,291
130,279
127,271
126,264
end box8
570,111
571,109
571,108
573,106
576,105
577,105
579,105
581,105
583,106
584,108
584,110
584,113
584,115
584,117
582,119
580,120
578,120
576,120
573,119
572,118
571,116
571,114
571,112
end box9
574,113
578,109
579,109
581,110
582,110
583,111
583,113
583,114
583,116
582,117
581,118
580,120
578,120
577,120
575,118
574,118
574,116
574,115
end box10
481,144
482,143
483,143
484,143
485,144
486,145
487,146
488,147
487,150
487,151
486,153
485,153
483,154
482,153
480,153
480,151
end box11
604,121
605,119
607,118
610,118
612,119
614,119
615,121
615,124
615,132
614,134
612,136
610,137
607,136
605,136
604,133
end box12
460,158
461,158
462,158
464,158
465,158
465,160
466,166
465,168
464,169
462,169
461,169
459,168
end box13
end total14boxes
