30,235
63,216
85,206
105,202
120,202
132,200
143,198
156,199
170,202
194,203
222,212
247,234
256,262
242,277
203,285
174,286
157,287
144,284
131,286
117,288
100,288
70,286
33,277
20,263
end box0
397,208
405,198
412,187
421,181
433,181
443,180
452,178
462,179
475,180
488,183
498,194
502,207
501,222
500,238
493,245
473,247
463,249
453,250
443,247
435,245
422,245
402,245
395,237
394,223
end box1
827,176
830,172
834,170
837,169
850,170
853,170
858,172
861,175
863,180
862,185
857,187
852,187
836,187
831,187
826,184
826,180
end box2
505,193
505,191
506,189
507,187
509,187
511,187
514,186
516,187
518,188
520,190
521,192
521,195
521,198
520,200
518,201
515,202
513,202
510,202
508,202
506,201
504,199
504,197
504,195
end box3
935,99
936,96
962,96
963,98
964,124
963,127
936,127
end box4
543,156
544,156
546,155
547,156
548,157
549,158
549,163
548,164
547,165
545,165
544,165
543,164
542,163
end box5
692,158
693,157
695,157
696,158
697,159
698,160
698,161
698,162
698,164
698,165
697,166
696,167
694,167
693,167
691,166
691,165
end box6
690,143
690,141
691,139
692,138
694,137
696,136
698,136
699,136
702,137
704,138
705,140
706,142
705,145
705,147
705,150
703,151
700,152
698,152
695,152
693,152
691,151
690,149
689,146
689,144
end box7
594,177
595,176
596,176
597,176
598,177
599,177
599,178
599,179
599,180
599,181
599,182
599,183
597,184
596,185
595,184
594,183
593,182
end box8
567,158
568,159
569,160
570,161
569,162
569,164
569,165
568,166
567,167
565,167
564,167
563,166
end box9
840,143
841,142
842,142
843,142
844,143
845,143
845,144
846,145
846,146
845,147
845,149
845,150
843,150
842,150
841,150
840,149
839,148
end box10
2,12
2,10
2,8
4,6
6,6
8,5
10,5
11,5
14,6
16,7
17,9
18,11
17,14
17,16
17,19
15,20
12,21
10,22
7,22
5,21
3,20
2,18
1,16
1,13
end box11
838,127
839,127
840,127
841,127
842,127
843,128
844,129
844,132
844,134
843,135
842,136
840,136
839,136
838,135
end box12
692,143
694,141
698,141
699,141
700,142
701,143
702,145
701,146
701,148
701,150
700,151
698,152
696,152
695,152
693,151
692,150
691,149
end box13
593,187
594,186
594,186
595,186
596,185
597,185
598,186
598,186
599,187
599,188
599,189
599,190
599,191
598,192
597,193
596,193
595,193
594,192
593,191
593,191
end box14
935,119
966,119
967,122
967,133
963,135
937,134
934,132
end box15
546,142
549,141
550,142
551,142
552,144
553,145
552,148
552,149
551,150
550,151
548,152
547,151
545,151
545,149
end box16
581,159
582,160
583,161
584,162
583,163
583,164
583,166
582,167
581,167
579,168
578,167
577,167
end box17
626,174
626,173
627,173
628,173
629,174
629,174
630,175
630,176
630,177
630,178
630,179
629,180
628,181
627,181
626,181
625,180
625,179
end box18
440,151
441,149
444,149
446,149
447,151
447,164
446,167
444,168
441,168
440,166
end box19
557,145
558,144
559,144
560,144
561,145
562,146
562,152
562,153
561,154
559,155
558,154
557,154
end box20
279,174
280,174
283,174
284,174
284,175
284,184
283,185
281,185
280,185
278,184
end box21
655,79
657,78
658,78
660,78
661,80
662,90
661,92
659,93
656,93
655,91
end box22
end total23boxes
