481,185
484,182
488,178
490,175
494,175
505,175
510,175
513,177
517,181
520,185
520,190
520,196
518,202
512,202
493,201
487,202
483,201
481,195
481,190
end box0
888,275
916,240
946,211
976,194
1010,191
1039,190
1068,188
1100,185
1138,188
1182,196
1208,227
1221,270
1223,317
1211,356
1180,384
1134,388
1039,382
1005,393
968,395
924,380
883,362
876,323
end box1
754,232
768,211
788,192
805,178
826,176
847,178
866,180
886,179
909,183
934,188
954,206
962,232
965,261
958,287
943,306
913,309
886,306
865,304
846,308
823,316
798,318
771,306
751,290
748,263
end box2
139,204
158,165
195,138
238,133
275,135
304,140
329,142
356,140
382,145
416,155
456,177
486,209
502,260
491,297
448,320
402,325
360,314
239,315
193,317
153,292
141,255
end box3
750,187
754,181
759,176
764,172
770,171
776,171
786,172
794,171
802,172
808,178
809,186
809,195
806,202
800,206
776,211
769,211
761,211
752,209
747,204
748,195
end box4
725,181
726,177
729,174
731,172
735,171
749,171
752,172
755,176
756,180
756,185
755,189
753,193
749,195
745,195
738,195
733,196
729,196
725,194
724,189
724,185
end box5
548,172
555,166
561,162
567,162
588,161
595,161
602,165
608,171
612,180
610,187
599,189
589,189
584,189
580,188
575,189
571,190
565,190
555,190
545,187
545,180
end box6
523,189
523,188
525,186
526,185
528,185
535,185
537,186
539,187
540,189
541,192
541,195
540,197
536,198
534,197
527,198
525,198
522,197
522,194
522,192
end box7
713,156
714,155
716,155
718,156
719,156
719,157
719,163
718,165
717,165
715,166
714,165
713,164
end box8
756,144
757,144
758,144
759,144
761,144
762,145
762,152
761,154
760,155
758,155
757,155
755,154
end box9
611,97
612,96
613,95
614,94
615,95
616,96
617,97
618,103
617,104
616,106
614,106
613,106
612,104
end box10
613,107
614,106
615,106
616,106
618,106
619,107
619,108
619,114
618,115
617,116
615,117
614,116
612,116
612,114
end box11
727,107
728,106
735,105
737,106
739,108
739,120
738,122
736,124
730,124
728,123
726,120
end box12
722,144
722,142
729,142
731,143
731,144
731,151
730,152
728,153
723,153
722,152
end box13
757,154
758,153
759,153
760,153
761,154
762,155
762,162
761,163
759,164
758,164
757,162
end box14
end total15boxes
