427,204
433,197
440,189
445,183
454,183
463,182
470,182
479,182
487,183
495,187
504,196
509,203
508,216
508,228
504,238
493,239
479,236
470,235
463,234
455,234
442,238
432,237
428,226
427,216
end box0
583,193
585,190
588,187
590,184
594,183
605,183
610,183
612,186
616,190
618,193
618,198
619,204
617,209
612,210
593,209
587,210
583,209
582,203
582,198
end box1
179,189
184,184
189,179
195,177
201,177
220,177
228,177
234,182
240,189
241,198
240,206
231,208
220,209
215,209
210,209
205,209
200,210
193,210
183,209
176,206
176,197
end box2
955,165
957,161
959,159
962,157
965,157
977,157
981,158
984,161
986,165
987,169
986,173
983,177
978,178
974,178
971,178
968,178
964,178
961,177
956,177
954,173
954,169
end box3
535,187
539,184
543,182
546,181
558,181
560,182
565,184
570,186
571,191
569,195
564,198
559,198
544,197
540,197
535,195
534,191
end box4
538,179
539,176
542,173
543,170
546,169
560,170
562,172
566,175
568,178
567,183
567,187
565,191
562,193
546,193
542,193
539,191
537,186
537,182
end box5
436,195
441,188
447,182
454,180
460,180
477,180
484,179
492,181
499,187
504,194
505,204
504,213
496,218
485,218
460,218
452,219
441,218
435,212
435,204
end box6
972,165
975,161
979,158
982,158
996,158
1000,159
1004,161
1008,164
1010,169
1008,174
1004,177
998,177
976,176
972,174
971,169
end box7
410,182
411,180
412,178
413,177
415,176
423,176
425,177
426,179
427,181
427,184
427,187
426,189
424,190
421,190
414,190
411,190
410,189
410,186
410,184
end box8
715,171
716,169
718,168
719,167
728,167
730,168
732,169
734,171
735,174
735,177
733,180
729,179
726,179
721,179
718,180
715,179
714,176
714,174
end box9
906,163
910,160
914,158
934,158
940,160
945,163
948,169
946,174
939,176
933,176
910,176
905,173
903,169
end box10
403,187
405,184
408,181
410,179
413,179
425,179
428,180
431,183
434,186
434,191
434,195
431,199
427,200
413,199
409,199
405,198
403,194
403,190
end box11
606,180
606,178
607,176
608,175
610,174
612,173
614,173
615,173
617,174
619,176
620,177
621,179
621,182
621,184
621,187
619,189
616,190
614,189
611,189
609,188
607,187
606,185
606,183
605,181
end box12
685,148
685,146
686,144
687,143
689,142
691,142
692,141
694,142
696,142
698,143
699,145
700,147
701,150
700,152
700,155
698,157
695,157
693,157
690,157
688,157
686,156
685,154
684,151
684,149
end box13
577,176
578,176
579,176
580,176
581,176
582,177
582,178
583,179
583,180
583,181
583,183
582,184
581,185
579,185
578,185
577,184
576,183
576,182
end box14
575,190
576,190
577,189
579,189
580,190
582,190
582,192
582,197
581,198
580,199
578,200
577,199
575,199
574,197
end box15
573,180
573,178
574,177
575,175
577,175
579,174
580,173
582,174
584,175
586,176
587,177
588,179
588,182
588,184
587,186
585,188
583,189
581,189
578,189
576,188
575,187
573,185
573,183
573,181
end box16
484,141
487,140
488,141
490,141
490,142
491,144
491,147
490,148
489,149
488,150
486,150
485,150
484,149
483,148
end box17
525,172
526,171
527,171
528,171
529,172
529,172
530,173
530,177
529,178
528,179
527,179
526,179
525,178
end box18
630,158
631,159
632,160
632,161
632,163
632,164
630,165
625,165
624,164
end box19
688,147
688,146
689,145
690,144
691,143
693,143
694,143
696,143
697,144
698,145
699,147
699,148
699,150
698,152
697,153
695,154
693,154
692,154
690,153
689,152
688,151
688,149
end box20
564,176
565,175
566,175
567,175
568,176
568,176
569,177
569,178
570,179
569,180
569,182
569,183
567,183
566,183
565,183
564,182
563,181
end box21
483,156
484,155
485,155
486,155
487,156
488,157
489,163
488,164
487,165
485,166
484,165
483,164
end box22
583,158
584,159
585,160
585,163
584,164
583,165
end box23
400,174
401,174
403,174
404,174
405,175
405,176
406,181
405,182
404,182
402,183
401,182
400,182
end box24
321,157
321,155
322,153
323,152
324,150
326,150
329,150
331,150
333,151
334,152
335,154
335,156
336,159
336,161
335,164
334,165
331,167
329,167
326,167
324,167
322,165
321,163
321,160
321,158
end box25
497,187
499,187
500,188
501,189
502,190
503,195
501,197
500,197
498,198
497,197
495,197
end box26
573,192
573,190
575,189
581,188
583,189
584,190
585,192
584,201
583,203
581,204
579,204
576,204
574,204
573,202
572,200
end box27
597,161
598,161
599,162
600,163
599,164
599,165
599,166
598,167
597,168
596,168
595,168
594,167
end box28
483,156
484,155
485,155
486,155
487,156
488,157
489,163
488,164
487,165
485,166
484,165
483,164
end box29
511,171
511,171
512,171
513,171
513,171
514,172
514,172
515,173
515,174
514,175
515,176
514,177
513,177
512,178
511,177
510,177
end box30
end total31boxes
