494,191
495,187
497,183
500,180
504,180
512,180
517,180
521,181
523,184
527,188
529,191
529,196
530,202
529,208
524,209
517,208
504,207
499,207
496,205
495,200
494,196
end box0
738,176
763,166
778,161
809,159
816,159
824,159
836,160
856,163
878,176
884,194
874,203
848,209
828,206
784,207
766,208
738,203
731,195
end box1
563,180
565,177
567,174
569,172
572,171
581,171
585,171
586,174
589,177
591,179
591,183
591,188
591,193
587,194
582,192
571,193
567,193
564,192
564,187
564,183
end box2
666,178
666,176
668,174
669,172
672,171
683,171
685,172
687,175
688,178
688,181
687,185
687,189
684,190
680,190
671,190
668,189
666,187
666,184
665,181
end box3
521,188
520,185
521,182
524,180
527,180
530,180
533,180
535,180
538,181
540,183
543,185
544,188
545,191
545,195
544,199
541,200
537,201
533,200
530,199
528,199
end box4
622,180
622,178
624,177
624,175
626,175
633,175
635,176
636,177
637,179
637,182
637,184
636,187
634,187
631,187
627,187
625,188
623,188
622,186
621,184
621,181
end box5
638,179
638,178
640,176
641,174
643,174
651,174
653,175
654,177
655,179
655,182
655,185
654,187
652,188
649,188
644,188
642,188
639,188
638,187
637,184
637,182
end box6
1012,156
1023,149
1035,146
1043,147
1073,147
1085,149
1099,157
1106,169
1100,176
1080,178
1030,177
1011,176
1008,168
end box7
655,179
655,177
656,175
657,173
658,172
660,172
665,172
667,172
669,174
670,176
671,178
670,181
670,183
670,186
668,187
665,188
663,188
660,188
658,188
656,187
655,185
654,183
654,180
end box8
881,158
884,153
887,148
893,147
898,146
915,146
921,147
924,152
927,158
928,164
927,170
922,174
915,175
910,176
906,176
901,177
896,178
890,177
883,175
880,171
880,164
end box9
538,188
538,186
538,184
539,182
541,182
543,182
544,182
546,182
548,183
549,184
550,186
551,188
551,190
551,192
551,194
549,196
547,196
545,196
543,196
540,196
539,194
538,193
end box10
553,179
553,177
554,175
555,174
557,174
559,173
560,173
562,173
564,174
566,175
567,176
567,178
568,181
568,183
567,185
565,186
563,187
560,187
559,187
557,187
555,186
553,184
553,182
553,180
end box11
557,175
558,174
558,174
559,173
560,173
561,173
562,174
563,174
563,175
564,176
564,177
564,178
564,180
563,180
561,181
560,181
559,181
558,181
557,180
557,179
end box12
541,183
541,181
542,179
543,177
545,177
547,176
548,176
550,177
552,178
554,179
555,181
556,182
556,185
556,187
555,190
554,191
551,192
549,191
546,191
544,191
543,190
541,188
541,186
541,184
end box13
590,173
590,173
591,172
592,172
593,172
594,173
595,173
595,174
596,175
596,176
596,177
596,179
595,179
593,180
592,180
591,180
590,179
589,179
end box14
534,182
534,179
536,176
538,174
542,175
544,175
547,174
549,175
552,175
555,177
557,179
559,182
559,185
559,189
558,193
554,194
550,195
547,194
544,193
541,194
538,192
536,191
535,188
534,185
end box15
658,173
659,172
660,172
661,172
662,172
664,172
665,173
665,174
666,176
666,177
666,179
666,181
664,182
663,182
661,183
660,182
658,182
657,181
end box16
642,174
642,173
643,173
644,172
646,172
647,173
648,173
649,175
650,176
650,177
650,179
650,181
648,181
647,182
645,182
644,182
642,181
641,181
641,179
end box17
624,177
625,175
625,175
626,174
627,174
629,174
630,174
631,175
632,176
632,177
632,178
632,179
632,181
631,182
629,182
628,183
627,182
626,182
625,181
624,180
624,179
end box18
682,158
683,158
683,159
683,164
683,165
681,165
679,165
678,164
end box19
663,159
663,160
664,161
664,163
664,165
663,166
661,166
659,166
658,165
657,165
end box20
1020,24
1025,12
1033,1
1047,-1
1058,-4
1069,-4
1078,-5
1101,-2
1113,2
1126,10
1129,24
1130,39
1126,53
1116,62
1100,64
1087,65
1078,67
1069,68
1059,67
1048,65
1035,61
1025,51
1021,39
end box21
646,160
647,161
648,161
648,162
648,163
648,164
648,165
647,166
646,166
645,166
644,166
643,166
643,165
end box22
377,211
377,209
377,208
378,206
380,205
381,203
384,203
386,204
388,205
389,206
390,209
390,211
391,213
390,215
390,217
388,219
386,221
384,221
381,221
379,220
378,218
377,216
376,214
376,212
end box23
527,114
527,112
528,111
529,109
530,108
532,108
533,107
535,108
537,108
539,110
540,112
540,113
540,115
540,118
540,120
538,122
536,123
534,123
531,123
529,122
528,121
527,119
526,117
526,115
end box24
508,129
508,127
509,126
510,125
511,124
513,123
514,122
516,123
518,124
519,125
520,127
521,129
521,130
521,133
520,135
519,136
517,138
515,138
512,138
510,137
509,135
508,134
508,132
508,130
end box25
end total26boxes
