22,256
41,223
73,206
112,205
139,207
159,206
176,210
194,211
213,215
241,221
272,236
305,261
321,300
306,323
261,336
224,341
80,336
38,320
25,295
end box0
626,165
627,164
629,162
630,161
632,161
640,160
642,161
643,163
644,165
645,168
645,171
644,174
641,174
631,175
628,175
626,173
626,170
626,168
end box1
661,169
662,168
662,167
663,167
668,166
669,167
671,167
671,169
672,170
671,172
671,174
669,174
667,174
663,174
662,174
661,173
661,171
661,170
end box2
615,161
620,161
621,161
622,162
622,163
623,164
622,166
622,167
621,168
620,168
618,169
617,168
616,168
615,167
614,166
end box3
649,169
650,166
655,166
656,167
658,167
658,169
658,170
658,172
658,174
656,174
655,175
653,175
652,174
650,174
649,174
648,173
648,170
end box4
601,160
605,160
606,160
606,161
607,162
607,163
607,164
607,166
606,167
604,167
603,167
602,167
601,167
600,166
end box5
632,162
638,162
639,163
640,164
640,165
640,167
640,169
638,169
637,169
632,169
631,169
631,168
end box6
680,167
680,167
681,167
683,166
684,167
684,167
685,168
686,169
686,170
685,171
685,173
684,173
683,174
682,174
681,173
680,173
679,173
679,172
end box7
563,178
564,176
565,174
566,173
568,172
576,172
578,173
579,175
580,177
580,180
580,183
579,185
577,186
574,187
569,187
567,187
565,186
563,184
563,182
563,180
end box8
547,180
548,178
549,176
550,175
552,174
559,174
561,175
563,177
564,179
564,182
564,185
563,187
560,188
558,188
553,188
551,188
549,188
547,186
547,184
547,182
end box9
650,161
653,161
654,161
655,162
655,163
655,164
655,165
655,166
654,167
653,168
652,168
651,167
650,167
649,166
end box10
446,218
445,211
446,202
448,190
453,168
464,148
474,156
485,180
490,194
492,204
494,212
495,218
494,224
490,230
488,235
488,246
488,266
479,285
460,290
450,280
451,249
451,237
447,231
446,225
end box11
751,208
752,204
754,199
755,193
757,182
764,165
773,161
780,174
783,189
785,197
786,203
789,208
788,213
786,218
786,225
791,244
790,264
776,257
758,260
745,267
748,238
752,223
751,217
751,213
end box12
806,165
806,164
806,162
807,161
808,158
810,155
812,153
814,155
815,159
816,161
816,163
816,165
816,166
816,168
815,169
815,172
815,177
813,179
809,178
807,174
807,170
807,168
807,167
806,166
end box13
811,160
811,159
812,157
813,157
814,158
815,159
816,160
816,161
816,162
816,163
816,164
816,165
815,166
815,168
813,169
812,169
811,166
811,165
end box14
977,0
980,0
996,17
994,27
980,32
963,16
end box15
102,19
118,5
257,4
268,18
271,44
259,54
112,55
105,45
end box16
684,159
685,159
686,160
686,161
686,162
686,163
686,164
685,165
684,166
683,166
682,166
681,165
681,164
end box17
585,172
586,171
587,170
588,170
589,170
590,171
591,172
592,173
592,174
592,175
592,176
592,178
591,179
590,180
588,180
587,180
586,179
585,178
end box18
574,158
575,158
575,159
576,160
576,161
576,162
575,164
575,165
573,165
572,165
571,165
570,164
569,163
end box19
939,123
943,123
944,123
945,125
946,126
946,127
945,129
945,130
944,131
943,132
941,132
940,132
939,131
938,130
end box20
598,169
598,169
599,168
600,168
601,168
602,168
603,169
603,170
604,171
604,172
603,173
603,175
603,175
601,176
600,177
599,176
598,175
597,175
end box21
444,209
445,201
448,194
451,184
456,166
466,146
476,152
485,174
490,187
493,196
495,203
497,209
497,216
493,221
491,227
491,240
489,256
479,268
461,275
451,268
451,242
451,229
447,223
445,216
end box22
945,58
948,53
954,52
960,48
968,47
971,53
971,95
969,102
960,101
953,100
947,97
945,91
944,84
end box23
635,139
635,139
637,139
638,139
638,145
637,146
636,146
635,145
634,145
end box24
187,90
188,81
194,80
201,77
208,79
211,87
210,123
208,132
201,134
193,134
188,131
186,122
end box25
863,136
864,135
865,135
866,135
868,135
868,137
868,144
867,145
865,146
864,145
863,144
end box26
end total27boxes
