471,195
474,190
477,183
482,180
488,180
494,180
499,180
504,181
512,180
517,183
520,190
524,195
526,203
526,212
523,217
514,219
506,218
499,216
494,216
487,218
480,218
472,216
470,210
470,203
end box0
575,190
578,187
582,182
585,178
590,178
594,177
599,177
604,178
609,178
613,180
617,186
619,190
620,197
620,204
618,210
613,212
604,209
588,211
579,214
575,211
574,203
575,197
end box1
521,189
521,185
523,182
526,180
530,180
539,180
542,180
545,183
548,185
549,189
550,193
550,197
549,201
545,203
540,202
536,201
530,201
527,200
524,199
522,196
522,192
end box2
250,191
252,188
256,185
259,183
263,183
277,182
280,184
284,187
287,191
288,196
288,202
285,206
279,207
273,206
262,206
257,206
252,206
249,201
249,196
end box3
555,181
555,179
557,177
558,176
560,176
567,176
569,176
571,178
572,180
572,183
572,186
571,188
569,189
566,189
560,188
557,188
555,187
555,185
555,183
end box4
556,190
556,188
557,186
558,185
560,184
568,184
570,185
571,187
571,189
572,192
572,194
571,197
569,198
566,198
559,198
557,197
556,196
555,191
end box5
560,177
565,176
566,177
567,178
568,179
568,180
568,182
568,183
566,184
565,184
562,184
561,184
560,183
559,182
end box6
268,191
268,188
270,184
274,182
278,182
287,182
291,182
294,185
297,188
299,191
300,196
300,201
298,206
294,207
288,207
277,206
273,205
270,203
268,200
268,196
end box7
358,188
359,186
360,184
361,183
363,182
372,182
374,184
376,186
377,188
378,191
377,194
377,197
374,198
363,198
360,198
358,196
357,193
357,191
end box8
933,161
940,157
947,156
968,156
975,157
983,161
988,168
983,173
973,174
942,174
933,173
929,168
end box9
276,189
277,186
279,184
282,184
289,184
292,185
294,186
296,188
297,191
297,194
297,198
296,201
294,203
290,203
281,202
279,201
277,199
end box10
558,187
559,186
560,186
565,186
566,186
567,187
567,189
567,190
567,192
567,194
566,195
564,195
561,195
559,195
558,194
557,193
end box11
1019,162
1022,158
1025,155
1028,154
1031,154
1044,153
1047,155
1051,157
1054,161
1055,166
1053,171
1049,174
1044,175
1040,175
1037,175
1034,176
1030,176
1026,175
1021,174
1019,171
1018,166
end box12
726,166
730,162
734,161
738,160
749,160
752,161
757,162
762,166
765,171
763,175
757,177
751,177
736,176
731,177
725,175
724,170
end box13
374,189
375,187
376,185
377,184
379,184
386,183
388,184
390,186
391,188
391,191
391,194
390,196
388,197
385,197
378,197
376,197
374,195
374,193
374,191
end box14
873,164
878,160
883,159
901,159
907,160
913,164
917,169
915,174
907,175
879,175
872,173
870,169
end box15
577,176
577,176
578,175
580,175
581,176
582,176
582,177
583,178
583,179
583,180
583,182
582,183
580,183
579,183
578,183
577,183
576,182
end box16
895,166
896,164
898,162
900,161
909,162
912,162
914,164
916,166
917,169
917,173
915,175
911,176
908,175
901,175
898,175
896,174
894,172
894,169
end box17
376,183
376,181
378,180
379,179
388,179
390,179
392,181
394,183
394,186
394,189
393,191
390,192
380,192
378,192
376,190
375,188
375,186
end box18
988,161
991,157
995,155
998,155
1015,155
1019,157
1023,161
1025,165
1023,170
1017,172
1000,173
997,172
991,172
987,170
986,165
end box19
721,172
721,170
723,169
724,168
725,167
727,166
730,166
732,167
733,168
735,170
736,171
736,174
736,176
735,178
733,179
730,179
728,179
727,179
724,180
722,179
721,178
720,175
720,173
end box20
572,180
572,178
573,177
575,175
576,175
581,174
583,175
585,175
587,177
587,179
587,182
587,184
586,186
584,187
582,188
580,188
577,188
575,188
573,187
572,186
571,184
571,181
end box21
396,179
397,178
401,178
402,179
403,180
404,181
404,182
404,184
404,186
402,186
401,187
399,187
398,187
397,186
396,185
end box22
460,159
461,159
462,159
463,159
464,159
465,160
466,166
465,167
464,168
462,169
461,168
460,167
end box23
511,172
512,171
513,171
514,171
515,171
516,172
516,173
516,177
516,179
514,179
513,179
512,179
511,178
end box24
563,158
564,158
565,159
565,160
565,161
565,162
565,163
564,164
563,165
562,165
561,165
560,164
end box25
641,188
642,188
643,188
644,188
645,188
646,189
646,190
646,194
645,195
644,196
643,197
642,196
641,195
end box26
574,188
575,188
576,187
578,187
579,188
581,188
581,190
581,195
580,196
579,197
577,197
576,197
574,197
573,196
end box27
631,158
632,159
633,160
633,161
633,162
633,164
633,165
632,166
631,167
629,167
628,167
627,166
626,165
end box28
577,176
577,176
578,175
580,175
581,176
582,176
582,177
583,178
583,179
583,180
583,182
582,183
580,183
579,183
578,183
577,183
576,182
end box29
518,164
519,164
519,165
520,166
520,167
520,168
520,170
519,171
518,171
516,172
515,171
514,171
end box30
280,154
284,154
285,155
285,156
285,161
285,162
283,162
282,162
281,162
280,162
end box31
642,174
643,173
643,173
644,172
645,172
646,172
647,173
647,173
648,174
649,175
649,176
649,177
648,179
647,179
646,180
645,180
644,180
643,179
642,178
642,178
end box32
566,149
567,150
568,151
568,152
568,154
567,155
566,156
565,157
561,156
end box33
464,125
465,124
466,125
468,124
469,125
470,126
471,127
471,129
471,130
471,132
471,133
470,135
468,136
466,136
465,136
463,135
462,134
end box34
457,127
458,125
459,123
461,122
463,122
465,121
467,122
469,123
470,124
471,126
472,128
471,131
471,133
471,135
469,137
467,139
465,139
462,139
460,138
458,137
457,134
457,132
457,130
end box35
459,140
460,139
461,140
462,139
463,140
464,141
464,142
464,145
464,146
464,148
463,149
461,149
460,149
459,148
end box36
end total37boxes
