1,194
9,174
15,153
36,147
59,148
79,153
94,154
111,152
128,155
149,161
164,177
168,197
174,222
170,245
162,260
134,266
115,268
95,261
79,260
63,260
40,263
10,264
5,244
2,220
end box0
523,178
525,173
529,170
534,168
538,168
553,168
558,169
563,173
566,178
568,184
567,191
562,194
555,194
550,194
545,194
541,194
537,195
531,195
525,194
521,190
522,184
end box1
659,176
659,175
661,173
662,172
664,171
671,171
673,172
675,174
676,176
676,179
677,182
676,185
673,185
670,185
663,186
660,185
659,184
658,181
658,179
end box2
786,190
787,184
790,179
795,175
801,174
807,174
812,174
818,175
824,175
829,178
832,185
834,190
834,197
834,204
833,212
827,215
800,214
791,215
787,212
785,204
786,197
end box3
725,173
725,172
727,170
729,170
737,170
739,170
741,171
742,173
743,176
743,179
741,181
738,181
730,181
727,181
725,180
724,178
724,176
end box4
794,160
794,159
795,159
796,159
797,159
798,159
799,160
800,161
800,162
800,163
800,164
800,166
799,167
798,168
796,168
795,168
794,167
793,166
end box5
end total6boxes
