499,181
504,175
511,171
517,169
523,169
536,170
541,170
548,171
555,175
562,181
565,190
563,199
555,202
543,201
537,201
532,200
527,200
522,201
515,202
504,202
498,198
498,190
end box0
566,176
568,173
570,170
573,167
576,166
591,166
594,169
597,173
599,176
599,181
599,186
598,192
593,192
575,192
570,192
567,191
566,185
566,181
end box1
-22,273
19,233
59,213
104,210
136,211
160,214
180,217
203,217
228,220
270,221
314,238
353,276
368,326
352,356
290,371
238,371
206,368
137,365
99,374
45,376
-11,356
-28,325
end box2
639,176
639,176
640,175
644,175
645,176
646,177
646,178
647,179
646,181
647,182
645,183
644,183
642,184
641,183
640,183
638,183
638,181
end box3
366,174
368,170
370,167
373,165
377,165
386,165
390,165
393,167
397,169
399,173
399,178
399,183
396,186
391,187
387,188
376,187
373,186
368,186
366,182
366,178
end box4
620,172
621,171
621,170
621,170
626,169
627,170
628,171
628,172
629,173
628,175
628,176
627,177
625,177
623,177
622,177
621,176
620,175
620,174
620,173
end box5
608,169
608,169
612,169
612,169
613,170
614,171
614,172
614,173
614,175
612,175
611,176
610,176
609,175
608,175
607,175
607,174
end box6
637,178
637,176
639,175
640,173
641,173
648,173
650,173
651,175
652,177
652,180
652,182
652,185
649,186
647,186
642,186
640,186
638,186
637,184
636,182
636,179
end box7
760,2
766,0
810,0
816,2
815,27
810,30
764,31
762,26
end box8
780,53
782,45
788,43
795,43
801,45
805,51
805,59
805,64
805,68
805,71
804,75
804,79
803,86
800,92
795,98
787,98
781,98
780,86
end box9
end total10boxes
