716,177
717,175
718,174
719,172
721,171
730,171
732,172
734,175
735,177
735,180
735,183
734,186
732,187
721,187
718,187
716,185
716,182
716,180
end box0
658,176
659,175
659,175
659,174
660,174
664,174
665,174
666,175
666,176
666,177
666,179
666,180
665,181
663,181
661,181
660,181
659,180
658,179
658,178
658,177
end box1
655,177
655,176
657,174
659,173
660,173
667,173
669,174
671,175
672,177
673,180
673,183
671,185
668,185
659,185
657,185
655,185
654,182
654,180
end box2
688,176
688,175
689,174
689,174
690,173
694,173
695,174
696,175
697,176
697,177
696,179
697,180
695,181
693,181
692,182
691,181
690,181
689,180
688,179
688,178
688,177
end box3
705,175
705,174
706,173
707,173
709,173
710,173
711,174
712,175
712,176
712,177
712,178
712,180
711,181
709,181
708,181
707,181
706,181
705,180
704,179
704,178
704,177
end box4
703,178
703,176
704,175
705,173
707,173
714,173
716,173
717,175
718,177
718,180
718,182
717,185
715,185
713,186
708,186
706,186
704,185
703,184
702,182
702,179
end box5
686,178
687,176
688,174
689,173
691,173
698,173
700,173
702,175
703,177
703,180
703,183
702,185
699,186
697,186
692,186
690,186
688,186
686,184
685,182
685,180
end box6
642,173
642,173
643,173
645,172
646,173
647,173
647,174
648,175
648,176
648,177
648,179
646,179
645,180
644,180
643,180
642,179
641,179
641,178
end box7
675,174
675,174
676,173
677,173
678,173
679,174
680,174
680,175
681,176
681,177
681,178
681,180
680,180
678,181
677,181
676,181
675,180
674,180
674,179
end box8
738,171
739,170
740,170
743,170
744,171
745,172
745,173
746,174
745,176
745,177
744,178
743,178
741,179
740,178
739,178
738,177
737,176
end box9
732,164
733,165
733,166
734,167
733,169
733,170
732,171
730,171
728,171
727,170
726,170
end box10
725,174
725,173
730,173
731,174
732,175
733,176
733,177
733,179
733,181
731,181
730,181
728,182
727,181
726,181
724,181
724,179
end box11
384,182
386,178
388,176
391,174
395,175
402,175
406,175
409,176
412,178
415,182
417,186
416,191
413,194
408,195
403,195
400,194
394,194
390,194
386,193
383,190
383,186
end box12
467,181
470,178
473,176
476,175
478,175
487,175
490,176
494,178
498,181
499,185
498,189
494,192
489,192
478,191
474,191
470,191
466,189
466,185
end box13
462,187
466,184
471,182
474,181
485,181
488,182
493,184
498,186
500,192
498,196
493,198
487,198
472,198
467,198
462,195
460,191
end box14
639,177
639,175
640,174
641,173
642,173
647,172
648,173
650,173
651,175
652,177
652,179
652,181
651,183
649,184
647,184
644,184
642,184
640,183
638,182
638,180
638,178
end box15
678,115
679,114
680,113
681,114
682,115
683,116
683,121
683,123
682,125
681,126
679,124
678,123
end box16
659,112
660,110
661,110
662,110
663,112
664,113
664,114
664,116
664,117
664,118
664,120
663,122
662,123
660,122
659,120
end box17
645,114
646,113
647,112
648,113
649,114
650,115
650,116
650,117
650,118
650,119
650,121
650,122
649,124
648,125
646,124
645,122
end box18
543,172
543,171
544,170
545,170
546,170
547,171
547,172
548,173
548,174
548,175
548,176
548,177
547,178
547,180
545,181
544,180
543,178
543,177
end box19
844,132
845,128
847,127
849,126
851,125
854,125
856,125
858,126
861,127
863,129
862,132
863,135
863,138
862,141
860,143
857,144
854,144
851,144
849,143
846,142
845,140
844,137
844,135
end box20
577,173
577,172
578,172
579,171
580,171
581,172
582,173
582,174
583,175
583,176
583,177
583,179
582,180
581,181
579,182
578,181
577,180
576,179
end box21
764,143
765,144
766,145
766,146
766,147
766,148
766,150
765,151
764,152
762,152
761,152
760,151
759,150
end box22
771,175
772,174
773,173
774,173
775,173
776,174
777,175
778,176
778,177
778,178
778,179
778,181
777,182
776,184
774,184
773,184
771,183
771,181
770,180
end box23
593,160
594,159
595,159
596,159
597,160
598,160
598,161
599,162
599,163
598,164
598,166
598,167
597,167
595,168
594,167
593,166
end box24
512,160
513,159
515,159
516,159
517,160
517,161
518,162
518,163
518,164
518,166
517,167
516,167
514,168
513,167
512,167
511,166
end box25
544,147
546,146
547,146
548,146
549,147
550,148
550,149
550,150
550,151
550,153
549,154
548,155
546,155
545,154
544,154
543,153
end box26
544,158
545,157
546,157
547,157
548,158
549,158
549,159
549,160
549,161
549,162
549,163
549,164
547,165
546,165
545,165
544,164
end box27
613,174
614,173
615,173
616,173
617,173
617,174
618,175
618,176
618,177
618,179
618,180
617,181
615,182
614,181
613,180
end box28
561,159
565,159
565,159
566,160
566,161
566,162
566,163
566,164
566,166
564,166
563,166
562,166
561,165
560,164
end box29
710,123
711,123
712,123
713,122
714,123
714,123
715,124
715,128
714,129
713,130
712,130
711,130
710,129
end box30
593,173
594,172
595,172
596,172
597,172
597,173
598,174
598,175
598,176
598,177
598,178
598,179
596,180
595,181
594,180
593,179
592,178
end box31
789,157
790,157
792,157
793,157
794,158
794,159
795,160
795,161
795,162
795,164
794,165
793,165
791,166
790,165
789,165
end box32
768,177
768,175
769,174
770,172
771,171
773,170
775,170
777,170
778,171
780,173
780,175
781,177
781,179
781,181
781,183
779,185
777,186
775,187
772,186
770,186
769,184
768,182
767,180
767,178
end box33
611,156
612,155
613,155
614,155
615,156
615,156
616,157
616,161
615,162
614,163
613,164
612,163
611,162
end box34
530,161
531,161
532,161
533,161
534,161
534,161
535,162
535,163
535,164
535,165
535,166
535,167
533,168
532,168
531,168
530,167
end box35
644,163
644,162
645,162
645,162
646,163
647,163
647,163
647,164
647,165
647,166
647,167
647,167
646,168
645,168
644,168
643,167
643,166
end box36
563,130
564,129
568,129
569,130
570,131
570,132
570,133
570,134
570,136
569,137
568,138
566,138
565,137
564,137
563,136
562,135
end box37
710,117
710,117
711,116
712,116
713,116
714,117
714,117
715,118
715,119
715,120
715,121
715,122
715,124
714,124
712,125
711,124
710,123
710,122
end box38
563,143
567,142
568,143
568,144
569,145
569,147
569,149
568,150
567,150
565,150
564,150
563,150
562,149
end box39
562,172
562,172
563,171
564,171
565,171
566,172
566,172
567,173
567,174
567,175
567,176
567,177
567,178
565,179
564,180
563,179
562,178
561,177
end box40
789,172
790,170
791,170
793,170
793,172
794,173
794,178
794,180
793,182
792,183
790,182
789,180
end box41
833,176
833,174
834,172
835,171
837,170
839,169
841,168
843,169
845,170
847,171
847,173
848,175
848,178
848,180
847,182
846,184
843,186
841,186
838,186
836,185
834,183
833,182
832,179
832,177
end box42
411,159
412,158
414,158
415,159
416,160
417,161
418,162
417,165
417,166
416,167
415,168
413,169
412,168
411,167
410,166
end box43
840,158
841,158
843,158
844,158
845,159
846,160
847,161
846,162
846,164
846,165
845,166
844,167
842,167
841,167
840,166
839,165
838,164
end box44
624,175
624,175
625,174
626,174
627,174
628,175
628,175
629,176
629,177
629,178
629,179
629,180
628,181
627,182
626,182
625,182
624,181
623,180
end box45
693,162
694,162
694,162
695,163
695,164
695,165
695,166
694,166
693,167
692,167
691,167
690,166
690,166
end box46
847,139
847,136
848,135
850,133
851,132
854,132
856,132
858,132
860,132
862,134
864,136
864,138
864,141
864,143
863,146
861,148
858,148
856,149
853,149
851,148
849,147
847,145
846,143
847,141
end box47
742,140
743,140
746,140
746,140
746,146
745,147
744,147
743,147
742,146
end box48
611,156
612,155
613,155
614,155
615,156
615,156
616,157
616,161
615,162
614,163
613,164
612,163
611,162
end box49
759,159
760,159
761,159
762,159
763,159
763,159
764,160
764,161
764,163
764,164
763,165
762,166
761,166
760,166
759,165
end box50
613,147
614,146
615,146
616,146
617,147
617,147
618,148
618,149
618,150
618,151
618,152
617,153
616,154
615,154
614,154
613,153
end box51
544,158
545,157
546,157
547,157
548,158
549,158
549,159
549,160
549,161
549,162
549,163
549,164
547,165
546,165
545,165
544,164
end box52
576,159
577,158
578,159
579,158
580,159
580,159
581,160
581,161
581,163
581,164
580,165
579,166
578,166
577,166
576,165
end box53
524,129
525,129
526,129
527,129
528,129
528,130
528,136
528,138
526,138
525,138
524,137
end box54
end total55boxes
