287,203
299,195
307,189
316,187
323,186
330,186
336,185
342,186
349,186
359,188
371,193
381,203
384,216
381,227
367,230
350,230
343,230
336,230
329,230
324,228
316,228
301,228
287,225
284,216
end box0
298,198
305,191
313,186
321,186
346,185
354,186
364,191
372,198
375,208
372,216
359,220
348,220
308,219
297,215
295,207
end box1
773,175
773,174
774,173
774,172
774,170
776,169
778,168
779,169
780,170
781,172
781,174
781,175
781,176
781,177
781,179
780,180
779,183
778,184
775,183
774,182
774,179
773,178
773,177
773,176
end box2
583,108
584,107
585,107
586,107
587,108
588,109
589,110
589,111
589,112
589,113
589,115
588,116
587,117
585,117
584,117
583,116
582,115
end box3
542,125
543,125
544,125
545,125
546,125
547,126
547,127
547,131
547,133
546,133
544,134
543,133
542,133
end box4
588,110
588,110
589,109
590,109
591,109
592,110
592,110
593,111
593,112
593,113
593,114
593,115
592,116
591,117
590,117
589,117
588,116
587,115
end box5
end total6boxes
