572,192
573,187
580,180
585,176
591,176
609,177
617,177
621,180
627,187
631,192
633,201
632,210
629,218
620,219
590,217
580,220
574,218
571,209
572,201
end box0
728,177
741,122
792,71
835,42
894,40
947,49
996,46
1048,43
1105,52
1157,71
1203,119
1215,176
1224,251
1214,323
1191,376
1120,378
1044,357
993,343
949,349
893,370
825,385
770,359
737,319
732,252
end box1
242,206
262,188
285,181
306,180
319,181
329,182
338,182
347,183
359,183
375,186
394,193
421,209
430,232
423,246
389,253
364,252
349,251
339,251
329,252
318,251
304,251
280,252
252,244
242,230
end box2
665,187
666,184
669,180
672,177
676,176
687,177
692,177
694,179
698,183
700,187
701,192
702,198
700,203
694,204
688,203
675,204
670,204
665,203
664,197
664,192
end box3
534,175
536,172
538,169
540,167
543,167
546,167
549,167
552,167
555,167
558,169
561,171
563,175
563,179
563,183
561,187
557,188
552,187
549,187
546,187
543,187
539,187
536,185
534,182
534,179
end box4
524,175
524,173
525,171
526,170
528,170
530,169
533,169
535,169
537,170
539,172
540,174
540,177
540,179
539,182
536,183
534,183
531,183
529,183
527,183
525,183
523,181
523,179
523,177
end box5
431,176
433,172
437,170
441,169
454,169
457,170
462,172
465,175
467,180
465,185
461,187
456,188
432,184
431,180
end box6
467,178
469,174
471,172
475,171
487,172
490,173
495,174
498,178
500,182
499,186
495,189
490,190
486,189
471,187
467,185
466,182
end box7
541,176
541,174
542,172
543,171
545,170
547,169
549,169
550,169
553,170
554,171
555,173
556,175
556,178
556,180
556,183
554,184
551,185
549,185
546,185
544,184
542,183
541,182
540,180
540,177
end box8
490,174
490,172
491,170
492,169
494,169
501,169
502,170
504,171
505,173
505,176
505,178
504,180
502,181
500,181
494,181
492,181
490,179
489,177
489,175
end box9
476,176
476,174
477,172
479,171
481,171
488,172
490,173
492,174
493,176
494,179
494,182
493,184
490,185
487,185
478,184
476,183
475,181
475,179
end box10
558,177
558,175
559,174
559,172
561,172
563,171
564,171
566,171
568,172
569,173
570,175
571,177
571,179
571,181
571,183
569,185
567,185
565,185
562,185
561,185
559,183
558,182
558,180
557,178
end box11
457,177
457,175
459,173
461,172
463,172
470,173
472,173
475,175
476,177
477,180
477,183
475,186
472,186
469,186
460,186
458,184
457,182
456,180
end box12
525,173
525,172
525,172
526,171
527,171
528,170
529,170
530,171
531,172
532,173
532,174
532,175
532,176
532,178
531,179
530,179
528,180
527,180
525,179
525,178
524,177
524,176
end box13
571,177
571,175
572,173
573,172
575,171
577,171
578,170
580,171
582,171
584,172
585,174
586,176
586,179
586,181
585,183
583,184
581,185
579,185
576,186
574,185
572,184
571,183
571,180
570,178
end box14
495,172
495,171
496,171
497,171
498,171
499,172
500,172
500,173
501,174
501,175
501,176
501,178
500,178
498,179
497,179
496,179
495,179
494,178
494,177
end box15
452,178
454,174
457,172
461,171
473,172
476,173
481,174
485,178
487,182
485,187
481,189
476,190
453,185
452,182
end box16
506,173
507,171
508,169
509,168
511,168
518,168
519,169
521,170
523,172
523,175
523,177
522,180
519,181
517,180
511,180
508,180
507,179
506,177
506,175
end box17
514,171
514,171
515,170
516,170
517,170
518,171
518,171
519,172
520,173
520,174
520,175
520,177
519,177
517,178
516,178
515,177
514,177
513,177
513,176
end box18
543,141
547,140
548,141
548,142
549,143
549,144
549,145
549,147
548,148
546,148
545,148
544,148
543,148
542,147
end box19
659,143
660,142
661,142
662,142
664,143
665,143
665,144
666,146
666,149
666,151
665,152
663,153
661,153
660,153
658,152
657,151
end box20
693,111
694,110
695,110
697,110
698,111
699,112
700,113
700,120
699,121
697,122
695,122
694,122
692,121
691,120
end box21
654,126
655,124
656,122
658,121
660,121
662,121
664,121
666,122
668,123
669,125
669,127
669,130
669,132
669,135
667,137
664,138
662,138
659,138
657,137
655,136
654,134
653,131
653,129
end box22
661,187
663,186
664,186
666,186
668,187
668,189
668,198
667,200
665,201
662,201
661,199
end box23
691,162
692,162
693,162
694,162
695,162
696,163
696,164
697,169
696,170
695,171
693,171
692,171
691,170
690,169
end box24
end total25boxes
