660,191
662,188
666,185
669,182
672,182
687,181
690,183
695,187
697,191
698,196
698,202
696,208
690,208
671,207
665,208
660,207
659,202
659,196
end box0
994,267
1021,242
1044,225
1068,216
1090,217
1108,216
1125,215
1144,213
1167,215
1198,219
1221,236
1240,265
1248,299
1239,323
1207,342
1172,344
1146,343
1126,342
1107,341
1087,341
1061,345
1024,340
991,325
982,301
end box1
571,180
571,178
572,177
574,175
576,175
584,175
586,176
587,178
588,180
589,183
589,186
588,189
585,190
582,189
575,189
573,189
571,188
570,185
570,183
end box2
557,181
556,179
557,177
559,175
561,175
566,175
568,175
570,176
571,178
572,180
573,183
573,185
572,188
570,189
567,190
565,189
562,189
560,189
558,188
557,187
556,182
end box3
1176,303
1177,297
1178,289
1180,279
1186,269
1195,261
1209,251
1221,255
1225,272
1226,286
1228,329
1231,351
1226,369
1210,362
1194,358
1181,357
1177,339
1176,326
1175,317
1176,310
end box4
577,176
578,176
583,176
584,176
584,177
585,179
585,180
585,182
585,184
584,185
582,185
580,186
579,185
577,185
576,184
576,183
end box5
652,192
653,190
654,189
655,187
656,187
658,186
661,186
664,186
666,187
667,189
667,191
667,194
666,196
666,198
664,199
662,200
660,200
657,201
655,201
653,200
652,198
652,195
652,193
end box6
531,181
532,177
535,174
538,173
541,173
549,173
553,173
556,175
559,177
561,181
562,185
561,189
559,193
555,194
550,193
534,191
532,188
532,184
end box7
732,142
733,140
734,138
735,137
737,136
739,135
742,135
744,135
747,136
749,137
750,140
751,142
750,145
750,148
750,151
748,153
745,154
742,154
739,154
736,153
734,152
733,149
732,147
733,145
end box8
748,157
750,157
751,158
751,163
751,164
749,165
748,166
743,165
742,165
end box9
638,176
639,175
640,175
641,175
641,176
642,176
642,177
643,178
643,179
643,180
643,181
642,182
641,183
640,183
639,183
638,182
638,181
end box10
626,173
626,173
627,172
629,172
630,173
630,173
631,174
631,175
631,176
631,177
631,178
630,179
629,180
628,180
627,180
626,179
625,178
end box11
718,188
719,187
720,186
721,186
722,186
723,187
724,188
725,189
725,194
724,195
723,196
721,196
720,196
719,195
718,194
end box12
898,151
899,150
901,150
903,150
905,151
905,163
904,164
902,165
899,165
898,164
end box13
end total14boxes
