453,196
452,190
457,184
462,182
469,182
474,182
479,181
484,182
490,183
494,186
499,191
502,196
503,204
503,211
500,218
494,220
485,218
468,217
462,217
457,215
455,209
454,202
end box0
499,192
498,187
500,183
503,181
508,181
512,181
515,181
519,181
522,182
525,185
529,188
530,191
531,196
532,201
530,206
525,208
520,208
516,207
512,206
509,206
end box1
325,217
330,205
339,191
348,181
364,182
378,183
389,183
402,183
418,183
429,190
441,203
445,216
445,235
445,253
443,272
427,274
403,266
365,266
340,274
326,272
323,253
324,235
end box2
489,187
492,184
496,184
500,184
503,184
507,184
510,186
512,189
515,191
516,195
516,199
517,203
516,209
513,211
508,212
504,210
end box3
511,164
511,159
513,152
518,149
525,149
541,149
547,149
552,152
554,159
556,164
557,171
557,178
555,185
549,188
541,187
535,186
530,186
524,187
517,187
513,183
511,177
512,170
end box4
432,178
434,174
437,172
441,171
454,171
458,172
462,174
465,177
465,182
464,186
460,188
436,188
433,186
432,182
end box5
299,195
301,191
303,188
307,187
322,187
325,188
329,191
332,194
332,199
331,203
328,206
323,207
302,206
300,203
299,199
end box6
624,191
624,189
625,188
627,186
628,186
633,186
635,186
636,187
638,189
639,190
639,193
639,195
638,197
636,198
634,199
628,198
626,198
624,196
624,194
624,192
end box7
511,191
512,187
514,183
517,181
520,181
530,181
534,182
536,184
540,187
542,190
543,195
543,200
541,205
537,206
532,206
527,205
517,204
514,202
512,198
511,194
end box8
559,159
560,159
561,159
562,159
563,159
564,160
565,161
565,162
565,164
565,166
564,167
563,168
561,168
560,168
559,167
end box9
572,179
573,177
574,175
575,174
577,173
580,173
582,173
584,175
586,176
587,178
587,180
587,183
587,185
587,188
585,190
583,192
580,192
577,191
575,190
573,189
572,187
end box10
496,171
497,171
499,171
500,171
501,172
501,173
502,174
502,176
502,178
501,179
499,179
497,179
496,179
495,178
end box11
561,175
562,174
563,174
564,175
565,175
566,176
566,177
567,182
566,183
565,184
563,184
562,184
561,183
end box12
660,160
665,159
666,160
667,161
667,162
667,163
667,164
667,166
666,167
665,167
662,167
661,167
660,166
end box13
496,164
497,163
498,162
499,162
500,162
501,163
502,164
503,165
503,166
503,167
503,168
503,170
502,171
501,172
499,172
498,172
497,171
496,170
end box14
577,176
578,175
579,175
580,175
581,176
582,177
583,178
584,179
583,182
583,183
582,184
581,185
579,186
578,185
577,184
576,183
end box15
end total16boxes
