586,180
590,174
596,171
601,170
606,170
622,169
628,170
634,174
639,180
643,188
641,195
633,197
623,197
618,197
614,196
609,197
605,197
600,197
590,197
584,194
583,187
end box0
542,190
545,186
549,181
553,178
558,177
563,177
572,177
579,177
584,179
587,185
590,190
591,197
590,204
587,209
579,210
573,210
568,210
563,211
557,212
550,213
543,210
541,204
542,197
end box1
1067,264
1076,243
1086,225
1102,211
1122,205
1143,205
1162,202
1186,196
1213,196
1228,213
1236,238
1238,262
1242,288
1241,316
1238,344
1214,353
1185,352
1163,354
1142,351
1121,345
1094,344
1070,337
1063,315
1064,288
end box2
637,207
643,194
653,183
663,175
676,174
689,172
700,172
713,173
729,172
741,178
749,193
752,207
752,224
753,241
747,253
727,254
712,255
700,258
688,260
676,258
660,257
639,257
634,242
635,224
end box3
644,173
647,169
650,168
653,167
656,166
666,166
670,166
675,168
676,172
676,177
675,181
655,185
651,185
647,184
644,181
643,177
end box4
487,182
489,179
492,177
494,175
497,175
507,175
510,176
513,178
516,182
517,186
516,190
513,193
508,193
505,193
502,193
499,193
496,194
493,193
488,193
486,190
486,186
end box5
549,130
550,129
551,129
556,128
557,129
558,130
558,136
557,138
555,138
552,138
550,138
549,137
549,135
end box6
481,164
482,163
483,163
484,162
485,162
486,163
487,164
488,165
488,166
488,167
488,168
488,170
487,171
486,172
484,173
483,172
482,171
481,170
end box7
561,127
562,128
562,130
562,133
562,134
561,136
554,136
553,135
552,134
end box8
552,140
556,140
557,141
558,142
558,147
557,148
556,149
553,149
552,148
551,147
end box9
550,127
551,126
560,125
562,127
563,128
562,134
562,137
561,138
552,140
551,138
550,136
end box10
555,140
556,140
558,140
560,141
560,141
561,143
561,148
560,149
559,150
557,151
556,151
554,150
553,149
end box11
655,215
658,203
668,191
677,182
690,182
703,181
714,181
727,182
741,182
749,191
756,204
762,216
764,231
766,249
765,264
745,266
726,262
714,263
702,266
687,269
671,268
654,264
652,249
654,231
end box12
381,225
381,223
382,220
380,214
382,207
387,203
393,200
399,201
401,210
400,218
400,222
401,225
400,228
401,231
401,235
400,242
399,251
394,254
386,253
382,246
382,237
382,233
381,230
381,228
end box13
377,208
377,205
377,201
378,196
381,187
386,175
392,175
397,184
400,193
402,199
403,203
403,207
402,211
401,215
400,219
399,224
398,235
393,243
384,242
381,232
380,221
380,216
379,213
377,211
end box14
end total15boxes
