466,196
468,190
473,182
479,179
487,178
493,178
500,178
506,179
514,179
520,183
525,190
529,196
531,206
532,217
529,223
516,224
507,224
500,221
493,221
487,222
479,222
468,221
466,214
466,205
end box0
151,266
179,239
199,217
225,207
251,205
273,202
294,200
317,198
342,203
372,212
399,232
416,264
422,301
414,331
385,349
345,355
317,356
294,349
274,344
254,343
223,348
180,346
151,331
141,302
end box1
609,161
609,161
613,161
614,161
614,162
615,163
615,164
615,165
615,167
614,168
612,168
611,168
610,168
609,167
608,167
608,166
end box2
619,164
619,162
620,160
621,159
623,159
630,159
632,160
633,161
634,163
634,166
634,168
634,171
631,172
629,172
622,172
620,171
619,170
618,167
618,165
end box3
625,161
625,160
626,159
630,159
631,160
632,161
632,162
632,163
632,164
632,166
631,167
629,167
627,167
626,167
625,166
624,165
end box4
461,157
461,156
462,156
463,156
464,156
465,156
466,157
466,158
466,159
466,160
466,161
467,163
466,164
465,165
463,165
462,165
461,164
460,163
460,162
end box5
527,162
540,158
541,159
543,161
542,166
542,169
539,169
529,169
528,167
end box6
122,38
125,35
162,35
166,38
165,45
164,49
123,49
122,45
end box7
690,174
691,172
692,171
694,169
696,169
698,170
699,171
700,173
701,175
701,177
701,178
701,180
700,182
700,184
698,187
696,187
693,187
692,185
690,183
690,181
end box8
526,161
527,159
543,158
545,160
546,163
546,170
545,172
542,174
527,173
526,171
525,169
end box9
end total10boxes
