689,207
694,197
705,184
713,174
725,173
739,174
750,174
762,176
776,177
787,183
798,195
800,207
799,223
798,239
793,254
779,255
726,255
704,261
693,257
689,240
690,224
end box0
265,232
287,208
308,191
334,185
357,185
375,188
390,187
409,185
428,188
453,194
479,209
498,233
511,266
506,292
473,307
439,313
413,311
392,305
374,302
356,302
330,307
296,304
265,289
257,265
end box1
207,202
226,188
244,182
260,180
270,179
279,180
286,180
294,182
304,182
319,183
338,189
357,202
361,221
353,234
329,241
309,240
256,241
235,242
209,235
203,222
end box2
539,178
538,176
539,174
541,173
543,172
550,172
552,173
554,175
555,177
555,180
555,182
554,185
552,187
549,187
542,186
540,186
539,184
538,182
538,179
end box3
622,182
622,180
623,178
625,177
626,177
631,176
633,177
635,178
636,179
637,181
637,184
637,186
636,189
634,190
632,190
625,190
623,189
622,188
621,186
621,184
end box4
525,179
525,176
526,175
528,174
530,173
535,173
537,173
539,174
541,176
542,178
542,181
542,184
541,186
539,187
536,188
529,187
527,187
525,185
525,183
525,181
end box5
614,181
616,178
619,176
621,174
624,175
634,174
637,176
640,178
642,181
643,185
643,189
640,192
636,193
623,192
620,192
616,191
614,188
614,184
end box6
662,144
663,142
673,142
674,145
673,159
671,160
662,160
661,158
end box7
736,156
737,155
739,155
741,156
741,156
741,164
740,165
737,165
735,165
end box8
661,153
662,151
663,150
672,150
674,152
674,154
674,164
673,166
663,166
661,165
660,162
end box9
end total10boxes
