107,223
110,217
115,211
121,210
127,210
142,210
148,210
154,212
158,217
163,223
165,231
164,239
159,244
150,245
143,244
137,243
132,244
127,244
119,245
111,244
107,238
107,231
end box0
189,213
194,207
200,202
206,201
212,201
216,200
221,201
225,201
231,201
237,203
243,207
249,213
251,222
250,230
243,233
232,233
226,234
221,233
216,233
212,233
206,232
196,232
190,228
188,221
end box1
59,227
66,221
70,216
76,214
82,214
86,214
95,214
102,213
110,213
116,219
120,226
122,235
120,242
112,246
102,247
96,248
91,247
86,248
80,248
73,248
63,247
56,243
56,235
end box2
571,175
571,174
573,172
574,171
576,170
584,170
586,171
587,173
588,175
588,178
588,180
587,183
584,184
575,184
573,184
571,182
571,180
571,178
end box3
560,175
561,174
562,174
564,174
565,174
566,175
567,176
567,177
567,178
567,180
567,181
566,182
565,183
563,183
562,183
561,182
560,181
559,180
end box4
540,179
541,177
542,175
543,174
545,173
550,173
553,173
555,174
556,176
557,178
557,181
557,184
556,186
554,187
551,188
546,187
544,188
542,187
540,185
540,183
540,181
end box5
556,178
556,176
558,174
559,173
561,172
566,172
569,172
571,173
572,175
573,177
573,180
573,183
572,185
570,186
567,187
565,186
562,186
560,186
558,186
556,184
556,182
556,180
end box6
567,206
572,199
581,190
587,184
596,182
605,182
613,182
622,184
631,185
637,191
646,199
649,207
651,219
650,230
647,241
636,243
623,242
614,241
606,240
597,240
582,245
571,243
568,231
568,219
end box7
544,176
545,175
546,175
548,175
549,175
550,176
551,177
551,178
551,179
551,180
551,182
550,183
549,183
547,184
546,183
545,183
544,182
543,181
end box8
574,173
575,172
579,172
580,173
581,174
582,175
581,176
581,178
581,179
580,180
579,180
577,181
576,181
575,180
573,179
573,178
end box9
644,176
649,175
650,176
651,177
652,178
652,179
652,181
651,182
650,183
648,183
646,183
645,183
644,182
643,181
end box10
376,194
377,192
378,191
380,189
382,189
389,189
392,190
394,192
395,194
396,197
395,200
394,203
391,204
388,203
381,203
378,203
376,202
376,199
375,197
end box11
584,175
585,173
586,171
587,170
589,169
597,169
598,170
600,172
601,174
600,177
601,179
600,182
598,183
595,184
588,183
586,182
585,181
584,179
584,176
end box12
533,176
533,176
534,177
535,178
535,179
535,180
535,182
534,182
532,183
531,183
530,183
529,182
528,182
end box13
611,175
611,175
615,175
616,175
616,176
617,177
617,178
617,179
617,181
616,181
614,182
613,182
612,182
611,181
610,181
609,180
end box14
954,106
958,105
959,105
960,106
961,107
961,112
961,114
960,115
958,116
956,116
955,116
953,115
952,114
end box15
954,103
958,102
959,102
962,103
963,104
964,115
962,117
960,118
958,118
955,118
953,117
952,116
end box16
578,150
579,150
579,150
580,150
581,151
581,152
581,153
581,154
581,155
580,156
579,157
578,157
577,157
576,156
end box17
464,161
468,160
469,161
469,162
470,167
469,168
468,168
466,168
465,168
464,167
end box18
464,176
465,175
466,175
467,175
468,175
469,176
469,177
469,178
469,179
469,180
470,182
469,183
468,183
466,184
465,183
464,182
end box19
576,156
579,156
580,156
581,157
581,161
580,162
579,163
578,163
577,162
576,162
end box20
820,124
821,124
822,124
824,124
825,124
825,125
825,134
824,135
822,135
821,135
819,134
end box21
end total22boxes
