410,165
410,163
411,161
412,160
414,160
421,160
423,161
424,162
425,164
426,167
426,169
425,172
422,172
420,172
413,172
411,172
410,171
409,169
409,167
end box0
539,141
540,139
540,137
541,136
543,135
545,134
547,134
548,134
550,135
552,136
553,138
554,140
554,143
554,145
553,147
551,149
549,150
547,150
544,150
542,150
540,148
539,146
539,144
539,142
end box1
478,155
479,155
480,155
481,155
482,155
483,156
484,162
483,163
482,164
480,164
479,164
478,163
end box2
478,147
479,146
480,146
481,146
482,147
482,147
483,148
483,152
483,154
481,154
480,155
479,154
478,153
end box3
464,145
465,145
466,145
467,145
468,145
468,145
469,146
469,150
468,151
467,152
466,152
465,152
464,151
end box4
end total5boxes
