349,195
349,190
352,186
356,183
361,183
366,183
369,183
374,183
379,183
383,186
386,191
388,195
388,201
388,206
386,212
381,214
374,212
370,212
366,211
361,212
355,212
351,210
350,205
349,200
end box0
276,208
279,202
283,197
288,195
294,195
298,195
303,195
307,195
313,195
319,196
323,201
327,208
328,215
327,222
322,225
313,226
308,228
303,227
298,227
293,227
287,227
279,226
274,222
274,215
end box1
507,183
508,181
509,179
510,178
512,177
514,177
517,177
519,177
521,178
523,180
524,182
524,185
524,187
523,190
521,191
518,192
516,191
513,191
511,191
509,191
507,189
507,187
507,185
end box2
680,194
687,188
693,184
699,182
705,181
714,181
718,182
724,182
732,183
739,187
746,194
748,203
745,211
736,215
726,216
720,216
714,215
709,215
703,216
696,216
687,215
678,211
678,203
end box3
309,203
312,199
316,194
321,191
326,191
339,191
345,191
349,193
353,199
357,203
358,210
358,217
353,222
348,224
340,223
325,223
318,224
313,222
310,216
309,210
end box4
506,186
506,184
507,183
509,182
511,181
518,182
520,182
522,184
524,186
524,189
524,192
523,195
520,195
517,195
510,195
508,195
506,194
505,191
505,189
end box5
348,205
349,201
352,199
355,196
358,196
367,196
371,196
373,198
377,201
379,204
380,209
380,214
378,218
373,219
368,218
364,218
361,217
357,218
353,218
349,217
347,213
347,209
end box6
555,182
555,180
556,178
557,177
559,177
566,177
568,178
569,179
570,181
570,184
571,186
570,189
567,189
565,190
561,189
558,190
556,189
555,188
554,186
554,183
end box7
576,177
576,177
577,176
578,176
579,176
580,177
580,177
581,178
581,179
581,180
581,181
581,182
580,183
579,184
578,184
577,184
576,183
575,182
end box8
541,183
541,181
542,179
543,178
545,177
550,177
552,177
554,178
556,180
556,182
556,185
557,187
556,190
553,191
551,192
549,191
546,192
544,191
542,190
541,189
540,187
540,184
end box9
561,178
561,178
564,177
565,177
566,178
566,179
567,180
567,181
567,182
567,184
566,185
564,185
563,185
562,185
561,185
560,184
559,183
end box10
621,177
621,175
623,173
624,172
626,171
628,171
631,171
633,171
635,172
637,174
638,176
638,179
638,182
637,184
634,185
632,186
630,185
627,185
625,185
623,184
621,183
621,181
621,179
end box11
491,188
492,186
493,184
494,183
496,182
501,182
503,182
505,183
507,185
508,187
509,190
508,193
507,195
505,196
502,196
500,196
497,196
495,196
493,195
491,194
491,192
490,190
end box12
493,182
493,180
494,178
495,177
497,176
499,175
501,175
502,175
504,176
506,177
507,179
508,181
508,184
508,186
507,189
506,190
503,191
501,191
498,191
496,190
495,189
493,187
493,185
493,183
end box13
430,175
430,174
431,173
432,172
433,173
434,174
434,175
434,176
435,177
435,178
434,179
435,180
434,181
434,183
432,185
431,184
430,181
end box14
447,175
448,173
449,173
450,174
451,175
451,176
452,177
452,178
452,179
452,180
452,181
451,182
451,185
450,186
448,185
447,182
end box15
463,177
463,176
464,175
465,175
466,175
467,176
467,177
467,177
468,178
468,179
467,180
467,181
467,182
466,183
465,184
464,183
463,182
463,181
end box16
544,186
545,186
546,186
548,185
549,186
550,187
551,188
552,189
552,190
551,192
551,193
550,194
549,195
547,195
546,195
545,194
543,193
543,192
end box17
499,176
500,176
501,176
502,176
503,176
504,177
504,178
505,179
505,180
505,181
505,183
504,184
503,185
501,185
500,185
499,184
498,183
end box18
345,172
346,171
348,171
349,171
350,172
350,173
350,174
350,175
350,176
350,177
349,178
348,179
347,179
346,179
345,178
344,177
end box19
86,179
87,178
88,177
89,177
91,177
92,178
93,179
94,187
93,188
91,189
90,190
88,189
86,188
85,187
end box20
1115,81
1121,79
1162,79
1165,86
1163,118
1155,120
1118,122
1112,119
end box21
820,126
832,125
833,127
834,141
833,143
821,143
819,142
end box22
346,160
347,160
348,160
349,160
350,160
351,161
351,162
351,163
351,165
351,166
351,168
350,168
348,169
347,169
346,168
end box23
257,154
258,154
261,154
262,154
263,155
263,164
261,165
259,165
258,165
256,164
end box24
336,162
337,161
338,161
339,161
340,161
340,162
340,168
339,169
338,170
337,169
336,168
end box25
467,144
468,144
469,144
470,144
471,144
472,145
472,146
473,147
472,149
472,151
472,152
471,153
469,153
468,152
467,151
end box26
494,158
495,158
496,158
497,157
498,158
498,158
499,159
499,160
499,161
499,162
499,163
498,164
497,165
496,165
495,165
494,164
end box27
544,179
545,178
546,178
548,178
549,178
550,179
551,180
552,181
551,182
551,184
551,185
550,186
549,187
547,187
546,187
545,186
544,185
543,184
end box28
494,158
495,158
496,158
497,157
498,158
498,158
499,159
499,160
499,161
499,162
499,163
498,164
497,165
496,165
495,165
494,164
end box29
336,162
337,161
338,161
339,161
340,161
340,162
340,168
339,169
338,170
337,169
336,168
end box30
290,161
291,161
292,161
294,161
295,161
296,162
295,171
294,172
292,173
291,172
289,171
end box31
end total32boxes
