541,195
542,192
544,189
546,186
548,185
563,185
565,188
567,191
569,194
568,199
569,203
567,208
564,209
548,209
544,209
541,207
540,202
541,198
end box0
540,194
540,192
542,191
543,189
545,188
554,188
557,189
558,192
559,194
559,197
559,200
558,203
555,204
544,205
542,204
540,202
539,199
540,197
end box1
687,161
687,159
688,157
689,156
693,155
694,154
696,155
698,155
701,156
702,158
702,160
702,163
702,165
701,168
699,169
697,170
695,170
692,170
690,169
688,168
687,166
687,164
687,162
end box2
689,160
689,159
690,158
694,156
695,156
697,156
698,157
699,158
700,160
700,161
700,163
699,165
698,166
696,167
694,167
693,167
691,166
690,165
689,164
689,162
end box3
690,175
690,173
691,171
692,170
694,169
696,169
697,169
699,169
701,169
703,170
704,172
705,174
705,177
705,179
704,181
702,183
700,184
698,184
695,184
693,183
691,182
690,180
690,178
690,176
end box4
691,175
692,174
696,172
697,173
699,173
699,174
700,176
700,177
700,179
700,180
698,181
697,182
695,182
694,182
692,181
691,181
691,179
end box5
513,190
513,190
514,189
515,189
516,189
517,190
517,190
518,191
518,192
518,193
518,194
518,195
517,196
516,197
515,197
514,197
513,196
512,195
512,195
end box6
end total7boxes
