653,181
653,179
655,178
657,177
667,176
669,177
671,179
672,181
673,184
673,187
671,190
668,190
658,190
655,190
653,189
652,187
652,184
end box0
539,179
539,177
540,175
541,174
543,174
545,173
548,173
550,174
552,175
553,176
554,178
555,181
555,183
554,186
551,187
549,187
547,187
544,187
542,187
540,186
539,185
538,183
538,180
end box1
390,181
391,178
392,175
394,173
397,173
406,173
409,173
412,174
414,177
416,181
416,184
416,189
414,193
411,194
406,193
397,194
393,193
390,192
389,188
389,184
end box2
523,178
523,176
524,175
526,174
527,173
532,173
534,173
535,174
537,176
538,177
538,180
538,182
537,185
535,185
533,185
529,185
527,185
525,185
523,184
522,182
522,180
end box3
545,176
545,176
546,175
547,175
548,175
549,176
550,176
550,177
551,178
551,179
551,180
551,182
550,183
548,183
547,184
546,183
545,182
544,182
end box4
456,180
456,178
458,177
459,176
468,176
470,177
472,178
473,180
474,183
474,186
473,189
470,189
460,189
458,189
456,188
455,185
454,183
end box5
561,176
561,176
564,175
565,176
566,176
566,177
567,178
567,179
567,180
567,182
566,182
564,183
563,183
562,183
561,182
560,182
559,181
end box6
590,180
590,178
591,177
592,175
593,174
595,174
598,174
600,175
602,176
602,178
603,180
603,181
603,184
602,186
601,187
599,188
594,188
592,188
590,187
590,185
589,183
589,181
end box7
610,131
610,130
611,130
613,130
614,130
615,131
615,137
615,138
614,138
612,139
611,138
610,138
609,137
end box8
609,140
609,139
613,139
614,140
614,141
615,146
614,147
612,147
611,147
610,147
609,147
608,146
end box9
705,152
707,151
721,151
723,153
723,162
722,165
720,166
706,166
704,164
end box10
778,143
779,142
780,142
781,142
782,143
783,144
783,151
782,152
780,153
779,152
778,151
end box11
700,151
701,148
724,148
725,150
725,158
722,160
702,160
700,157
end box12
692,174
693,173
697,173
698,174
699,175
699,180
698,181
697,181
694,181
693,181
692,180
end box13
580,172
582,172
583,173
584,173
584,174
585,175
585,176
584,177
584,179
584,179
582,180
581,180
580,180
579,179
578,179
end box14
693,163
694,162
696,162
697,162
698,163
698,169
698,170
697,170
695,171
694,170
693,170
end box15
597,162
598,162
599,163
599,164
599,165
599,166
599,167
598,168
597,168
595,168
594,168
594,167
end box16
end total17boxes
