700,209
708,199
720,187
729,179
742,179
754,180
765,179
776,180
789,181
800,186
813,198
820,209
819,226
817,244
811,254
790,253
774,251
764,252
754,253
742,254
726,257
707,256
701,244
700,227
end box0
656,187
658,182
662,177
666,173
672,173
677,173
682,173
687,174
693,174
698,176
702,182
704,187
704,194
703,201
701,207
695,209
687,207
671,209
662,210
657,208
656,201
657,194
end box1
-5,244
30,212
64,197
104,197
128,198
146,202
161,206
178,207
196,208
228,209
260,223
301,250
321,291
307,312
251,324
208,322
101,322
57,327
7,311
-8,287
end box2
497,180
499,176
503,173
507,173
522,174
526,175
531,176
535,180
538,186
536,191
531,194
525,194
520,194
502,192
498,190
497,185
end box3
555,175
555,173
557,172
558,171
560,171
567,171
569,171
571,173
572,175
573,178
573,181
572,184
569,184
566,184
559,184
557,184
555,182
554,180
554,178
end box4
537,178
537,175
538,173
540,172
542,172
547,173
549,173
551,174
552,175
553,177
554,180
554,183
553,185
551,186
548,186
546,185
540,185
538,184
end box5
516,179
517,175
519,172
523,171
534,172
537,172
540,174
544,175
546,179
548,183
548,188
544,190
539,191
535,191
532,191
517,186
516,183
end box6
558,175
558,174
559,173
560,173
564,173
565,174
566,175
567,176
567,177
567,179
567,181
565,181
564,181
561,181
559,181
558,181
558,180
end box7
571,175
571,173
572,171
574,170
575,170
582,170
584,171
585,172
586,174
587,177
587,179
586,182
583,182
581,182
574,182
572,182
570,181
570,179
570,177
end box8
90,226
117,195
151,183
187,183
211,184
228,184
243,185
261,184
278,188
307,192
343,203
376,230
393,270
378,292
328,304
292,311
268,311
149,303
106,287
89,265
end box9
577,173
577,173
578,172
582,172
583,173
584,174
584,175
584,176
584,178
584,179
583,180
581,180
580,180
579,180
578,180
577,179
576,178
end box10
708,172
709,171
710,171
711,171
712,171
712,172
713,173
713,177
712,178
711,179
710,179
709,179
708,178
end box11
end total12boxes
