704,201
708,193
715,184
723,177
733,177
742,176
751,176
761,175
772,176
780,181
788,191
790,201
789,214
788,226
785,236
772,238
759,236
750,238
742,240
731,241
718,242
707,239
703,227
703,214
end box0
894,262
926,232
956,215
987,209
1011,208
1031,208
1049,208
1069,206
1092,209
1126,212
1158,229
1186,261
1199,302
1191,330
1146,348
1104,351
1073,347
1030,341
1009,343
977,347
938,344
895,327
884,301
end box1
4,205
5,193
11,181
20,174
34,175
46,177
55,176
66,177
78,177
89,182
96,193
98,204
97,218
97,232
93,244
81,250
67,249
56,249
46,248
35,247
20,249
8,245
5,232
4,219
end box2
431,188
433,185
436,182
438,181
442,180
453,180
456,182
460,184
462,187
463,192
462,196
459,200
454,200
441,200
437,200
432,199
430,196
430,192
end box3
615,176
616,175
616,175
617,174
621,174
622,174
622,175
623,176
623,177
623,178
623,180
622,180
620,180
617,180
616,180
615,179
615,178
615,177
end box4
596,177
596,175
598,174
599,173
606,173
608,173
610,175
611,176
612,179
611,181
610,183
607,183
600,183
598,184
596,183
595,181
595,179
end box5
598,176
598,175
599,175
600,174
604,174
605,174
606,175
606,176
606,177
606,178
606,180
605,180
603,180
600,181
599,180
598,179
598,178
598,177
end box6
612,177
612,175
614,174
615,173
622,173
624,173
626,175
627,176
628,179
628,181
626,183
623,183
616,183
614,184
612,183
611,181
611,179
end box7
end total8boxes
