587,202
588,195
593,187
599,183
607,182
614,181
621,180
629,182
638,181
643,186
646,196
649,202
650,211
650,221
648,231
641,233
629,230
621,229
614,229
606,231
595,232
589,229
588,220
588,211
end box0
210,206
211,204
211,201
211,196
214,192
218,186
222,184
226,189
229,194
230,199
230,203
230,206
230,209
230,212
229,215
229,220
227,227
223,232
216,231
213,225
212,218
212,213
211,211
211,209
end box1
691,162
691,162
692,161
693,161
694,161
695,162
695,162
696,163
696,164
696,165
696,166
696,167
695,168
694,169
693,170
692,169
691,168
690,167
end box2
678,162
678,162
679,161
680,161
681,161
682,162
682,162
683,163
683,164
683,165
683,166
683,167
682,168
682,170
680,170
679,170
678,168
678,167
end box3
713,127
714,128
716,128
717,129
717,131
717,132
717,134
717,135
716,137
714,137
712,138
711,137
709,137
708,136
708,134
end box4
709,141
710,141
712,141
713,141
714,142
715,143
715,144
715,146
715,148
714,149
713,150
711,150
710,150
709,149
708,148
end box5
630,163
631,162
632,162
633,162
634,163
634,163
635,164
635,165
635,167
635,168
635,170
633,170
632,170
631,170
630,169
629,168
end box6
707,129
708,127
709,126
711,125
714,124
719,125
721,126
722,128
723,130
722,133
722,135
722,138
720,140
717,140
715,140
710,140
708,139
707,137
706,134
end box7
644,160
645,159
646,159
647,159
648,160
648,160
649,161
649,162
649,163
649,164
649,165
648,166
647,167
646,167
645,167
644,166
644,165
end box8
end total9boxes
