565,192
566,188
572,181
576,177
582,176
589,176
594,176
600,176
607,177
611,180
617,188
620,192
620,200
619,209
618,218
613,221
581,218
569,222
566,218
565,208
566,200
end box0
508,186
510,183
514,178
517,175
522,175
527,174
530,175
535,175
540,175
544,177
548,182
551,186
551,193
551,199
548,205
543,206
535,204
521,205
513,207
509,205
507,199
508,192
end box1
407,178
408,176
409,175
411,173
413,173
421,173
423,174
424,176
426,178
427,181
426,184
426,187
422,188
419,187
412,187
409,188
407,186
406,183
406,181
end box2
355,181
357,178
360,174
363,172
367,171
378,171
382,172
386,173
390,177
392,181
392,186
392,192
389,196
384,197
378,197
366,197
362,196
357,196
355,191
355,186
end box3
612,176
613,175
614,175
616,175
617,175
618,176
618,177
619,178
619,179
619,180
619,182
618,183
616,183
615,183
614,183
613,183
612,182
end box4
607,180
607,178
608,177
609,176
610,175
615,175
616,175
618,176
619,178
620,180
621,182
621,184
620,186
618,187
616,187
613,187
612,187
610,187
608,186
607,185
606,183
606,181
end box5
557,174
557,173
559,171
560,170
562,169
570,169
572,170
573,172
574,174
574,177
574,180
573,182
571,183
568,184
561,183
559,183
557,181
556,179
556,177
end box6
538,174
538,172
540,170
541,169
543,168
548,168
550,169
552,169
554,171
555,173
555,176
555,179
554,181
552,182
549,183
542,182
540,181
539,180
538,178
538,176
end box7
512,177
515,174
519,171
522,169
525,169
538,169
541,171
546,174
549,177
549,182
548,187
546,192
540,192
519,192
515,191
512,186
512,182
end box8
1002,75
1007,70
1064,71
1071,75
1070,86
1068,92
1005,91
1004,86
end box9
1001,105
1002,99
1011,96
1062,99
1064,105
1063,116
1062,123
1052,125
1010,125
1001,123
1003,115
end box10
493,160
496,160
497,160
498,161
499,162
499,163
499,164
499,165
499,167
498,168
497,169
495,169
494,169
493,168
492,167
end box11
448,148
449,148
450,148
451,148
452,148
452,148
453,149
453,150
453,151
453,152
453,153
452,154
451,155
450,155
449,155
448,154
448,153
end box12
509,173
510,172
510,172
511,171
512,171
513,171
514,171
515,172
515,173
516,174
515,175
515,176
515,177
514,178
513,179
512,179
511,179
510,179
509,178
509,177
end box13
435,128
436,128
438,128
439,128
440,129
441,130
442,131
442,132
441,134
441,135
440,137
439,137
437,137
436,137
435,136
end box14
490,143
491,142
492,142
493,142
494,143
495,144
495,151
494,152
492,153
491,153
490,151
end box15
643,143
644,142
645,142
646,142
647,143
647,143
648,144
648,145
648,146
648,147
648,148
648,149
646,150
645,150
644,150
643,149
642,148
end box16
512,162
516,161
517,161
518,162
519,163
519,164
519,165
519,167
519,168
518,169
517,170
515,170
514,169
513,169
512,168
511,167
end box17
561,172
566,171
567,172
568,173
569,174
569,175
568,177
568,178
567,179
566,180
564,180
563,179
562,179
561,178
560,177
end box18
434,144
435,143
437,143
438,144
438,144
439,145
439,146
439,147
439,148
439,149
439,151
437,151
436,151
435,151
434,150
end box19
547,160
548,161
549,162
550,163
550,164
550,166
550,167
548,168
547,169
544,168
543,168
542,167
541,166
end box20
355,186
355,182
358,179
361,177
365,176
374,177
378,177
381,179
385,182
386,185
386,190
386,194
383,197
379,199
375,200
364,199
361,198
358,197
355,193
355,190
end box21
740,174
741,173
742,173
743,173
744,174
744,174
745,175
745,179
744,180
743,181
742,181
741,181
740,180
end box22
626,141
627,141
628,141
629,141
630,141
631,142
631,143
632,144
632,145
632,146
632,148
631,149
630,150
628,150
627,150
626,149
625,148
end box23
415,123
416,123
417,123
418,123
419,123
420,124
421,125
421,126
421,127
421,128
421,130
420,131
419,132
417,132
416,132
415,131
414,130
end box24
660,145
660,145
661,144
662,144
663,144
664,145
664,145
665,146
665,147
665,149
665,150
665,151
663,152
662,152
661,152
660,151
659,150
end box25
497,170
500,170
501,170
502,171
503,172
503,177
502,178
501,179
499,179
498,179
497,178
496,177
end box26
348,185
349,184
351,183
354,183
356,183
358,183
360,184
361,186
362,191
362,193
361,196
360,197
357,198
355,198
352,198
350,197
348,196
347,194
347,190
end box27
573,88
575,88
578,88
579,88
580,100
579,101
574,101
573,100
end box28
490,143
491,142
492,142
493,142
494,143
495,144
495,151
494,152
492,153
491,153
490,151
end box29
624,157
625,156
626,156
627,156
628,157
628,158
628,158
628,159
628,160
628,161
628,162
628,163
627,164
626,164
625,164
624,163
end box30
end total31boxes
