593,191
593,188
596,186
597,183
600,183
609,183
612,183
614,185
616,188
617,191
617,194
617,198
617,203
614,204
599,203
595,204
593,202
593,197
593,194
end box0
553,190
553,188
555,186
556,185
558,184
567,184
569,186
571,188
572,190
572,193
572,196
571,199
569,200
557,200
555,200
553,198
553,195
553,193
end box1
592,188
592,187
594,185
595,183
596,183
605,183
607,184
608,186
609,188
609,191
609,194
608,197
606,197
595,198
593,198
592,196
591,193
592,191
end box2
593,179
597,179
597,179
598,180
598,181
599,182
598,183
598,185
597,185
596,185
594,185
593,185
592,185
592,184
end box3
591,184
592,182
593,181
594,180
595,179
602,179
604,180
605,182
606,183
606,186
606,188
605,190
603,191
594,192
592,191
591,190
591,187
591,185
end box4
520,204
520,202
521,201
523,200
532,200
534,201
536,202
537,204
538,207
538,210
536,212
533,212
522,212
520,211
519,209
519,207
end box5
581,179
582,179
582,179
582,180
583,181
583,182
583,183
582,183
581,184
580,184
579,184
578,183
578,183
end box6
end total7boxes
