584,159
584,159
585,158
586,158
587,158
588,159
589,159
589,160
590,161
590,162
590,163
590,165
589,165
587,166
586,166
585,166
584,165
583,165
583,164
end box0
600,160
601,159
602,159
604,159
605,159
606,160
607,161
607,162
607,163
607,165
607,166
606,167
605,167
603,168
602,167
601,167
600,166
599,165
end box1
568,161
568,161
569,160
570,160
571,160
572,161
572,161
573,162
573,163
573,164
573,165
573,167
572,167
571,168
570,168
569,168
568,167
567,166
567,166
end box2
593,163
594,161
595,159
596,158
598,158
605,158
607,158
609,160
610,162
610,165
610,168
609,170
607,171
604,171
599,171
597,172
595,171
593,169
593,167
592,165
end box3
555,161
556,160
556,160
557,160
558,160
558,160
559,161
560,161
560,162
560,163
560,164
560,165
559,166
558,167
557,167
556,166
555,166
555,165
end box4
563,163
564,161
565,160
566,159
567,158
569,158
570,157
572,158
574,158
576,159
577,161
578,162
578,165
578,167
577,169
575,170
573,171
571,171
568,171
566,171
565,170
563,168
563,166
563,164
end box5
781,219
781,213
782,206
784,198
788,186
797,161
807,154
817,173
823,190
824,202
824,211
825,218
824,225
821,230
819,236
817,244
817,266
809,287
793,286
786,261
787,240
785,233
782,229
781,224
end box6
690,181
690,179
690,176
691,172
693,167
697,161
701,159
705,164
708,170
708,175
709,178
709,181
709,184
709,187
707,189
707,194
706,202
702,208
695,208
692,200
692,192
691,188
690,186
690,184
end box7
720,175
721,172
721,169
722,164
724,158
728,152
733,149
738,157
740,163
742,168
742,172
742,175
742,178
742,181
740,184
741,191
739,198
735,204
727,204
722,199
722,189
722,183
721,180
721,178
end box8
710,177
710,175
710,171
711,167
713,160
717,151
723,148
727,156
730,164
731,170
730,174
730,177
730,180
729,183
728,185
728,190
727,200
724,210
716,210
712,199
712,189
712,184
711,182
711,180
end box9
727,170
728,167
729,162
732,156
736,154
739,159
741,165
741,168
741,171
741,173
741,176
741,178
741,180
740,184
740,192
737,197
731,195
728,189
728,182
728,179
end box10
713,169
714,164
717,155
721,153
725,159
726,166
727,170
725,182
725,185
724,194
722,202
716,200
714,189
714,183
end box11
532,192
532,190
532,188
533,185
534,181
537,177
540,176
544,179
545,183
546,186
546,189
546,191
547,194
546,196
546,199
546,204
545,208
541,209
536,210
533,208
532,201
532,198
532,195
532,193
end box12
536,158
536,158
537,157
538,158
539,157
540,158
540,158
541,159
541,160
541,161
541,162
541,163
540,164
539,165
538,165
537,165
536,164
536,163
end box13
527,189
527,186
528,183
529,179
532,175
535,172
540,172
544,174
547,178
548,182
549,186
550,189
549,192
550,196
549,200
550,208
547,212
541,210
534,211
528,213
527,206
528,198
527,195
527,192
end box14
end total15boxes
