956,283
993,260
1024,249
1049,245
1066,244
1081,240
1095,238
1111,237
1129,240
1163,241
1196,253
1223,281
1231,317
1214,336
1172,350
1138,355
1061,351
1036,355
1006,347
961,336
947,317
end box0
379,190
385,179
398,174
411,173
440,175
447,176
456,179
467,184
479,192
486,206
482,216
467,223
452,222
386,214
382,204
end box1
637,191
637,189
638,187
639,186
641,185
643,184
644,184
646,184
649,185
650,186
651,188
652,190
652,193
652,195
651,198
650,199
647,200
645,199
642,199
640,199
638,198
637,197
637,194
637,192
end box2
621,182
621,180
622,178
623,177
625,177
632,176
635,177
636,179
637,181
637,184
636,186
636,189
633,189
631,190
626,190
624,190
622,190
620,188
620,186
620,184
end box3
623,177
624,176
627,176
628,176
629,177
630,178
630,179
630,180
630,181
630,183
629,184
628,184
626,185
625,184
624,184
623,183
622,182
end box4
629,190
630,187
631,184
633,182
636,182
639,182
644,182
648,182
651,184
653,187
654,190
654,193
654,197
653,201
649,202
645,202
642,202
639,202
636,202
632,202
630,200
629,196
629,193
end box5
539,182
539,180
540,179
542,177
544,177
551,177
554,178
555,180
557,182
557,185
557,188
556,191
553,191
550,191
543,191
541,191
539,189
538,187
538,185
end box6
1215,330
1215,326
1216,319
1221,311
1229,303
1237,303
1238,317
1238,358
1237,372
1229,376
1219,372
1215,361
1214,351
1214,345
1214,342
end box7
611,176
611,176
615,176
615,176
616,177
617,178
617,179
617,180
617,182
615,182
614,183
613,183
612,182
611,182
610,182
610,181
end box8
320,204
328,190
343,184
358,183
369,184
378,184
385,183
393,185
403,185
413,189
425,196
439,206
447,223
444,236
426,243
408,244
395,243
327,233
322,221
end box9
end total10boxes
