583,196
584,191
588,185
594,184
619,184
624,186
628,191
631,196
633,203
633,211
629,216
621,218
614,217
599,217
592,217
585,216
582,210
583,203
end box0
454,192
454,189
455,188
457,186
459,186
464,186
467,186
468,187
470,189
471,191
471,194
471,196
470,199
468,201
465,201
463,201
460,200
458,201
456,200
454,198
454,196
454,194
end box1
443,196
443,194
444,192
445,191
447,190
449,189
450,189
452,190
454,190
456,192
457,194
457,195
457,198
457,200
457,202
455,204
453,205
451,205
448,204
446,204
445,203
444,201
443,199
443,197
end box2
399,189
400,189
401,189
402,189
403,189
404,190
405,191
405,196
404,197
403,198
401,198
400,198
399,197
end box3
2,275
2,269
1,261
0,246
5,234
14,234
26,243
32,251
36,258
38,265
38,271
39,275
41,280
42,287
43,295
42,307
37,317
28,322
15,324
6,318
2,305
0,295
0,287
2,280
end box4
409,243
409,241
410,238
409,231
411,225
416,222
422,221
427,222
429,229
429,236
430,240
430,243
430,246
431,250
430,254
429,260
427,267
422,270
415,269
411,264
410,257
409,252
409,248
409,246
end box5
407,210
408,207
408,203
408,198
411,191
416,184
421,186
426,192
429,197
430,202
431,206
431,210
431,213
431,217
430,220
429,227
427,234
422,238
415,238
410,235
409,224
409,219
408,216
408,213
end box6
end total7boxes
