619,219
624,208
633,196
643,189
656,190
668,190
677,190
688,191
701,191
712,197
723,207
727,218
727,234
727,249
720,263
706,265
688,260
657,260
638,266
626,263
619,249
619,235
end box0
524,210
524,209
526,207
527,206
536,206
538,206
540,208
542,210
542,213
542,216
541,219
538,219
528,219
526,219
523,218
523,215
522,213
end box1
526,210
528,207
529,207
533,207
535,207
535,208
536,210
536,211
536,213
536,215
534,215
533,216
530,216
528,216
527,215
526,214
527,212
end box2
643,174
644,174
646,174
647,174
648,175
648,176
649,177
649,179
649,181
648,182
647,183
645,183
644,183
643,182
642,181
end box3
625,175
626,175
627,175
628,175
629,175
630,176
631,177
631,178
631,180
631,182
630,183
629,184
627,184
626,184
625,183
624,182
end box4
705,154
706,153
708,153
709,154
710,155
710,162
709,163
707,163
706,163
705,162
end box5
580,170
581,169
584,169
585,170
586,171
586,180
584,181
581,181
579,180
end box6
608,157
609,156
612,156
613,157
613,167
612,168
610,169
609,168
607,167
end box7
657,173
658,173
659,173
660,173
661,173
662,174
662,181
661,182
659,182
658,182
657,181
end box8
end total9boxes
