572,187
573,184
574,181
576,178
580,178
594,177
596,180
598,183
599,186
599,191
600,195
598,200
595,201
579,200
575,200
572,198
572,194
572,190
end box0
606,194
607,192
608,190
609,189
618,188
620,189
622,191
623,193
623,196
623,199
622,201
620,202
610,202
608,202
606,200
605,198
605,196
end box1
320,186
324,183
329,182
348,182
354,183
359,186
361,192
359,196
352,198
325,198
319,196
318,192
end box2
531,192
535,190
539,188
543,187
554,187
558,188
563,189
568,192
570,198
568,202
562,204
536,204
531,201
529,197
end box3
621,176
622,175
623,175
624,175
625,176
626,177
626,184
625,185
623,186
622,186
621,184
end box4
496,176
496,175
497,175
500,174
502,175
503,175
503,176
504,178
504,179
504,181
504,183
503,184
501,184
499,185
498,184
496,184
495,183
495,181
end box5
601,162
602,163
603,164
603,167
602,168
601,169
600,170
597,170
596,169
595,168
end box6
491,178
492,176
493,174
494,173
496,172
502,171
504,172
506,173
507,175
508,177
508,180
508,183
507,185
505,187
503,188
497,187
495,188
493,186
491,184
491,182
491,180
end box7
494,187
499,185
500,186
501,187
501,188
501,190
501,192
500,193
498,193
496,193
495,193
494,192
493,191
end box8
478,175
479,174
480,174
481,174
482,175
483,175
484,177
484,182
483,184
482,184
480,185
479,185
477,184
477,182
end box9
478,158
479,158
480,158
481,158
482,158
483,159
483,160
484,165
483,166
482,167
480,167
479,167
478,166
end box10
597,172
598,172
600,172
601,172
602,173
602,174
603,175
602,177
603,179
602,180
601,180
599,181
598,180
597,179
end box11
545,174
546,173
550,173
551,174
552,175
552,176
552,177
552,178
552,180
551,181
550,181
548,182
547,181
546,181
545,180
544,179
end box12
478,158
479,158
480,158
481,158
482,158
483,159
483,160
484,165
483,166
482,167
480,167
479,167
478,166
end box13
end total14boxes
