515,188
516,185
518,182
521,179
524,179
533,179
537,178
540,181
543,184
544,187
544,192
544,196
543,201
539,202
534,201
523,202
518,202
515,200
515,195
515,191
end box0
550,193
550,191
552,189
554,188
564,188
567,188
569,190
570,193
571,196
570,200
569,202
565,203
554,203
551,204
549,202
548,199
548,196
end box1
557,192
565,189
599,188
608,192
611,199
606,203
557,203
553,199
end box2
613,177
613,177
614,177
615,177
616,176
617,177
617,177
618,178
618,179
618,180
618,181
618,182
617,183
616,184
615,184
614,184
613,183
612,182
end box3
end total4boxes
