362,226
374,213
386,201
398,195
412,194
424,194
435,193
447,194
462,194
478,198
493,209
502,225
502,244
499,263
485,271
461,273
447,273
435,273
424,272
413,271
398,272
373,272
360,263
358,245
end box0
597,186
596,184
598,181
599,179
613,179
615,180
616,183
616,186
616,189
616,192
617,197
614,197
601,198
598,197
596,195
596,189
end box1
626,179
631,178
632,179
633,180
634,181
634,182
634,184
634,185
632,186
631,186
629,186
628,186
627,186
626,185
625,184
end box2
592,175
592,175
593,174
594,174
595,174
596,174
597,175
597,176
598,177
598,178
598,179
598,181
597,182
595,182
594,183
593,182
592,182
591,181
591,180
end box3
608,177
609,176
614,176
615,177
616,177
617,179
618,180
617,182
617,184
615,184
609,184
608,184
607,183
end box4
550,172
551,171
553,171
554,171
555,172
555,173
556,178
555,179
553,179
552,179
551,179
550,178
549,177
end box5
566,137
567,137
568,137
570,137
571,137
571,139
571,146
570,148
568,148
567,148
566,147
end box6
end total7boxes
