337,218
344,209
352,199
360,193
371,193
381,193
390,193
399,193
411,193
420,198
431,208
436,217
438,233
437,248
433,258
416,259
400,255
371,256
355,259
341,258
335,247
335,232
end box0
575,190
577,187
580,184
582,181
585,181
595,181
600,181
602,183
605,187
607,190
607,195
607,200
606,205
602,206
584,205
579,206
576,204
575,199
575,195
end box1
423,196
423,189
426,183
433,181
440,181
445,181
450,182
455,182
460,183
465,186
469,191
474,196
475,204
475,211
471,217
464,219
457,220
450,219
445,218
440,217
429,214
426,209
425,203
end box2
540,182
540,179
541,178
542,176
545,176
547,175
549,175
550,175
553,176
555,177
556,179
557,181
557,184
557,187
556,189
554,191
552,192
549,191
546,191
544,191
542,190
541,188
540,184
end box3
539,190
539,188
540,186
541,185
543,184
545,183
546,183
548,184
550,185
551,186
552,188
553,190
553,192
553,194
553,196
551,198
549,198
547,198
544,198
542,198
541,197
540,195
539,193
539,191
end box4
525,191
525,189
526,187
528,186
529,185
532,185
534,186
535,187
537,189
537,191
538,193
538,195
538,197
538,199
537,201
534,203
532,203
529,202
527,202
526,200
end box5
34,281
43,260
54,241
74,230
95,228
114,232
129,238
144,242
162,244
180,251
191,266
203,285
210,307
205,327
188,342
168,350
150,355
132,360
112,362
93,362
71,359
52,348
37,328
35,307
end box6
533,180
533,176
535,173
537,171
541,171
550,171
554,171
556,173
559,176
560,180
560,184
560,188
559,192
555,194
551,194
547,193
544,193
541,193
537,192
535,190
534,187
534,183
end box7
403,182
405,179
408,177
425,177
429,179
432,182
433,186
433,190
428,192
405,192
402,190
402,186
end box8
451,195
451,191
452,187
454,185
458,184
462,183
465,183
469,184
472,185
475,188
477,191
477,195
478,199
478,203
477,207
475,210
470,212
466,211
462,210
458,209
455,207
452,201
452,198
end box9
577,180
579,177
582,174
584,172
587,172
599,172
602,173
606,176
608,179
608,184
608,189
605,192
601,193
586,193
583,192
579,191
576,188
577,184
end box10
517,192
517,189
518,185
520,183
524,183
527,183
530,183
533,183
536,184
538,186
541,189
542,192
543,196
543,200
541,204
538,206
534,206
530,205
527,205
524,205
521,204
518,202
517,198
517,195
end box11
575,177
575,177
576,176
577,176
578,176
579,177
579,177
580,178
580,179
580,180
580,181
580,182
579,183
578,184
577,185
576,184
575,183
575,182
end box12
636,141
639,138
675,140
681,141
682,180
677,182
639,181
635,178
end box13
561,179
561,178
562,177
563,177
564,177
565,178
566,179
566,180
567,181
566,182
566,183
566,185
566,186
565,187
563,187
562,187
561,186
560,184
end box14
575,177
575,177
576,176
577,176
578,176
579,177
579,177
580,178
580,179
580,180
580,181
580,182
579,183
578,184
577,185
576,184
575,183
575,182
end box15
560,189
561,188
562,187
563,187
564,187
565,188
566,189
567,190
567,195
566,196
565,197
563,198
562,197
561,196
560,195
end box16
705,88
706,88
707,87
708,87
709,88
709,89
709,95
709,97
707,97
706,97
705,96
end box17
end total18boxes
