658,178
659,175
661,172
664,169
667,169
680,169
683,171
686,174
687,177
687,182
687,186
686,191
682,192
666,191
662,191
659,190
658,185
658,181
end box0
652,178
652,176
653,174
654,173
656,172
661,172
664,172
665,173
666,175
667,177
667,180
667,182
666,185
664,186
662,187
657,186
655,187
653,186
652,184
651,182
651,179
end box1
621,180
621,178
622,176
624,175
626,174
634,174
636,175
637,177
638,179
638,182
638,185
637,187
635,188
625,188
623,188
621,186
621,184
621,181
end box2
854,63
854,62
855,61
856,61
857,61
858,62
859,63
859,64
859,65
859,66
859,67
859,68
859,70
858,71
856,72
855,71
854,70
854,68
end box3
807,78
807,77
808,75
809,75
811,75
811,77
812,78
812,79
812,80
812,81
812,82
812,83
812,85
811,87
810,88
808,87
807,85
806,83
end box4
790,80
790,78
791,77
792,76
794,77
795,78
795,80
795,81
796,82
796,83
795,84
796,86
795,87
794,89
793,91
791,90
790,88
789,86
end box5
740,108
740,107
741,106
742,105
743,106
744,107
745,108
745,109
745,110
745,111
745,112
745,113
745,115
744,116
742,117
741,117
740,115
739,113
end box6
756,92
756,91
757,89
758,89
759,90
760,91
761,92
761,93
761,94
761,95
761,96
761,97
761,99
760,101
759,102
757,101
756,99
755,97
end box7
629,115
629,114
630,113
631,112
632,113
633,114
634,115
634,116
634,119
634,121
634,122
633,124
631,124
630,124
629,122
end box8
804,80
804,79
804,78
805,77
805,75
807,73
809,72
810,73
812,75
812,77
813,78
813,80
813,81
813,83
813,85
812,87
811,89
809,90
806,90
805,88
804,85
804,83
804,82
804,81
end box9
839,66
839,65
840,64
841,64
842,65
843,65
843,66
844,67
844,68
844,69
844,70
844,71
844,73
843,74
841,75
840,74
839,73
838,71
end box10
724,147
725,145
726,144
735,144
737,146
738,148
738,158
736,161
734,161
725,161
723,159
723,157
end box11
691,158
691,158
697,158
698,159
699,160
699,161
699,163
698,164
697,165
692,165
691,164
690,163
end box12
687,161
688,159
689,158
698,157
700,158
701,160
702,162
702,165
702,167
701,170
700,171
690,171
688,170
687,168
end box13
687,173
687,173
688,172
692,172
693,173
694,174
694,179
693,180
692,181
689,180
688,180
687,179
end box14
693,147
694,146
695,146
696,146
697,147
697,147
698,148
698,151
698,152
697,153
696,154
695,154
694,154
693,153
end box15
707,158
708,158
708,164
708,165
706,165
705,165
704,165
703,164
end box16
end total17boxes
