248,236
258,214
274,194
295,185
319,184
339,185
357,183
378,181
398,186
418,195
436,215
443,236
446,264
441,289
426,305
399,314
379,317
358,311
338,309
319,311
295,313
261,311
249,292
246,265
end box0
494,201
496,197
501,193
505,190
510,190
514,190
523,190
528,190
532,192
537,197
540,201
541,208
540,215
537,220
530,220
509,220
501,222
496,221
493,214
494,208
end box1
-34,273
-8,235
22,208
59,196
94,194
124,199
150,200
179,198
210,202
241,216
274,242
302,275
316,323
309,362
268,387
226,399
185,393
152,383
125,380
96,383
52,392
7,388
-30,361
-39,322
end box2
end total3boxes
