587,206
590,201
596,197
601,194
606,195
625,194
630,196
635,201
639,206
642,214
641,221
635,226
627,226
605,226
597,227
590,226
585,221
586,213
end box0
321,202
341,188
359,181
375,180
386,180
395,181
403,180
411,180
422,179
437,182
455,188
474,202
480,222
474,235
448,243
426,242
372,240
350,243
325,235
317,223
end box1
538,180
539,177
540,174
543,172
546,172
554,172
558,172
561,174
563,176
565,180
565,184
566,188
564,191
560,193
555,192
546,192
543,191
539,190
538,187
538,183
end box2
514,195
516,192
518,189
521,187
524,187
536,187
538,189
541,192
544,195
545,199
545,203
543,208
538,209
520,207
516,206
514,202
514,198
end box3
635,180
636,177
638,173
640,171
644,170
657,171
660,172
662,176
664,180
664,184
664,188
663,193
659,194
654,194
643,194
639,193
636,192
635,187
635,183
end box4
28,244
46,215
69,194
92,180
119,176
144,180
166,185
190,182
214,185
234,199
258,220
279,247
288,282
285,313
262,335
230,347
194,338
166,329
146,328
120,335
85,342
53,335
29,311
24,280
end box5
587,194
589,189
594,185
599,182
604,183
617,183
623,183
627,184
632,190
635,194
636,201
635,208
631,214
625,215
603,214
595,216
590,214
586,208
587,201
end box6
485,189
487,182
494,177
501,176
506,176
511,176
520,176
527,176
532,178
536,184
542,189
545,197
544,205
537,210
528,210
521,209
516,209
511,210
506,210
499,211
491,209
485,204
484,197
end box7
637,179
637,177
639,175
640,173
642,173
651,173
654,174
655,177
656,179
656,182
656,185
655,188
653,189
641,190
639,189
637,187
637,184
637,182
end box8
573,190
574,188
575,186
576,184
578,184
583,184
585,184
587,185
589,187
590,189
590,192
590,195
589,197
587,198
584,199
582,198
579,198
577,198
575,197
573,196
573,194
573,192
end box9
573,182
573,180
574,178
575,177
577,177
579,176
580,176
582,176
584,177
586,178
587,179
588,181
588,184
588,186
587,189
585,190
583,191
581,190
579,190
577,190
575,189
573,187
573,185
573,183
end box10
557,189
557,187
558,185
560,183
562,183
569,183
571,184
573,186
574,188
574,191
574,194
573,196
571,197
568,197
561,197
559,196
558,195
557,193
557,191
end box11
754,213
754,210
754,207
754,201
756,194
761,185
767,183
772,190
775,198
775,205
776,209
776,213
775,216
775,219
774,222
774,229
773,240
768,247
759,248
755,237
756,225
756,220
755,218
754,216
end box12
764,212
764,210
764,206
764,200
766,192
771,183
777,181
782,190
784,199
785,205
785,209
785,212
785,215
784,218
783,221
785,230
784,241
779,247
769,247
764,241
765,225
766,219
765,217
764,215
end box13
391,79
392,74
394,67
397,63
402,60
409,58
415,59
420,60
425,64
430,67
433,73
435,78
434,84
433,90
430,96
427,101
422,106
415,108
409,107
402,105
398,100
395,94
392,89
392,84
end box14
563,158
567,158
569,158
569,159
570,164
570,166
569,167
567,167
565,168
564,167
563,166
562,165
end box15
630,187
631,186
632,186
634,186
635,187
636,188
637,189
637,196
636,197
634,198
633,199
631,198
629,197
628,196
end box16
625,187
626,185
628,183
629,183
632,182
634,183
636,184
637,185
638,187
638,196
637,199
635,200
632,200
629,200
627,199
626,197
end box17
398,105
400,103
425,103
428,105
429,119
427,122
400,121
399,118
end box18
675,177
676,177
677,177
678,177
679,177
680,178
680,179
681,180
681,181
681,182
681,184
680,185
679,186
677,186
676,186
675,185
674,184
end box19
640,145
643,145
644,145
645,146
646,147
647,148
646,149
646,151
646,152
645,153
644,154
642,154
641,154
640,153
639,152
end box20
623,181
623,179
624,177
625,176
627,174
628,173
631,173
633,173
635,174
637,176
638,178
638,180
638,183
638,185
637,188
636,189
634,191
631,191
628,191
626,190
625,188
623,186
623,184
623,182
end box21
628,176
629,175
630,175
631,175
632,176
634,176
635,177
635,179
635,182
635,184
633,184
632,185
630,186
629,185
628,184
626,183
626,182
end box22
634,163
635,163
636,164
636,165
636,167
636,169
635,170
634,170
631,170
630,170
629,169
end box23
706,206
707,205
708,205
710,205
711,206
711,207
711,216
710,217
709,218
707,217
705,216
end box24
642,159
646,159
647,160
647,161
648,162
648,164
648,166
647,167
646,167
644,168
643,167
642,167
end box25
687,191
688,190
689,189
690,189
691,189
692,190
693,191
693,192
694,197
693,198
692,199
690,200
689,199
688,198
end box26
642,159
646,159
647,160
647,161
648,162
648,164
648,166
647,167
646,167
644,168
643,167
642,167
end box27
687,175
688,175
689,175
690,175
691,176
691,176
692,181
691,182
690,183
689,184
688,184
687,182
end box28
end total29boxes
