654,178
655,176
657,175
658,174
667,174
670,174
672,176
673,178
674,181
673,184
672,187
668,187
659,187
656,187
654,186
653,183
653,181
end box0
560,175
561,175
564,174
565,175
566,175
566,176
567,177
567,178
567,179
567,181
566,182
564,182
563,182
562,182
561,182
560,181
559,180
end box1
539,178
539,176
541,174
542,173
544,172
546,172
549,172
551,172
553,173
555,175
556,177
556,180
556,183
555,185
553,186
550,187
548,186
545,186
543,186
541,185
540,184
539,182
539,180
end box2
524,178
524,176
525,174
526,173
528,173
533,173
535,173
536,174
538,176
539,177
540,180
540,182
539,185
536,185
534,185
528,185
525,185
524,184
523,182
523,180
end box3
578,173
579,172
580,172
581,172
582,172
583,172
584,173
585,174
585,175
585,176
585,177
585,179
584,180
583,180
581,181
580,180
579,180
578,179
577,178
end box4
555,177
556,175
557,173
558,172
560,172
567,172
569,173
570,174
572,176
572,179
572,182
571,184
568,185
566,184
559,184
557,184
555,183
555,181
555,179
end box5
442,180
442,179
444,177
445,176
447,175
454,175
457,176
458,178
459,180
460,183
460,186
459,189
456,189
453,189
446,189
443,189
442,188
441,185
441,183
end box6
544,175
545,174
546,173
547,173
548,173
549,174
550,175
551,176
551,177
551,178
551,180
551,181
550,182
549,183
547,183
546,183
545,182
544,181
543,180
end box7
657,176
658,175
658,174
659,173
665,173
666,173
667,174
668,176
668,177
668,179
668,181
666,182
659,182
658,181
657,180
657,178
end box8
691,178
691,178
695,177
696,178
697,179
697,180
697,181
697,182
697,184
696,185
694,185
693,185
692,185
691,185
690,184
689,183
end box9
591,175
591,175
592,174
593,174
594,174
595,175
595,175
596,176
596,177
596,178
596,179
596,180
595,181
594,182
593,182
592,182
591,181
590,180
end box10
574,177
574,175
575,174
576,172
578,172
583,171
585,172
587,172
588,174
589,176
590,179
590,181
589,184
586,185
584,185
579,185
577,185
575,184
574,183
573,181
573,178
end box11
508,178
508,176
510,175
511,174
512,173
518,174
520,174
522,176
523,177
523,180
523,182
522,184
520,185
517,185
512,185
510,185
508,183
507,181
507,179
end box12
609,142
609,142
614,141
615,142
616,143
617,144
617,147
616,148
615,149
614,150
610,149
609,148
608,147
end box13
663,125
664,124
665,124
666,124
667,125
668,125
668,126
668,130
667,131
666,132
665,132
664,132
663,131
662,130
end box14
612,161
613,160
615,160
616,161
616,161
617,162
617,163
617,165
617,166
616,167
615,168
614,168
613,168
612,167
612,166
end box15
705,148
707,146
724,145
726,147
727,157
726,160
707,161
705,159
704,156
end box16
658,157
658,157
660,157
661,157
662,158
662,162
661,163
660,164
659,164
658,163
657,163
end box17
621,176
622,175
623,175
625,175
626,175
627,176
627,177
628,182
627,183
626,184
624,184
623,184
622,183
621,182
end box18
612,113
618,113
619,113
619,115
619,120
618,122
617,122
614,122
612,121
612,120
end box19
624,159
625,159
626,159
627,159
627,159
628,159
629,160
629,161
629,162
629,163
629,164
628,165
627,166
626,166
625,166
624,165
end box20
606,139
607,138
609,137
616,137
618,138
619,140
619,149
617,151
615,152
613,152
608,152
607,150
606,148
end box21
693,99
694,98
695,98
696,98
697,99
698,100
698,105
698,107
697,108
695,108
694,108
693,107
end box22
end total23boxes
