437,186
439,179
445,174
452,173
478,173
485,175
491,180
496,186
499,195
497,202
489,206
480,207
473,207
452,206
444,205
437,201
436,193
end box0
210,203
227,184
252,179
272,178
286,178
305,178
315,180
327,180
342,183
363,190
388,205
395,229
387,243
356,251
332,251
248,250
220,241
211,227
end box1
523,176
523,174
524,172
526,170
528,170
537,171
539,172
541,174
542,176
543,179
543,182
542,186
539,186
535,186
528,186
525,186
523,184
523,181
523,179
end box2
725,231
747,205
776,184
799,172
823,170
847,175
867,178
889,175
914,177
943,182
969,203
987,231
996,269
990,300
964,322
927,325
891,315
867,309
848,309
823,317
787,327
751,321
723,301
718,269
end box3
14,211
38,181
66,165
103,165
128,165
146,168
162,173
178,174
196,176
224,179
253,193
284,217
297,254
286,276
242,287
209,294
185,294
67,291
26,275
16,250
end box4
538,176
538,174
539,172
541,170
543,170
550,171
552,172
554,173
555,175
555,178
555,181
554,183
552,184
549,184
547,184
542,184
540,183
539,182
538,180
538,177
end box5
574,173
574,172
575,171
575,170
576,170
580,170
582,170
582,171
583,173
583,174
583,176
583,178
581,178
580,179
578,179
577,179
575,179
574,178
573,177
574,175
573,174
end box6
639,191
642,187
646,184
649,182
653,182
668,182
672,183
676,187
680,191
680,197
681,203
677,207
670,208
664,207
652,207
647,207
641,207
638,202
638,196
end box7
545,173
546,173
550,173
551,174
552,175
553,176
553,177
553,179
553,181
551,181
550,182
548,182
547,182
545,182
544,181
544,180
end box8
499,178
500,174
501,171
504,169
508,169
517,169
520,169
523,172
526,174
528,178
529,182
529,186
526,190
523,192
518,192
514,191
501,188
500,185
499,181
end box9
740,205
740,205
741,204
742,204
743,204
744,205
744,205
745,206
745,207
745,208
745,209
745,210
744,211
743,212
742,212
741,212
740,211
739,210
739,209
end box10
678,157
679,157
680,157
681,156
682,157
683,158
684,159
684,164
683,165
682,166
680,166
679,166
678,165
677,164
end box11
end total12boxes
