546,205
547,199
553,190
558,184
566,183
575,184
582,183
591,183
600,184
605,189
610,199
612,205
613,215
612,225
610,235
603,238
590,235
566,237
553,239
548,236
546,225
547,215
end box0
260,206
265,198
271,190
280,187
290,187
297,187
304,186
311,187
319,188
326,192
337,199
344,206
346,219
345,231
338,237
322,237
312,236
304,235
297,235
290,235
281,235
268,235
262,228
260,218
end box1
72,229
88,209
111,197
133,194
149,193
164,194
176,192
189,194
204,196
221,202
241,213
265,231
272,256
265,275
236,283
207,285
190,284
176,282
150,283
134,282
105,283
80,273
74,255
end box2
444,202
445,197
451,191
455,186
461,186
468,185
473,185
479,186
487,187
490,191
496,198
499,202
500,211
499,219
497,227
490,229
460,227
450,230
445,227
444,218
444,210
end box3
343,194
344,189
349,185
354,183
359,183
364,182
368,182
372,183
377,183
382,185
386,190
390,194
392,202
392,209
388,214
381,215
373,214
358,215
350,215
345,213
342,208
342,201
end box4
226,190
226,181
230,174
238,172
272,173
280,175
285,181
288,190
289,198
288,207
282,212
272,214
265,216
259,216
253,216
247,214
240,213
232,211
227,205
226,198
end box5
2,241
5,223
18,219
36,222
49,226
59,236
68,243
73,253
74,261
76,272
78,281
79,291
77,303
73,316
64,328
52,336
35,337
19,335
9,326
7,307
end box6
507,188
507,186
508,185
510,184
519,184
521,184
523,186
525,188
525,191
525,194
523,196
520,197
518,196
512,196
509,196
507,195
506,193
506,191
end box7
7,200
6,178
15,170
30,172
43,187
51,194
59,199
64,207
66,215
68,223
70,231
69,240
70,252
67,267
58,274
45,275
31,279
19,275
11,266
end box8
499,189
501,186
504,184
506,183
509,183
519,183
521,184
525,186
527,189
528,193
528,197
524,199
520,200
516,199
506,198
502,198
499,196
499,192
end box9
331,191
331,189
333,187
335,187
337,187
338,187
340,187
342,188
343,189
345,191
346,192
347,195
347,197
346,200
344,202
341,202
339,202
end box10
337,192
338,188
340,185
343,183
347,183
350,183
356,183
360,183
364,185
367,187
368,191
368,196
368,200
365,204
361,205
356,205
353,205
350,205
346,205
343,204
339,203
337,200
337,196
end box11
512,189
512,188
512,188
517,187
518,188
519,189
519,190
519,191
519,192
519,194
518,195
516,195
515,195
514,195
513,194
512,194
511,193
end box12
491,184
492,182
493,180
494,179
496,179
503,178
505,179
507,181
507,183
508,186
508,188
507,191
504,192
502,193
500,192
497,192
495,192
493,191
492,190
491,188
491,186
end box13
433,187
434,185
435,183
436,183
438,183
439,185
439,187
439,188
440,189
440,190
439,191
440,193
439,195
438,197
437,199
435,197
434,195
end box14
408,192
409,190
410,189
411,188
413,189
413,191
414,192
414,193
414,194
414,195
414,196
414,197
414,199
413,201
412,203
410,202
409,199
408,197
end box15
516,174
517,174
517,175
518,176
518,177
518,178
518,180
517,181
515,181
513,181
512,180
511,180
end box16
559,171
560,172
560,173
561,178
560,179
558,179
556,179
555,179
554,178
end box17
350,172
351,172
351,173
351,174
351,176
351,178
350,178
349,179
347,179
346,178
345,177
end box18
end total19boxes
