184,206
211,191
232,186
248,185
258,185
266,185
273,185
281,186
290,186
305,187
329,191
356,206
362,227
350,238
317,244
294,241
244,242
222,244
188,239
179,228
end box0
457,178
457,176
459,174
461,173
470,173
473,174
475,176
476,178
477,181
477,184
476,187
472,188
469,187
462,187
459,187
457,186
457,183
456,181
end box1
824,186
844,171
864,165
882,164
892,164
901,164
910,163
918,165
928,165
945,166
966,171
985,187
988,207
979,219
951,227
876,229
857,229
829,220
821,208
end box2
479,174
480,173
481,173
483,173
484,173
485,174
485,175
486,176
486,177
486,178
486,180
485,181
483,181
482,181
481,181
480,181
479,180
478,179
end box3
495,175
495,174
496,174
497,174
498,174
499,174
500,175
500,176
501,177
501,178
501,179
501,181
500,182
499,182
497,183
496,182
495,182
494,181
494,180
end box4
474,176
475,174
476,172
477,171
479,171
486,171
488,172
489,173
491,175
491,178
491,181
490,183
487,184
485,184
478,184
476,183
474,182
474,180
474,178
end box5
363,178
368,171
377,167
385,166
412,165
420,166
428,171
436,179
439,189
437,197
425,201
414,202
407,201
390,202
383,202
373,200
362,197
362,188
end box6
491,178
491,176
492,175
493,173
495,173
497,172
498,172
500,172
502,173
504,174
505,175
506,177
506,180
506,182
505,185
503,186
501,186
499,186
496,186
494,186
492,185
491,184
490,181
491,179
end box7
464,175
465,175
469,175
470,175
471,177
472,178
472,179
472,181
472,183
471,184
469,184
467,184
466,184
464,184
463,183
462,182
end box8
739,52
742,51
758,63
759,68
757,72
757,78
742,82
726,71
725,67
end box9
50,211
51,209
52,208
53,206
54,206
56,205
57,205
59,205
61,206
63,207
64,208
65,210
65,213
65,215
64,217
62,219
60,220
58,220
55,220
53,219
52,218
51,216
50,214
50,212
end box10
785,215
787,208
792,204
798,202
804,203
807,211
812,254
809,260
799,256
790,256
782,259
782,246
end box11
53,209
53,208
54,207
55,207
56,206
57,206
58,206
60,206
61,207
62,208
63,210
63,211
62,213
62,215
61,216
59,216
57,217
56,217
54,216
53,215
52,214
53,212
end box12
757,142
761,142
762,143
763,144
763,149
762,150
761,151
759,151
758,151
757,151
end box13
757,123
758,120
760,120
763,119
765,120
767,121
768,123
768,126
768,131
768,134
767,136
766,139
763,140
760,139
758,138
757,135
end box14
560,172
561,171
562,170
564,170
565,171
566,172
567,173
567,174
567,175
567,176
567,178
566,179
565,180
563,180
562,180
561,179
560,178
end box15
735,79
736,77
751,77
752,79
752,81
752,84
752,87
752,89
744,92
735,88
end box16
629,159
633,159
634,159
635,166
634,168
633,168
630,168
628,168
end box17
543,174
544,173
545,173
547,173
548,173
549,174
549,175
550,176
550,177
550,178
550,180
549,181
547,181
546,181
545,181
544,181
543,180
end box18
513,158
513,158
515,158
515,158
516,158
517,159
517,160
517,161
517,162
517,163
516,164
515,165
514,165
513,164
512,164
end box19
529,172
529,172
530,171
532,171
533,171
534,172
534,173
535,174
535,175
535,176
535,178
534,179
532,179
531,179
530,179
529,179
528,178
end box20
766,75
767,72
769,71
772,71
774,72
776,74
777,76
776,79
777,81
776,84
777,86
776,89
775,92
772,93
769,94
766,92
end box21
390,99
391,96
394,96
400,96
402,97
402,116
401,118
394,118
391,118
end box22
33,165
34,164
34,161
34,158
36,155
39,154
43,151
47,151
49,154
50,181
49,185
43,184
39,182
36,179
34,175
34,171
34,169
34,167
end box23
804,140
805,140
808,140
809,140
809,141
809,150
808,151
806,151
805,151
803,150
end box24
733,100
734,94
738,92
743,90
748,91
750,97
750,124
749,131
743,132
738,131
734,127
734,120
end box25
806,109
807,108
810,108
811,109
812,119
810,120
808,121
807,120
805,119
end box26
end total27boxes
