345,193
346,187
349,181
354,178
360,178
365,179
370,179
375,179
381,179
386,181
389,187
392,193
393,199
392,206
389,211
382,213
376,213
370,212
365,212
359,214
353,213
347,211
345,205
345,199
end box0
587,179
587,177
588,176
590,174
592,174
597,174
600,174
602,175
603,177
604,179
604,182
604,185
604,188
601,188
598,188
591,189
588,188
587,187
586,184
586,182
end box1
459,189
459,187
460,186
462,184
463,184
470,183
472,184
474,185
475,187
477,189
477,192
477,195
476,198
473,199
470,199
465,199
462,200
460,199
458,197
458,194
458,192
end box2
590,189
590,187
591,185
592,184
594,183
601,184
603,185
604,186
605,188
606,191
606,193
605,196
603,197
600,196
593,197
591,196
589,195
589,193
589,190
end box3
341,207
343,204
345,201
348,198
351,198
360,198
364,198
367,200
370,203
371,206
372,211
372,216
371,220
366,221
361,220
354,220
350,221
345,221
342,219
341,215
341,211
end box4
108,197
109,195
110,194
123,194
125,195
127,197
128,200
127,203
126,205
123,206
111,206
108,205
107,202
107,200
end box5
577,173
577,173
578,172
580,172
581,173
581,173
582,174
582,175
582,176
582,177
582,178
581,179
580,180
579,180
578,180
577,179
576,178
end box6
555,191
555,189
556,188
557,186
558,185
560,184
562,184
563,184
565,186
566,187
567,189
568,191
568,192
568,194
567,197
566,198
564,200
562,200
559,200
557,199
556,197
555,196
555,194
555,192
end box7
560,176
560,176
564,176
565,176
565,177
566,178
566,179
566,180
566,182
565,183
563,183
562,183
561,183
560,182
559,182
559,181
end box8
523,190
523,188
524,186
525,185
527,184
529,184
533,183
535,184
536,185
537,187
538,189
538,192
538,194
538,197
536,198
533,199
528,199
526,199
524,198
522,196
522,194
522,191
end box9
554,180
555,178
556,176
557,175
559,175
564,174
566,175
568,176
569,177
570,179
571,182
571,184
570,187
567,188
565,188
563,188
561,188
559,187
557,187
555,186
554,184
554,181
end box10
541,189
541,187
542,185
543,184
545,184
547,183
548,183
550,183
552,184
554,185
555,187
556,188
556,191
556,193
556,196
554,197
551,197
549,197
546,197
544,197
542,196
541,195
541,192
540,190
end box11
557,189
558,188
559,187
560,187
561,187
562,188
563,189
563,190
564,192
564,193
564,195
563,196
562,197
560,198
559,197
558,196
557,195
end box12
539,179
540,177
541,175
542,174
544,173
546,173
549,173
551,173
553,174
554,176
555,178
556,181
556,183
555,186
553,187
550,188
545,187
543,187
541,187
539,185
539,183
539,181
end box13
515,189
517,186
520,184
522,182
525,182
532,182
536,182
538,183
542,186
543,189
544,193
544,197
542,201
537,201
533,200
524,201
520,201
517,200
515,196
515,193
end box14
534,189
535,186
539,184
541,182
544,182
551,182
555,182
557,183
561,185
563,188
564,193
564,197
561,201
556,201
552,200
543,200
539,200
536,200
533,196
533,193
end box15
506,190
507,188
508,187
509,186
510,185
512,184
513,184
515,184
517,185
519,186
519,188
520,190
521,192
520,194
520,196
518,198
516,198
514,198
511,198
509,198
508,197
506,195
506,193
506,191
end box16
267,189
267,188
268,188
269,187
270,187
271,188
272,189
272,190
272,191
272,192
272,193
272,194
272,196
271,197
269,198
268,197
267,196
266,194
end box17
499,171
500,171
501,172
501,173
501,174
501,175
501,176
500,177
499,178
498,178
497,177
496,177
496,176
end box18
515,175
516,176
517,177
517,178
517,179
517,180
517,182
516,183
515,183
513,184
512,183
511,183
510,182
509,181
end box19
468,171
469,171
469,172
470,173
470,174
470,175
470,177
469,178
467,178
466,178
465,178
464,178
463,177
end box20
513,158
514,158
516,158
517,158
517,158
518,159
518,160
518,161
518,162
518,163
517,164
516,165
515,165
514,165
513,164
513,163
end box21
547,162
548,162
549,163
550,164
550,165
550,166
549,168
549,168
547,169
545,168
544,168
543,167
end box22
534,173
535,174
536,175
536,176
536,177
536,178
536,180
535,181
534,181
532,181
531,181
530,181
529,180
528,179
end box23
532,161
533,161
534,162
534,163
534,164
534,165
534,166
533,167
532,168
531,168
530,167
529,167
end box24
560,161
562,161
563,162
563,162
564,163
564,164
564,165
564,166
563,167
562,167
561,167
560,167
559,167
end box25
477,189
478,188
478,187
479,187
480,187
481,187
482,187
483,188
483,189
484,190
484,191
483,192
483,194
483,195
481,195
480,195
479,195
478,194
477,194
477,193
end box26
596,143
597,143
597,144
598,145
598,146
598,147
597,149
597,149
595,150
594,150
593,150
592,149
591,149
end box27
316,174
321,173
322,174
322,175
323,176
323,178
323,180
322,181
321,181
319,182
318,181
317,181
316,180
end box28
626,176
627,176
628,176
629,176
630,176
631,177
631,178
632,179
632,180
632,181
632,183
631,184
630,184
628,185
627,185
626,184
625,183
end box29
414,181
415,180
416,179
417,179
418,179
419,180
420,181
420,182
421,183
421,184
421,185
421,187
420,188
419,189
417,190
416,189
415,188
414,187
end box30
497,165
497,165
498,165
499,165
499,165
500,166
500,166
501,167
501,168
501,169
501,170
500,171
499,172
498,172
497,171
496,171
end box31
448,158
451,157
452,158
453,158
453,159
454,160
453,162
453,164
453,165
451,165
450,165
449,165
448,164
447,163
end box32
463,163
466,163
467,163
467,163
468,164
468,165
468,166
468,167
468,168
468,169
466,170
465,170
464,170
463,169
end box33
322,162
323,163
323,165
323,168
323,170
322,171
320,171
315,171
end box34
270,156
271,155
274,155
275,156
276,157
277,165
276,166
274,167
273,168
271,167
269,166
end box35
623,157
624,156
626,156
627,157
627,157
628,158
628,162
627,163
626,164
625,164
624,164
623,163
end box36
383,175
384,174
386,174
387,175
387,175
388,176
388,180
387,181
386,182
385,182
384,182
383,181
end box37
484,174
485,174
485,175
486,176
486,177
486,178
486,180
485,181
483,181
482,181
481,181
480,180
479,180
end box38
513,158
514,158
516,158
517,158
517,158
518,159
518,160
518,161
518,162
518,163
517,164
516,165
515,165
514,165
513,164
513,163
end box39
523,148
523,148
524,148
525,148
525,148
526,148
527,153
526,154
525,155
524,155
523,155
522,154
end box40
411,140
412,140
413,140
414,140
415,140
416,141
416,142
417,143
416,145
416,147
416,148
415,149
413,149
412,149
411,148
end box41
594,161
595,161
597,161
598,161
599,162
599,163
599,165
599,166
598,167
597,168
596,168
595,167
594,167
end box42
end total43boxes
