375,223
382,214
391,201
397,193
409,192
421,193
432,191
443,192
455,194
465,200
477,212
482,221
480,237
479,253
475,265
458,266
442,264
431,263
422,262
411,262
396,265
378,265
375,253
374,238
end box0
587,191
588,188
592,183
595,179
599,179
604,179
609,179
613,179
619,179
622,182
625,188
627,191
628,198
628,204
627,210
622,212
614,210
599,211
591,213
587,210
587,203
587,197
end box1
539,188
540,185
543,182
544,179
547,178
558,178
562,178
564,181
567,184
568,187
568,192
568,196
567,202
564,203
558,201
546,202
542,202
539,200
539,195
539,191
end box2
573,177
573,175
574,174
576,173
578,172
586,172
587,173
589,175
590,177
590,180
590,183
589,186
587,186
577,186
575,186
573,184
572,182
573,180
end box3
306,185
309,182
312,179
315,177
319,177
332,177
336,178
340,181
343,185
344,191
343,196
340,199
333,200
329,199
318,200
314,199
309,199
306,195
305,190
end box4
567,176
568,173
570,171
572,169
574,168
586,168
588,170
591,173
592,176
592,179
592,183
590,187
587,188
583,188
574,188
571,187
568,186
566,182
566,179
end box5
479,178
484,177
485,178
486,179
487,180
487,181
487,183
487,185
485,185
484,185
481,185
480,185
479,184
478,183
478,182
end box6
580,176
585,176
586,176
586,177
587,178
587,179
587,180
587,182
586,183
584,183
583,183
582,183
581,183
580,182
579,181
end box7
540,189
540,187
542,185
543,183
545,183
555,183
557,184
558,187
560,189
560,192
560,195
559,199
556,200
553,200
544,200
541,200
539,198
539,195
539,192
end box8
557,180
557,178
558,177
560,176
569,175
571,176
573,178
575,180
575,183
575,186
573,188
571,189
568,189
559,188
557,187
556,185
556,183
end box9
473,182
474,180
475,178
477,177
485,177
487,178
489,179
490,181
490,184
490,187
489,189
486,189
477,189
475,189
473,188
472,186
472,184
end box10
940,163
943,160
946,158
949,157
962,157
964,158
969,160
972,163
973,167
972,171
968,174
963,174
959,174
952,174
948,173
944,173
940,171
940,167
end box11
586,179
586,177
587,176
589,174
590,174
595,173
597,174
599,175
600,176
601,178
601,181
601,183
600,185
598,186
589,187
587,186
586,185
585,182
586,180
end box12
590,174
590,173
591,173
593,173
594,173
595,174
595,175
596,176
596,177
596,178
596,180
595,181
593,181
592,181
591,181
590,181
589,180
end box13
561,176
566,175
567,176
568,177
568,178
568,179
568,181
568,182
567,183
566,183
563,183
562,183
561,182
end box14
494,175
495,175
497,175
498,175
499,176
499,177
499,178
499,179
499,181
498,181
497,181
496,182
495,181
494,181
493,180
493,180
end box15
569,191
569,189
570,188
571,186
573,185
583,185
585,186
586,189
587,191
587,194
586,197
586,200
584,201
572,202
569,201
568,199
568,196
568,194
end box16
606,179
607,177
608,175
609,174
611,174
613,173
616,173
618,174
620,175
621,176
623,178
623,181
623,184
622,186
620,188
617,188
608,186
606,185
606,183
605,181
end box17
676,163
676,162
677,160
678,160
679,160
680,162
681,163
681,164
681,165
681,166
681,167
681,168
681,170
680,172
679,174
677,172
676,170
676,168
end box18
661,162
661,162
662,161
663,161
664,161
665,162
665,162
665,163
666,164
666,165
666,166
666,167
665,168
664,169
663,170
662,169
661,168
661,167
end box19
679,170
679,169
680,168
681,167
682,167
683,169
684,170
684,171
684,172
684,173
684,174
684,175
684,177
683,179
682,180
680,179
679,177
679,175
end box20
824,165
824,164
825,162
826,162
828,162
828,164
829,165
829,166
830,167
830,168
830,169
830,171
829,172
828,174
827,176
825,175
824,172
823,171
end box21
691,164
691,163
692,162
693,161
694,162
695,163
695,164
695,165
696,166
696,167
696,168
696,169
695,170
695,172
693,174
692,173
691,170
end box22
986,159
986,158
987,157
988,157
989,157
990,158
991,159
991,160
991,161
991,162
991,163
991,164
991,166
990,167
988,168
987,167
986,166
985,164
end box23
1002,159
1002,159
1003,158
1004,157
1005,158
1006,158
1006,159
1007,160
1007,161
1007,162
1007,163
1007,164
1006,165
1005,166
1004,167
1003,167
1002,165
1002,164
end box24
761,100
764,100
779,116
779,128
764,133
750,130
748,127
748,116
end box25
567,158
568,158
568,159
569,160
569,162
569,164
568,165
566,165
564,165
563,165
562,164
end box26
625,159
626,158
634,156
635,157
636,159
636,160
635,162
635,164
634,165
626,164
625,163
625,161
end box27
754,218
755,214
758,211
762,210
765,211
767,215
767,236
766,241
762,243
757,241
754,239
753,234
end box28
721,162
721,161
722,161
723,161
724,161
725,161
726,162
726,163
727,164
726,165
726,166
726,168
726,169
725,169
723,170
722,170
721,169
720,168
end box29
404,161
405,161
406,161
407,161
408,161
409,162
410,163
410,164
410,165
410,166
410,168
409,169
408,169
406,170
405,169
404,169
403,168
403,167
end box30
524,159
525,159
527,159
528,159
528,159
529,160
529,161
529,163
529,164
528,165
527,166
526,166
525,166
524,165
end box31
722,170
723,170
724,170
725,170
726,170
727,171
727,172
728,173
727,174
727,175
727,177
727,178
725,178
724,179
723,178
722,178
721,177
end box32
408,161
409,160
410,160
411,160
412,161
413,161
413,162
413,163
413,164
413,165
413,166
412,167
411,168
410,168
409,168
408,167
407,166
end box33
622,159
622,157
624,155
626,154
638,155
640,157
641,159
641,162
641,165
640,167
637,168
625,168
623,166
622,164
622,162
end box34
708,171
708,170
709,170
710,169
711,169
712,170
713,171
713,172
713,173
713,174
713,175
713,176
713,178
712,179
710,179
709,179
708,178
707,176
707,175
end box35
753,194
754,193
765,193
767,193
769,196
769,207
766,208
755,208
753,208
752,206
end box36
709,163
709,163
710,162
711,162
712,162
713,163
713,163
714,164
714,165
714,166
714,167
714,168
713,169
712,170
711,171
710,171
709,169
709,168
end box37
500,139
504,139
505,140
505,141
506,142
506,144
506,146
505,147
504,147
502,147
501,147
500,147
499,146
end box38
565,149
566,150
567,151
567,152
567,154
566,155
565,156
end box39
1081,155
1081,155
1084,154
1085,155
1086,155
1086,156
1087,157
1086,158
1086,159
1086,160
1086,161
1084,162
1083,162
1082,162
1081,161
1080,161
end box40
516,159
517,158
518,158
519,158
520,159
520,159
521,164
520,165
519,166
518,166
517,166
516,165
end box41
524,159
525,159
527,159
528,159
528,159
529,160
529,161
529,163
529,164
528,165
527,166
526,166
525,166
524,165
end box42
end total43boxes
