111,221
130,212
141,205
151,201
159,200
174,199
182,200
191,200
207,201
227,204
237,219
236,236
229,248
210,253
191,252
149,252
131,253
111,248
106,237
end box0
598,188
600,186
603,182
605,179
608,179
622,179
625,182
628,185
630,188
630,193
630,198
629,203
625,204
607,203
603,204
599,202
598,197
598,193
end box1
380,196
382,192
385,189
388,188
391,187
400,187
404,187
407,189
411,192
413,195
414,200
414,205
411,209
405,210
401,210
397,210
390,210
386,209
381,208
379,205
379,200
end box2
672,177
673,175
674,173
675,172
677,172
685,171
687,172
688,174
689,176
689,179
689,182
688,184
686,185
676,186
673,185
672,184
671,181
672,179
end box3
659,174
659,174
660,173
661,173
662,173
663,174
664,174
664,175
665,176
665,177
665,178
665,180
664,180
662,181
661,181
660,181
659,180
658,180
658,179
end box4
516,181
517,178
519,175
522,174
525,174
535,174
538,175
541,178
543,181
544,185
544,189
541,192
537,193
533,193
524,193
521,192
517,191
515,188
515,184
end box5
675,175
675,175
676,174
680,174
681,175
682,176
682,177
682,178
682,180
682,181
681,182
680,182
678,183
677,182
676,182
675,181
674,180
end box6
626,173
626,173
630,173
630,173
631,174
632,175
632,176
632,177
632,179
630,179
629,179
627,179
626,179
625,178
end box7
544,175
545,171
548,168
550,166
567,166
570,168
573,171
575,175
576,179
575,184
573,187
568,189
564,188
553,188
549,188
546,186
543,183
543,179
end box8
522,182
522,180
524,178
525,177
527,177
534,177
536,177
538,179
539,181
540,184
540,187
538,189
536,190
533,190
526,190
524,190
522,188
521,186
521,184
end box9
654,176
655,174
656,173
657,172
658,171
660,171
663,171
665,171
666,172
668,174
668,176
669,178
669,180
668,182
666,183
663,183
661,183
660,183
658,183
656,183
654,181
654,179
654,177
end box10
598,181
601,178
604,176
607,175
620,175
623,176
627,178
630,180
631,185
630,189
626,192
622,192
606,192
602,191
599,188
598,185
end box11
609,157
613,157
614,157
614,158
614,159
614,161
614,162
614,163
612,164
611,164
610,164
609,163
608,162
end box12
611,141
615,141
616,142
617,143
617,148
616,149
615,150
612,150
611,149
610,148
end box13
589,188
590,188
591,187
593,187
595,188
596,188
596,190
596,195
595,196
594,197
592,197
591,197
589,197
588,196
end box14
501,160
502,161
503,162
503,163
503,164
503,165
503,167
502,168
501,168
499,169
498,168
497,168
496,167
end box15
612,131
618,131
619,131
619,132
619,138
619,140
617,140
614,140
612,139
612,138
end box16
722,155
725,155
726,155
727,156
727,157
728,162
727,163
725,163
724,163
723,163
722,163
end box17
543,158
544,157
547,157
548,158
548,159
548,163
548,165
546,165
545,166
544,165
543,165
end box18
560,146
561,147
562,148
563,149
563,150
563,152
562,153
561,155
560,155
558,155
557,155
556,154
555,153
end box19
577,174
578,174
579,173
581,173
582,174
583,175
584,176
585,177
584,178
584,180
584,181
583,182
582,183
580,183
579,183
578,182
577,181
end box20
551,147
552,148
553,149
553,150
553,153
553,154
552,155
551,156
548,156
547,155
end box21
508,140
509,139
510,139
511,139
512,140
513,141
513,148
512,149
510,150
509,149
508,149
end box22
end total23boxes
