396,178
398,175
400,172
403,170
407,170
420,170
423,172
426,175
428,178
429,183
429,188
427,193
422,194
401,193
397,192
396,187
396,183
end box0
425,165
426,163
427,162
428,160
429,160
436,160
438,161
439,163
439,164
440,167
440,169
439,171
437,172
435,173
432,172
431,173
428,173
427,172
425,170
425,168
425,166
end box1
510,158
511,157
512,157
513,157
514,158
514,158
515,159
515,160
515,161
515,162
515,163
514,164
513,165
512,165
511,165
510,164
509,163
end box2
495,147
496,146
497,146
498,146
499,146
500,147
500,148
500,152
500,154
499,154
497,155
496,154
495,153
end box3
497,157
500,157
501,158
501,159
502,164
501,165
499,165
498,166
497,165
496,165
495,164
end box4
end total5boxes
