104,186
128,166
154,159
176,159
189,158
200,159
209,158
219,161
231,161
250,163
275,169
302,187
307,211
296,225
259,232
234,230
149,233
116,225
104,211
end box0
291,182
293,175
299,172
307,173
313,173
318,173
323,175
329,176
334,179
337,184
341,190
342,196
342,204
340,211
333,214
325,214
319,214
313,213
308,212
301,211
297,207
end box1
467,180
468,177
470,174
473,172
476,172
479,172
484,172
488,172
492,173
494,176
496,180
496,184
496,188
493,191
489,192
485,192
482,192
479,192
476,192
472,192
469,191
467,187
467,184
end box2
39,214
54,190
71,175
94,170
115,170
131,174
145,177
159,177
176,177
196,183
216,196
236,217
247,244
242,265
215,278
187,286
165,284
147,280
130,281
113,284
93,283
68,277
46,260
39,240
end box3
378,175
378,173
379,172
380,171
381,170
383,169
384,169
386,170
388,170
389,171
390,173
391,175
392,177
391,179
391,181
389,182
387,183
384,183
383,182
381,183
379,182
378,180
377,178
377,176
end box4
459,178
460,176
461,174
462,173
464,173
471,172
474,173
475,175
476,177
475,180
475,182
474,184
472,185
467,186
465,186
463,186
461,186
459,184
459,182
459,180
end box5
394,175
394,173
396,172
397,171
398,170
403,170
404,170
406,171
408,173
409,174
409,177
409,179
408,181
406,182
403,182
398,182
395,182
394,181
393,179
393,176
end box6
363,143
367,143
368,144
369,145
369,150
368,151
367,152
365,152
364,152
363,151
362,150
end box7
363,159
364,159
365,158
366,158
367,159
367,159
368,160
368,161
368,162
368,163
368,164
367,165
366,166
365,166
364,166
363,165
362,164
end box8
501,146
502,146
504,145
505,146
506,147
506,154
505,155
503,155
502,155
501,154
end box9
end total10boxes
