481,191
482,188
485,184
487,182
491,182
494,182
497,182
500,182
504,182
506,184
510,187
512,190
512,195
512,200
511,204
506,205
501,204
490,204
485,205
482,203
480,199
480,195
end box0
508,180
508,178
509,176
510,175
512,174
514,174
515,173
517,174
519,175
521,176
522,178
522,179
523,182
523,184
522,186
520,188
518,189
516,189
513,188
512,188
510,186
509,185
508,183
508,181
end box1
509,187
509,185
510,184
512,183
514,183
515,183
517,183
519,184
520,185
521,187
522,189
522,191
522,193
522,195
520,197
518,197
516,197
514,197
512,196
510,195
509,194
end box2
378,176
383,175
384,176
385,177
386,178
386,179
386,181
386,182
384,183
383,183
381,184
380,183
379,183
378,182
377,181
end box3
431,163
431,162
432,162
432,162
433,162
434,163
434,163
434,164
435,165
434,166
434,167
434,168
433,168
432,168
431,168
430,167
end box4
517,162
518,163
519,164
519,165
519,166
519,167
519,169
518,170
517,170
515,171
514,170
513,170
512,169
end box5
512,176
512,175
513,175
514,175
515,175
516,175
517,176
517,177
518,178
518,179
518,180
518,182
517,183
516,183
514,184
513,183
512,183
511,182
end box6
527,176
527,176
528,175
529,175
530,175
531,176
531,176
532,177
532,178
532,179
532,180
532,181
531,182
530,183
529,183
528,183
527,182
527,181
end box7
527,162
531,162
531,162
532,163
533,164
533,165
532,166
532,167
531,168
530,169
529,169
528,169
527,168
526,167
end box8
559,162
560,162
563,161
564,162
565,163
566,164
566,169
565,170
564,171
562,171
561,171
560,170
559,169
end box9
end total10boxes
