570,193
571,188
576,183
580,180
586,180
601,180
607,180
611,182
615,189
618,193
619,200
619,207
615,214
610,215
585,214
577,216
572,213
570,207
570,200
end box0
519,195
519,191
520,186
523,184
528,183
539,184
543,184
546,187
549,190
550,194
550,199
551,204
549,209
546,212
540,212
536,211
532,210
528,210
524,208
521,206
end box1
394,240
393,233
395,226
400,222
409,223
415,222
420,223
426,224
432,225
437,229
440,235
443,240
444,247
443,254
441,261
434,264
427,266
421,266
415,266
409,263
404,261
399,257
397,252
396,246
end box2
424,193
424,191
425,189
426,188
428,187
430,186
431,186
433,187
435,187
437,189
438,191
438,192
439,195
439,197
438,200
437,201
434,202
432,202
429,201
427,201
425,200
424,198
424,196
424,194
end box3
401,194
402,190
403,186
407,185
420,185
423,186
427,187
430,190
432,193
433,198
432,203
430,206
425,208
421,208
417,208
402,201
402,197
end box4
721,108
726,107
752,142
752,152
700,156
695,153
696,141
end box5
703,158
705,154
741,154
745,156
744,177
742,181
704,181
703,176
end box6
614,172
618,172
619,173
620,174
620,179
619,180
618,181
615,181
614,180
end box7
575,174
576,173
577,174
578,174
579,174
580,175
581,176
581,177
581,178
581,179
581,181
580,182
579,183
577,183
576,183
575,182
574,181
end box8
561,174
564,173
565,174
566,175
567,176
568,177
568,178
568,180
568,181
566,183
565,183
563,183
562,183
561,182
560,181
end box9
557,157
560,156
562,156
563,157
563,158
564,160
564,163
564,165
563,166
561,167
559,167
558,167
556,166
555,165
end box10
619,164
620,165
621,166
621,167
621,170
621,171
620,172
619,173
617,173
616,173
615,172
614,171
end box11
556,177
557,175
559,173
561,173
567,172
569,173
571,174
572,176
573,178
573,181
573,183
572,186
570,188
568,189
565,189
562,188
560,188
558,187
557,185
556,181
end box12
547,148
548,148
549,147
550,147
551,147
553,148
554,148
554,149
555,151
555,154
555,155
554,157
552,157
550,158
549,157
547,157
546,156
end box13
412,163
413,164
414,165
414,166
414,168
414,170
413,171
412,171
410,171
409,171
408,171
407,170
end box14
630,133
631,133
633,133
634,133
634,133
634,139
633,140
632,140
631,140
630,139
end box15
439,154
442,143
442,127
447,114
463,115
504,115
521,114
528,125
532,140
533,153
530,167
530,181
528,199
521,207
505,207
490,206
477,205
463,206
447,207
441,197
439,180
439,167
end box16
end total17boxes
