301,206
307,200
312,194
319,193
325,193
330,193
335,193
340,193
346,193
352,194
358,200
365,206
368,215
367,224
358,227
347,227
341,227
335,226
330,226
325,227
319,226
308,226
301,223
300,215
end box0
438,192
440,189
442,186
445,185
448,185
455,185
459,184
461,186
465,189
467,192
468,196
468,200
465,204
461,204
456,203
447,204
443,204
439,203
437,200
437,196
end box1
211,193
212,191
213,190
215,188
216,188
223,188
225,189
226,190
228,192
228,195
228,198
227,200
224,200
215,200
213,200
211,199
211,197
210,195
end box2
503,180
503,178
505,177
506,176
508,175
513,175
515,175
517,176
519,178
520,180
520,183
520,186
520,189
517,190
514,190
509,189
507,189
505,189
503,187
503,185
502,183
end box3
555,178
556,176
558,175
559,174
561,173
569,173
571,174
573,176
574,178
575,181
575,184
573,187
570,187
560,188
557,188
555,186
554,183
554,181
end box4
491,182
491,180
493,178
494,177
496,176
498,176
501,176
503,176
505,177
507,179
508,181
508,184
508,186
507,189
505,190
502,190
500,190
497,190
495,190
493,189
492,188
491,186
491,184
end box5
475,180
476,178
477,176
478,175
480,174
482,174
485,174
487,174
489,175
491,177
492,179
492,182
492,184
491,187
489,188
486,188
484,188
481,188
479,188
477,187
476,186
475,184
475,181
end box6
589,179
589,177
590,175
591,174
593,173
595,173
596,173
598,173
600,173
602,175
603,176
604,178
604,181
604,183
603,186
601,187
599,187
597,187
594,187
592,187
590,187
589,185
588,182
588,180
end box7
510,176
511,175
515,175
516,176
517,177
517,178
517,179
517,181
517,182
516,183
515,184
513,184
512,183
511,183
510,182
509,181
end box8
260,190
261,188
262,187
264,186
271,186
273,186
276,187
277,189
277,192
277,194
275,196
272,196
265,197
262,197
260,196
259,194
259,192
end box9
442,192
442,190
444,189
445,187
447,187
455,187
457,188
458,190
459,192
459,195
459,198
458,200
456,201
453,201
448,201
446,202
444,201
442,200
441,197
441,195
end box10
249,190
249,189
250,188
250,188
255,187
256,188
257,189
258,190
258,191
258,193
257,194
256,195
254,195
252,195
251,195
249,194
249,194
249,192
249,191
end box11
559,178
560,176
565,175
566,176
567,177
568,178
568,179
568,181
568,183
566,183
565,184
563,184
562,184
560,183
559,183
559,182
end box12
264,190
264,189
265,188
266,188
270,188
271,188
272,189
272,190
272,191
272,193
272,194
271,194
269,195
267,195
266,195
265,194
264,193
264,192
264,191
end box13
246,189
246,188
248,186
250,186
257,186
260,186
262,187
263,189
264,192
264,195
262,197
259,197
251,197
248,197
246,196
245,194
245,192
end box14
495,176
495,175
496,175
498,175
499,175
500,176
500,177
501,178
501,179
501,180
501,182
500,183
498,183
497,183
496,183
495,183
494,182
493,181
end box15
457,192
457,190
458,188
459,187
461,186
466,186
468,187
470,188
471,189
472,191
472,194
472,196
472,199
470,200
467,201
465,200
463,200
461,199
459,199
457,197
457,195
456,193
end box16
584,179
585,176
588,174
590,172
593,172
595,172
598,172
600,172
603,172
606,173
609,176
611,179
611,183
611,187
609,190
605,191
601,191
598,190
595,190
592,191
588,190
585,189
584,186
584,182
end box17
156,190
157,189
158,188
159,189
160,190
160,191
161,192
161,193
161,194
161,195
161,196
160,197
160,199
159,201
157,199
156,197
end box18
663,104
667,102
708,102
714,104
714,113
711,116
665,116
662,113
end box19
685,131
685,131
685,130
686,129
687,129
688,129
689,129
690,129
691,130
692,131
692,132
692,133
692,134
692,136
691,137
690,138
688,138
687,138
686,137
685,136
684,135
684,134
end box20
516,159
516,159
517,160
518,161
518,162
517,163
517,165
517,166
515,166
514,166
513,166
512,165
511,164
end box21
545,160
547,160
548,161
548,161
549,162
549,163
549,164
549,165
548,166
547,166
546,167
545,166
544,166
end box22
576,176
577,175
578,175
579,175
580,175
581,175
582,176
583,177
583,178
583,179
583,180
583,182
582,183
581,184
579,184
578,184
577,183
576,182
end box23
494,187
494,186
495,186
496,185
497,185
498,185
499,186
500,187
501,188
502,189
501,190
501,192
501,193
500,194
499,195
497,195
496,195
495,194
494,193
493,192
end box24
683,131
683,130
683,128
684,127
685,126
687,126
688,126
690,126
691,126
693,128
694,129
694,131
694,132
694,134
693,136
692,138
691,139
688,139
687,139
685,138
683,137
683,135
682,134
682,132
end box25
399,159
403,159
404,160
405,161
405,166
404,167
403,168
401,168
400,168
399,167
end box26
500,162
501,162
502,163
502,164
502,165
502,166
502,167
501,168
500,168
499,168
498,168
497,168
497,167
end box27
430,175
431,175
433,175
434,175
435,176
436,177
436,178
436,180
436,182
435,183
434,184
432,184
431,184
430,183
429,182
end box28
167,174
168,173
170,173
171,173
172,174
172,175
173,176
173,178
173,180
172,181
170,181
169,181
168,181
167,181
end box29
435,160
436,161
437,162
437,163
437,165
437,167
436,168
435,169
433,169
432,168
431,168
430,167
end box30
595,162
596,162
597,163
597,164
597,165
597,166
597,167
596,168
595,168
594,169
593,168
592,168
592,167
end box31
512,148
513,148
515,148
516,148
516,148
517,149
517,152
517,153
517,155
515,155
514,155
513,155
512,154
end box32
381,174
382,174
383,174
384,174
385,174
386,175
386,176
386,180
386,182
385,183
383,183
382,183
381,182
end box33
532,164
533,164
534,165
535,166
535,167
535,168
534,169
534,171
532,171
531,171
530,171
529,170
end box34
381,160
384,159
385,160
386,160
387,162
388,163
388,166
387,167
386,169
385,169
383,170
382,169
381,168
end box35
655,170
655,170
656,169
657,169
658,169
659,170
659,170
660,171
660,172
660,173
660,174
660,175
659,176
658,177
657,177
656,177
655,176
655,175
end box36
446,157
447,156
449,156
450,157
450,157
451,158
451,159
451,160
451,161
451,162
451,163
449,164
448,164
447,164
446,163
445,162
end box37
340,161
341,162
342,164
342,167
342,169
340,170
332,169
end box38
480,175
480,175
481,174
483,174
484,174
485,175
485,176
486,177
486,178
486,179
486,181
485,182
483,182
482,182
481,182
480,182
479,181
479,180
end box39
580,160
581,160
582,161
582,162
582,163
582,164
582,165
581,166
580,166
578,166
577,166
576,165
end box40
430,142
431,142
433,141
434,142
435,143
436,149
435,150
434,151
432,151
431,151
430,150
end box41
483,162
484,162
485,163
485,164
485,165
485,166
485,167
484,168
483,169
482,169
481,168
480,168
end box42
464,175
464,175
465,174
467,174
468,175
469,175
469,176
470,177
470,178
470,179
470,181
469,182
467,182
466,182
465,182
464,181
463,180
end box43
297,187
298,187
299,187
300,187
302,187
303,188
303,190
304,195
302,197
301,197
299,198
298,198
296,197
295,196
end box44
528,175
528,175
529,174
530,174
531,174
532,174
533,175
533,176
533,177
533,178
533,179
533,181
533,182
531,182
530,183
529,182
528,181
527,181
527,180
end box45
365,175
369,175
370,176
371,177
371,182
370,183
369,184
366,184
365,183
364,182
end box46
465,146
465,146
466,146
467,146
467,146
468,147
468,147
469,148
469,149
469,150
469,151
468,152
467,153
466,153
465,153
464,152
end box47
753,111
754,110
755,110
756,110
757,111
758,112
758,119
757,120
755,120
754,120
753,119
end box48
465,158
465,158
467,158
467,158
468,159
468,159
469,160
469,163
468,164
467,165
466,165
465,164
464,164
end box49
512,148
513,148
515,148
516,148
516,148
517,149
517,152
517,153
517,155
515,155
514,155
513,155
512,154
end box50
545,160
547,160
548,161
548,161
549,162
549,163
549,164
549,165
548,166
547,166
546,167
545,166
544,166
end box51
314,157
315,156
317,156
318,157
319,158
319,165
318,166
316,166
315,166
314,165
end box52
381,174
382,174
383,174
384,174
385,174
386,175
386,176
386,180
386,182
385,183
383,183
382,183
381,182
end box53
end total54boxes
