702,208
714,197
724,186
735,180
747,179
758,180
767,179
778,180
791,180
806,183
821,192
827,206
825,224
821,239
808,247
789,247
776,247
767,248
758,248
747,249
732,250
713,250
702,240
700,225
end box0
354,218
361,207
373,191
383,181
398,181
413,182
426,182
439,183
455,184
468,189
482,204
487,218
487,238
487,258
481,273
460,274
438,268
425,266
414,266
400,269
376,276
356,276
353,258
353,239
end box1
665,196
667,190
673,184
677,179
683,178
689,178
695,178
702,178
710,178
716,181
720,188
721,195
720,203
718,211
715,217
708,219
701,219
695,220
689,221
680,225
671,225
665,222
663,213
665,204
end box2
764,259
808,212
853,185
905,181
945,182
972,184
998,186
1026,185
1055,191
1098,198
1141,223
1192,262
1213,320
1197,356
1130,373
1066,373
1028,369
998,362
973,363
947,365
906,370
841,373
771,356
755,318
end box3
554,182
554,180
556,179
558,178
567,178
569,178
572,180
573,182
574,185
574,188
572,191
569,191
559,191
556,191
554,190
553,187
553,185
end box4
471,194
471,188
473,181
479,178
486,178
492,178
497,178
503,178
509,179
514,182
516,189
519,194
520,201
521,209
518,216
513,220
505,220
498,218
492,217
485,218
479,217
475,213
472,207
472,200
end box5
577,176
578,176
582,176
583,176
583,177
584,178
584,179
584,180
584,182
583,183
581,183
580,183
579,183
578,183
577,182
576,181
end box6
572,180
573,178
574,176
576,176
577,175
584,175
585,176
587,177
589,179
589,182
589,185
588,187
585,187
582,187
577,187
574,187
573,186
572,184
572,182
end box7
654,146
655,144
656,143
670,142
672,144
673,146
673,149
673,152
671,154
669,156
657,155
655,153
654,151
654,149
end box8
686,144
687,144
690,144
691,144
692,145
693,152
692,154
690,155
688,156
687,155
685,155
end box9
640,191
641,190
642,190
643,190
644,191
645,192
645,193
646,198
645,199
644,200
642,201
641,201
640,199
639,198
end box10
836,173
836,172
837,170
839,169
841,168
843,167
845,168
846,169
848,170
849,173
849,174
849,176
849,179
849,181
847,183
845,185
843,185
840,185
838,184
837,182
836,180
end box11
676,146
677,145
678,145
679,145
680,146
681,147
682,148
682,149
682,152
682,153
681,154
680,155
678,155
677,155
676,154
675,153
end box12
812,142
813,142
814,142
815,142
816,142
817,143
817,150
816,151
814,151
813,151
812,150
end box13
end total14boxes
