718,191
720,186
726,180
730,175
736,174
742,174
748,174
755,174
763,174
767,178
772,185
774,191
774,200
772,207
769,214
763,216
754,215
734,218
724,220
719,217
718,208
719,199
end box0
455,208
454,200
455,191
461,188
471,188
477,188
484,188
490,190
496,191
502,195
505,202
508,208
509,216
509,224
507,232
500,235
492,237
484,235
478,234
472,233
466,231
461,227
end box1
4,261
25,226
46,200
83,194
118,196
142,198
164,199
189,197
217,199
250,208
274,233
299,265
312,307
306,342
272,359
223,364
191,365
166,367
142,366
120,358
85,360
35,363
6,339
0,303
end box2
565,187
567,184
570,182
572,181
575,181
582,180
585,180
587,182
591,184
594,187
595,191
594,195
592,199
587,199
583,198
574,198
570,198
566,198
564,194
564,191
end box3
235,229
240,204
253,183
278,177
304,177
325,178
343,178
363,176
383,182
404,192
423,209
432,232
437,261
432,286
415,300
385,309
365,314
344,308
325,305
308,303
285,303
256,302
242,283
237,257
end box4
701,188
701,185
703,182
705,179
707,177
711,177
714,176
718,176
723,176
727,178
728,183
721,201
718,202
714,203
710,204
706,205
702,203
700,200
700,195
700,191
end box5
407,211
409,200
415,193
425,190
435,190
443,191
450,191
456,193
464,195
470,199
479,205
485,212
489,223
488,234
481,240
467,242
458,243
451,244
443,242
437,241
429,239
418,238
412,231
409,222
end box6
618,179
619,177
621,176
622,175
624,175
631,175
633,175
635,177
637,179
637,182
637,185
636,188
633,188
630,188
623,188
621,188
618,187
618,184
617,182
end box7
625,177
626,176
626,175
627,175
631,175
632,176
633,177
634,178
634,179
634,181
634,183
632,183
631,183
629,184
628,183
626,183
625,183
625,182
625,180
end box8
589,183
588,181
589,179
591,177
593,177
598,177
600,178
602,179
603,180
604,182
605,185
605,187
604,190
602,191
599,192
597,191
595,191
592,191
590,190
589,189
588,186
588,184
end box9
609,178
609,177
610,177
614,177
615,178
616,179
617,180
617,181
617,183
617,185
615,185
614,185
612,186
611,185
610,185
609,184
608,183
end box10
603,183
603,180
604,179
606,177
608,177
615,178
617,178
619,180
620,182
620,185
620,188
619,190
617,191
614,191
612,191
610,191
607,191
605,190
603,189
603,187
603,185
end box11
593,178
594,177
597,177
598,177
599,178
599,179
600,180
600,181
600,182
600,184
599,185
598,185
596,186
595,185
594,185
593,184
end box12
702,182
702,180
703,178
704,177
706,176
708,176
709,175
711,176
714,176
716,177
717,179
717,181
717,184
717,186
716,188
714,189
712,190
709,190
707,191
705,191
703,190
702,188
701,186
701,184
end box13
641,174
642,174
642,174
643,174
644,174
644,174
645,174
646,175
646,176
646,177
646,178
646,179
645,180
644,181
643,181
642,180
641,180
640,179
end box14
703,191
703,189
704,187
705,186
707,184
708,183
711,182
713,182
716,183
718,185
718,188
715,199
713,201
711,202
708,202
705,202
703,200
703,197
702,195
702,192
end box15
594,186
594,185
595,185
596,185
597,185
598,185
599,185
600,186
601,187
601,188
601,189
601,190
601,192
600,193
599,193
597,194
596,193
595,193
594,192
593,191
end box16
660,175
661,174
661,174
662,173
663,173
663,174
664,175
664,175
665,176
665,177
665,178
665,179
664,180
663,181
662,181
661,181
660,180
660,179
end box17
679,161
683,161
684,161
684,162
685,163
685,165
684,167
684,168
682,168
681,168
680,168
679,167
678,166
end box18
608,160
610,160
611,161
611,161
612,162
612,165
611,166
610,166
609,166
608,166
607,166
end box19
417,159
417,158
418,158
419,158
420,158
421,158
422,159
422,160
423,161
422,162
423,163
422,165
422,166
421,166
419,167
418,166
417,166
416,165
end box20
431,158
432,158
433,158
434,158
435,158
436,159
436,160
437,165
436,166
435,167
433,167
432,166
431,166
end box21
627,159
628,159
630,159
631,159
632,160
632,164
631,165
630,166
629,166
628,166
627,165
end box22
414,144
415,144
416,144
417,144
418,144
419,145
420,146
420,147
420,148
420,149
420,151
419,152
418,153
416,153
415,153
414,152
413,151
end box23
676,172
676,172
677,172
678,172
679,171
680,172
680,172
681,173
681,174
681,175
681,176
681,177
680,178
679,179
678,179
677,179
676,178
675,177
675,176
end box24
627,159
628,159
630,159
631,159
632,160
632,164
631,165
630,166
629,166
628,166
627,165
end box25
608,160
610,160
611,161
611,161
612,162
612,165
611,166
610,166
609,166
608,166
607,166
end box26
424,123
425,122
426,122
428,122
429,123
429,124
429,133
428,134
426,135
425,134
423,133
end box27
end total28boxes
