1008,218
1033,201
1051,190
1068,184
1082,183
1095,182
1107,181
1119,182
1136,181
1158,184
1181,194
1199,216
1197,240
1189,258
1160,266
1131,264
1117,266
1106,272
1093,274
1081,271
1066,268
1033,270
1004,262
1002,243
end box0
586,204
588,199
595,194
599,192
604,192
618,192
624,192
629,194
634,199
639,204
641,212
640,220
635,225
627,225
603,224
595,226
588,226
584,219
585,211
end box1
293,205
310,190
326,184
343,183
354,183
363,184
371,183
379,183
390,183
404,185
420,192
438,206
444,225
439,238
415,245
394,245
321,244
299,236
291,224
end box2
4,259
9,230
23,197
40,174
72,173
106,184
131,188
160,186
188,190
206,208
226,234
231,262
235,295
235,330
232,369
216,388
167,374
133,363
107,361
72,373
20,393
3,374
3,330
2,295
end box3
385,206
387,194
393,185
406,183
418,184
427,184
434,184
443,184
452,185
459,191
469,198
477,207
482,221
481,233
473,242
456,243
445,244
435,242
427,242
end box4
513,194
515,191
518,188
521,187
536,187
539,189
543,191
546,194
547,199
547,204
544,208
539,209
520,207
515,207
513,203
512,199
end box5
538,179
539,176
541,173
543,171
547,172
554,172
558,172
560,173
563,175
565,179
565,183
565,187
563,190
559,191
555,191
552,190
546,190
543,189
540,188
539,185
539,182
end box6
637,178
637,176
639,174
640,173
642,172
651,172
654,173
655,175
656,178
656,181
656,184
655,187
652,188
641,189
639,188
637,186
636,183
636,181
end box7
636,179
637,175
639,173
641,170
645,170
658,170
661,171
664,175
665,178
665,183
665,187
663,191
659,193
655,192
644,193
640,192
637,190
635,186
636,182
end box8
869,191
874,183
883,179
892,179
917,179
924,180
932,184
940,191
944,201
941,208
929,211
919,212
912,212
907,212
902,213
897,213
890,212
881,211
870,208
869,200
end box9
541,179
541,176
542,175
544,174
546,173
553,174
555,174
557,176
558,178
558,181
558,183
557,186
555,187
552,187
550,187
543,186
542,185
541,183
541,181
end box10
595,190
597,187
601,184
604,182
608,182
621,182
625,183
629,186
633,190
633,195
632,201
629,205
623,205
602,204
597,204
594,200
594,195
end box11
774,214
774,210
774,205
774,198
776,187
784,171
790,169
797,185
800,197
800,205
801,209
801,214
800,217
800,221
799,225
798,231
797,246
793,264
781,263
776,246
777,229
776,224
775,221
774,217
end box12
349,60
350,54
353,48
357,43
363,40
369,39
376,38
382,40
389,42
394,47
397,53
399,60
398,67
397,74
394,80
389,85
384,90
376,91
369,90
361,89
355,85
352,79
350,73
350,67
end box13
564,157
565,157
567,157
568,157
569,158
570,159
570,160
570,162
570,164
569,165
568,166
566,166
565,165
564,165
563,164
end box14
628,188
629,187
630,186
631,186
633,186
634,187
635,188
635,189
636,194
636,196
635,197
633,198
632,199
630,198
628,197
627,196
end box15
754,161
755,160
760,160
762,161
763,169
761,171
759,172
755,171
754,171
753,169
end box16
643,159
647,158
648,159
648,160
649,161
649,163
649,165
648,166
647,166
645,166
644,166
643,166
end box17
707,205
708,203
718,203
719,206
718,221
716,222
707,222
706,219
end box18
579,164
580,163
582,163
583,164
583,164
584,165
584,166
584,167
584,168
584,169
584,171
582,171
581,171
580,171
579,170
end box19
691,177
691,177
692,176
693,176
694,176
695,177
695,177
695,178
696,179
696,180
696,181
696,182
695,183
694,184
693,184
692,184
691,183
691,182
end box20
610,143
611,142
613,142
614,142
614,143
614,150
614,150
612,150
611,150
610,149
end box21
631,162
632,161
635,162
636,162
636,163
636,167
636,169
635,169
633,169
632,169
631,168
end box22
end total23boxes
