756,226
770,212
781,198
793,189
807,186
821,187
834,185
847,187
866,187
889,189
903,201
903,223
896,242
890,260
877,267
844,273
833,275
820,277
806,280
792,277
763,276
751,266
750,246
end box0
235,234
240,217
251,204
268,200
285,200
298,202
310,200
322,200
336,201
352,207
366,218
374,235
375,254
372,272
358,279
335,283
323,287
310,285
298,284
287,282
275,279
254,278
242,269
237,253
end box1
3,276
14,248
33,222
60,211
88,212
113,213
134,216
157,218
182,221
208,231
229,252
244,280
251,314
245,343
222,363
191,371
161,370
135,365
112,369
87,374
55,376
26,368
6,342
2,312
end box2
808,260
849,221
882,191
924,182
961,180
990,180
1016,181
1045,182
1077,188
1119,196
1155,221
1192,261
1208,314
1196,352
1145,372
1083,373
1045,372
1017,371
989,373
961,373
921,376
863,371
808,353
797,315
end box3
459,196
461,191
467,187
472,185
477,185
489,186
495,185
500,187
506,192
510,196
512,204
511,211
505,215
497,216
491,214
476,216
469,217
462,215
458,210
459,203
end box4
720,206
724,197
730,189
739,184
747,182
755,182
763,182
771,183
782,183
793,185
801,193
799,205
769,233
762,236
755,239
747,239
736,239
724,237
719,228
720,217
end box5
454,203
462,199
469,197
473,196
488,196
492,197
501,198
509,202
513,211
509,216
500,219
491,218
471,217
462,219
453,216
450,210
end box6
636,179
637,177
639,175
641,174
651,174
653,175
656,176
657,179
658,182
658,186
656,188
652,188
642,188
639,189
636,188
635,185
635,182
end box7
671,179
672,177
673,176
675,175
677,174
685,174
687,175
688,177
690,179
690,182
690,185
689,188
686,188
676,188
673,188
672,187
671,184
671,182
end box8
745,195
748,189
754,185
760,183
765,183
778,183
785,181
792,183
798,188
800,195
800,202
797,209
763,217
757,217
749,215
743,210
743,203
end box9
502,195
502,192
503,188
505,186
509,186
512,186
515,186
518,187
521,187
524,189
526,192
527,195
528,199
528,203
526,207
523,209
519,209
515,208
512,208
509,207
506,206
503,204
502,201
502,198
end box10
601,189
602,188
604,186
606,185
614,185
616,186
618,187
620,189
620,192
620,195
618,197
615,197
604,197
602,197
601,194
600,192
end box11
699,191
699,188
701,185
703,182
707,181
710,181
716,181
721,181
725,182
727,186
727,190
725,198
724,202
721,204
717,205
713,205
710,205
706,206
701,205
699,203
698,198
698,194
end box12
712,192
713,188
715,185
717,183
721,182
724,181
731,181
735,181
739,183
741,187
741,191
741,196
740,200
738,204
735,206
719,208
715,207
712,204
711,200
711,195
end box13
657,175
658,174
662,174
663,175
664,176
664,177
664,178
664,180
664,181
663,182
662,182
660,182
659,182
658,182
657,181
end box14
676,175
681,175
682,176
683,177
684,178
684,179
684,181
684,183
682,183
681,184
678,183
676,183
675,183
675,182
end box15
542,175
544,175
545,175
546,176
546,177
547,178
547,179
547,180
547,182
546,183
545,184
543,184
542,183
541,183
540,182
end box16
477,159
477,158
478,157
479,157
480,156
481,156
482,156
484,156
485,157
486,158
487,160
487,161
486,163
486,165
485,166
483,167
481,167
480,167
478,166
477,165
477,163
477,162
end box17
526,192
527,191
528,190
529,190
530,190
531,191
532,192
532,193
533,194
533,195
533,196
533,198
532,199
531,200
529,201
528,200
527,199
526,198
end box18
511,161
512,160
513,160
514,160
515,161
515,161
516,162
516,163
516,164
516,165
516,166
515,167
514,168
513,168
512,168
511,167
510,166
end box19
475,160
475,158
476,157
476,155
478,154
480,153
482,153
483,153
485,154
487,155
488,157
489,159
488,162
488,164
488,166
486,168
484,169
482,170
479,169
477,168
476,167
475,165
475,163
475,161
end box20
503,161
504,162
505,162
505,163
506,164
506,165
506,166
506,168
505,169
503,169
502,169
501,169
500,168
499,168
499,167
end box21
624,178
625,177
629,177
630,178
631,179
631,180
631,181
631,182
631,184
630,185
628,185
627,186
626,185
625,185
624,184
623,183
end box22
521,193
521,192
522,190
524,189
526,188
528,188
529,188
531,189
533,191
533,193
534,195
534,197
534,199
534,201
532,203
530,204
528,204
525,204
523,203
522,202
521,200
end box23
514,193
515,192
516,191
517,191
518,191
519,192
520,193
520,194
521,195
521,196
521,197
521,199
520,200
519,201
517,201
516,201
515,200
end box24
745,156
746,156
748,156
749,156
750,157
750,158
750,163
750,164
749,164
747,164
746,164
745,164
744,163
end box25
529,174
530,173
532,173
533,174
534,174
534,175
535,176
535,177
535,178
535,180
534,181
533,181
531,181
530,181
529,180
528,179
end box26
500,176
500,176
501,177
502,178
502,180
502,182
501,183
499,183
496,182
end box27
529,161
530,160
532,160
533,161
533,161
534,162
534,163
534,165
534,166
533,167
532,168
531,168
530,168
529,167
end box28
621,155
622,154
624,154
625,155
626,156
626,163
625,164
623,164
622,164
621,163
end box29
542,159
543,159
545,159
546,159
546,159
547,160
547,164
546,165
545,166
544,166
543,166
542,165
end box30
end total31boxes
