486,177
486,174
487,170
487,164
489,156
496,141
502,137
508,147
512,159
513,166
513,172
513,176
513,181
513,185
511,189
509,195
509,210
504,223
492,222
489,203
489,190
488,186
486,183
486,180
end box0
516,180
516,178
516,175
516,170
518,163
523,151
528,148
533,158
535,167
535,173
535,177
535,180
535,183
535,186
533,188
533,193
533,205
530,216
520,216
518,201
518,190
518,187
516,185
516,183
end box1
841,219
842,213
842,206
844,197
848,184
857,165
868,158
877,175
881,194
883,204
884,212
886,218
885,225
882,230
881,237
883,252
882,277
872,282
853,279
843,272
845,245
845,234
843,229
842,224
end box2
550,162
550,160
550,158
551,156
552,153
554,148
557,146
560,150
561,154
562,157
563,160
562,162
562,163
562,165
562,167
562,171
561,178
558,180
554,179
551,173
551,168
551,166
551,165
550,163
end box3
1046,265
1042,251
1041,233
1043,207
1052,167
1077,130
1102,127
1126,163
1135,205
1136,232
1134,252
1134,265
1134,278
1132,290
1131,306
1137,343
1136,398
1110,411
1069,406
1047,385
1047,333
1052,301
1051,288
1048,277
end box4
443,175
443,172
443,168
443,162
445,154
451,147
456,147
462,155
464,162
464,168
465,172
465,175
465,178
465,181
464,185
464,191
463,201
458,208
449,207
445,200
444,189
444,184
443,181
443,178
end box5
567,160
567,159
567,157
567,155
568,152
570,147
573,146
576,149
577,153
578,156
578,158
578,160
578,161
577,163
577,165
577,168
577,174
574,177
570,176
568,170
568,166
567,164
567,162
567,161
end box6
end total7boxes
