517,190
518,188
521,185
522,182
525,181
535,181
540,181
541,184
544,187
546,190
545,194
546,199
546,205
542,206
524,205
519,206
517,204
517,198
517,194
end box0
563,193
562,190
566,185
569,181
573,180
578,180
583,180
588,181
593,181
595,184
598,190
599,193
599,199
599,204
599,212
597,215
572,214
563,217
563,212
563,204
564,199
end box1
565,180
567,177
571,174
574,173
588,172
591,174
595,176
598,179
599,184
599,189
595,192
590,193
572,192
567,191
564,188
564,184
end box2
556,178
556,176
557,175
559,174
560,173
567,173
569,173
571,175
571,177
571,180
571,182
570,184
568,185
561,186
559,186
557,185
556,184
555,182
555,179
end box3
1098,251
1100,239
1101,226
1108,217
1119,208
1132,204
1145,203
1158,208
1171,213
1177,224
1181,237
1182,274
1179,288
1170,297
1159,305
1144,307
1132,307
1116,308
1106,298
1100,288
1097,274
1096,261
end box4
256,191
257,187
260,185
263,184
266,184
269,184
273,184
276,185
279,187
281,190
282,194
282,197
282,202
281,206
278,209
273,209
269,209
266,209
262,208
259,207
256,205
256,201
255,197
end box5
580,157
581,157
581,158
582,163
581,164
579,164
577,164
576,163
end box6
496,175
497,175
499,175
500,175
501,176
501,177
502,178
502,180
502,182
501,183
500,184
498,184
497,184
496,183
495,182
end box7
497,164
498,163
499,163
500,163
501,163
502,164
502,165
503,166
503,167
503,168
503,170
502,171
501,172
499,172
498,171
497,171
496,170
end box8
543,174
544,173
548,173
549,174
550,175
550,176
550,177
550,179
550,180
549,181
548,182
546,182
545,181
544,181
543,180
end box9
515,161
515,161
516,162
516,163
516,164
516,165
516,166
516,168
514,168
513,168
512,168
511,167
end box10
495,186
496,185
500,185
501,186
502,187
502,192
501,193
500,193
497,193
496,193
495,192
end box11
482,174
482,174
483,173
484,173
485,173
486,174
486,174
487,175
487,176
487,178
487,179
486,180
485,181
484,181
483,181
482,180
481,179
end box12
565,163
566,163
567,164
568,165
568,166
568,168
567,169
566,170
565,170
562,170
561,170
560,169
end box13
end total14boxes
