579,190
581,188
584,184
585,180
588,180
600,179
605,180
606,183
610,187
611,190
610,195
611,200
611,207
608,207
587,206
582,207
580,206
580,199
579,195
end box0
529,191
531,189
533,185
535,182
538,182
549,182
553,182
555,184
558,188
560,191
560,196
560,201
560,207
555,207
537,207
532,207
529,206
529,200
529,195
end box1
556,175
556,173
558,172
559,171
561,171
568,171
570,171
572,173
573,175
574,178
574,181
572,183
569,184
567,184
561,183
558,183
556,182
556,180
555,178
end box2
572,178
572,176
573,175
575,174
576,173
583,172
586,173
587,175
588,177
587,180
587,182
586,184
584,185
581,186
579,186
577,186
575,186
573,185
572,184
571,182
571,179
end box3
561,173
561,173
564,172
565,173
566,173
566,174
567,175
567,176
567,177
567,179
566,180
564,180
563,180
562,180
561,179
560,179
559,178
end box4
582,179
584,176
587,173
589,171
592,171
604,171
607,173
611,175
613,178
614,183
613,188
610,191
606,192
592,191
588,191
584,190
582,187
581,183
end box5
578,174
578,173
581,173
582,173
583,174
584,175
584,176
584,177
584,178
584,180
583,181
581,181
580,181
579,181
578,181
577,180
576,179
end box6
407,187
407,186
409,184
410,183
412,183
419,183
421,183
423,185
424,187
425,190
425,193
424,196
420,196
418,195
411,196
409,196
406,195
406,192
406,190
end box7
541,175
541,174
543,172
544,171
546,171
551,170
553,171
555,171
556,173
558,175
558,178
558,181
557,183
555,184
552,184
545,184
543,184
541,182
540,180
541,178
end box8
406,182
407,179
409,177
411,175
414,175
416,175
419,175
421,175
424,175
427,176
429,179
431,182
431,185
431,189
430,193
426,194
422,194
416,194
413,194
409,194
406,192
406,189
406,185
end box9
1009,153
1011,151
1035,151
1038,153
1038,167
1037,169
1010,169
1008,166
end box10
656,156
657,154
658,152
659,150
661,149
663,149
665,148
667,149
669,150
671,151
672,153
673,155
673,158
673,161
672,163
670,165
667,166
665,166
662,166
660,165
658,164
656,162
656,160
656,158
end box11
513,176
514,175
515,175
516,175
517,176
518,176
518,177
519,178
518,179
518,180
519,182
518,183
516,183
515,183
514,183
513,182
512,181
end box12
595,159
596,159
597,160
597,161
597,162
597,163
597,164
596,165
595,165
593,165
592,165
591,164
end box13
446,191
447,191
448,190
449,190
450,190
452,191
452,191
453,193
453,198
452,199
451,200
449,201
448,201
446,200
446,198
end box14
526,157
530,157
531,157
531,158
532,163
531,164
529,164
528,165
527,164
526,164
end box15
1010,129
1011,126
1013,123
1015,120
1018,119
1021,119
1024,118
1028,118
1031,120
1033,122
1035,125
1037,129
1037,132
1036,136
1035,140
1032,143
1028,144
1024,145
1021,145
1017,144
1014,142
1011,139
1010,136
1010,132
end box16
584,160
585,160
585,161
586,162
586,163
586,164
586,166
585,167
583,167
581,167
580,166
end box17
428,146
428,144
429,142
430,141
432,140
434,139
436,139
437,139
440,140
442,141
443,143
443,145
443,148
443,150
443,153
441,155
438,156
436,156
433,156
431,155
429,154
428,152
428,149
428,147
end box18
608,160
610,160
611,161
611,161
612,165
611,166
610,166
609,166
608,166
607,166
end box19
499,160
499,160
500,160
501,160
501,160
502,160
503,161
503,162
503,163
503,164
503,165
502,166
501,167
500,167
499,167
498,166
end box20
432,140
433,140
434,140
435,140
437,140
438,141
439,142
440,144
439,145
439,147
439,149
438,150
436,151
434,151
433,151
431,150
430,149
430,148
end box21
658,171
659,171
661,171
662,171
663,172
664,173
664,178
663,179
662,180
660,180
659,179
658,179
657,178
end box22
439,158
440,156
441,154
442,153
444,152
446,151
448,151
450,151
452,152
454,153
455,155
456,157
456,160
456,163
455,165
453,167
450,168
448,168
445,167
443,167
441,165
440,164
439,162
439,160
end box23
400,156
401,155
402,155
403,155
404,155
405,156
405,157
405,158
405,160
405,161
404,162
403,163
402,163
401,163
400,162
399,161
end box24
608,160
610,160
611,161
611,161
612,165
611,166
610,166
609,166
608,166
607,166
end box25
end total26boxes
