486,189
489,184
494,177
498,173
505,172
512,172
517,172
524,173
531,173
535,177
541,184
545,189
546,198
546,207
543,215
535,217
525,214
504,214
495,216
488,214
486,206
487,198
end box0
630,178
631,176
633,173
634,171
637,171
639,171
642,171
644,171
648,171
649,173
652,175
653,178
652,181
653,185
653,189
650,190
645,189
635,190
631,190
629,189
629,184
630,181
end box1
535,179
538,176
542,175
547,175
551,175
554,176
557,178
559,182
562,184
562,188
563,191
563,196
563,201
561,204
556,206
551,204
547,203
543,202
end box2
569,173
569,171
571,169
572,168
574,168
583,168
585,169
587,171
588,173
588,176
588,179
588,183
585,183
574,182
571,182
569,181
569,178
569,176
end box3
-32,269
-4,222
30,190
80,179
121,175
155,177
185,184
215,190
249,196
293,205
331,233
367,275
383,330
367,371
318,392
261,397
219,396
186,394
156,398
124,400
78,403
22,399
-22,370
-35,327
end box4
301,188
311,178
321,173
332,171
340,170
346,169
353,169
360,170
367,170
377,174
389,179
399,188
402,202
399,212
385,218
370,218
360,219
353,220
346,219
339,218
330,217
316,217
302,211
299,201
end box5
693,208
700,198
709,187
717,180
728,180
739,181
748,181
757,182
770,182
780,186
790,196
793,207
793,222
792,236
786,247
771,248
757,245
748,246
739,247
728,248
712,252
698,250
693,237
693,222
end box6
666,181
667,178
669,175
672,173
675,172
688,172
692,173
695,176
695,180
695,185
695,189
693,193
689,194
674,195
670,195
666,193
665,189
666,184
end box7
539,174
540,171
541,170
544,170
548,170
550,171
553,171
555,172
556,174
558,176
559,179
559,182
557,185
555,187
552,186
549,186
542,185
end box8
563,173
563,173
564,172
565,172
566,172
567,173
567,173
568,174
568,175
568,176
568,177
568,179
567,179
566,180
565,180
564,180
563,179
562,178
end box9
587,166
587,164
588,162
589,161
591,161
593,161
594,161
596,161
598,161
599,162
601,163
602,165
603,168
603,170
602,173
599,174
597,174
594,173
593,173
591,173
589,173
587,172
586,170
586,168
end box10
588,175
588,173
588,172
589,170
591,168
592,167
595,167
597,168
598,169
600,171
600,173
601,174
601,177
601,179
600,181
599,183
597,185
595,185
592,184
591,183
589,181
588,179
588,178
588,176
end box11
592,162
592,162
597,162
598,162
598,163
599,164
600,165
599,167
599,168
598,169
596,169
595,169
594,169
593,169
592,168
591,167
end box12
572,167
572,165
573,164
574,162
576,162
583,162
584,163
586,164
587,166
587,169
587,171
586,173
584,174
575,174
573,174
572,173
571,171
571,168
end box13
610,161
611,160
613,160
613,160
614,161
615,161
615,162
615,163
615,164
615,165
614,166
613,166
612,166
611,166
610,166
610,165
609,164
end box14
574,175
575,174
575,173
576,172
577,172
581,172
583,172
584,173
584,175
584,176
584,178
584,180
583,180
581,181
579,181
578,181
576,180
575,180
574,179
574,177
574,176
end box15
593,171
594,170
595,170
597,170
598,171
599,172
599,174
600,175
600,176
600,178
599,179
598,180
597,182
596,183
594,182
593,180
592,179
591,178
end box16
644,162
645,161
645,161
646,161
647,161
647,161
648,162
648,162
649,163
649,164
649,165
649,166
648,167
647,168
646,168
645,167
644,167
644,166
end box17
494,156
495,155
496,155
497,155
498,156
499,157
500,158
500,163
499,164
498,165
496,166
495,165
494,165
end box18
514,145
515,145
516,145
517,146
518,146
518,147
519,148
519,149
519,150
519,152
518,153
517,153
515,154
514,153
513,152
end box19
480,140
481,140
482,140
484,140
485,140
486,141
486,148
485,150
484,151
482,151
481,151
479,150
end box20
480,160
483,159
484,160
485,160
486,162
487,163
486,166
486,167
485,169
484,169
482,170
481,169
479,169
479,167
end box21
629,147
630,146
631,146
632,147
632,147
632,148
632,149
632,150
632,151
632,152
631,152
630,152
629,152
628,151
end box22
591,188
593,185
595,185
596,186
597,188
597,191
597,198
596,201
595,204
593,203
592,199
end box23
589,187
590,185
591,183
594,183
596,184
597,186
597,189
597,190
598,192
598,193
598,195
598,197
597,199
596,202
594,203
591,203
590,200
589,197
589,196
end box24
593,171
594,170
595,170
597,170
598,171
599,172
599,174
600,175
600,176
600,178
599,179
598,180
597,182
596,183
594,182
593,180
592,179
591,178
end box25
587,179
586,177
587,176
587,173
588,169
590,165
593,164
596,166
598,171
598,174
598,177
598,179
598,180
597,182
597,184
597,188
597,195
594,196
589,196
588,190
588,185
587,183
587,181
587,180
end box26
588,175
588,173
588,172
589,170
591,168
592,167
595,167
597,168
598,169
600,171
600,173
601,174
601,177
601,179
600,181
599,183
597,185
595,185
592,184
591,183
589,181
588,179
588,178
588,176
end box27
510,155
511,154
512,154
513,154
514,155
515,156
515,163
514,164
512,165
511,164
510,163
end box28
end total29boxes
