292,217
299,203
307,190
319,184
333,185
346,187
356,186
367,187
379,187
393,192
404,203
410,216
412,233
412,250
403,260
382,262
367,262
356,262
346,260
336,258
322,258
301,259
293,248
292,233
end box0
732,205
739,194
749,182
760,175
773,174
785,174
796,174
808,174
823,174
837,178
850,190
852,204
851,222
849,240
841,251
823,253
807,251
796,252
785,252
774,252
756,254
737,253
731,240
730,223
end box1
458,193
462,188
466,184
470,182
475,182
479,181
482,181
487,181
492,181
497,182
501,188
504,193
506,199
505,206
501,211
494,212
488,212
483,211
478,211
473,212
466,213
460,211
457,206
458,199
end box2
621,177
621,175
622,173
623,172
625,171
627,170
629,170
630,170
633,171
635,172
635,174
636,176
636,179
636,181
635,183
633,185
631,186
629,186
626,186
624,186
622,184
621,183
621,180
621,178
end box3
628,180
630,176
633,174
636,172
639,172
648,172
651,172
654,173
658,176
661,179
662,184
661,189
658,193
653,193
648,192
639,193
634,192
630,192
627,188
627,184
end box4
0,107
2,104
38,104
42,107
42,114
41,118
0,118
0,114
end box5
446,159
447,158
448,157
449,157
450,157
451,158
452,159
453,160
453,163
453,165
452,166
451,167
449,167
448,167
447,166
446,165
end box6
510,192
511,191
512,190
513,190
514,190
515,191
516,192
517,193
517,194
517,195
517,196
517,198
516,199
515,200
513,201
512,201
511,199
510,198
509,197
end box7
509,191
510,190
510,188
512,187
514,186
516,185
518,186
519,187
521,189
522,190
522,192
522,195
522,197
522,199
520,201
518,203
516,203
513,203
511,202
510,200
509,198
508,196
508,194
end box8
445,141
446,141
449,140
450,141
451,141
452,143
452,148
451,149
450,150
448,150
447,150
445,149
445,148
end box9
526,202
527,200
528,199
530,198
532,198
534,198
535,199
536,201
537,203
538,205
538,207
538,209
538,211
536,213
534,214
532,214
529,214
527,214
526,212
525,210
end box10
529,206
530,204
531,203
532,203
533,203
534,204
535,205
535,206
536,211
535,212
534,213
532,213
531,213
530,212
529,211
529,210
end box11
537,179
537,177
537,175
537,173
539,169
541,165
544,164
547,167
548,171
549,174
550,176
549,179
550,180
549,182
549,184
549,188
548,194
545,196
541,195
538,190
538,185
538,183
537,182
537,180
end box12
end total13boxes
