757,192
757,190
757,188
757,186
758,181
761,175
765,173
768,177
769,183
770,187
770,189
770,191
770,193
769,195
769,197
769,201
768,209
766,214
760,212
759,203
758,198
758,196
758,195
757,193
end box0
478,175
479,173
480,171
482,170
483,171
484,173
484,175
484,176
485,177
484,178
484,179
484,180
484,182
483,185
482,187
480,186
479,182
end box1
544,171
544,170
545,169
546,169
547,169
548,170
548,171
549,172
549,173
549,174
549,175
549,176
548,177
548,179
546,180
545,179
544,177
544,176
end box2
627,163
627,162
628,161
629,161
630,161
631,162
631,163
632,164
632,165
632,166
632,167
632,168
632,170
631,171
629,172
628,171
627,169
627,168
end box3
511,176
512,174
513,173
514,172
516,173
517,174
517,176
517,177
517,178
517,179
517,180
517,181
517,183
516,185
515,187
513,186
512,183
511,181
end box4
785,194
784,192
784,191
785,188
786,184
788,179
791,178
794,182
796,186
796,189
796,192
796,194
796,195
796,197
795,199
795,202
795,210
792,213
787,212
785,206
785,200
785,198
785,196
785,195
end box5
495,178
496,176
497,173
499,172
500,174
501,176
501,178
501,179
502,180
502,181
501,182
501,183
501,185
500,188
499,191
497,189
496,185
end box6
638,168
639,167
640,165
641,164
643,165
644,167
644,169
644,170
645,171
644,172
644,173
645,175
644,176
643,179
642,181
640,180
639,177
638,175
end box7
772,192
771,190
771,188
771,186
772,182
775,176
779,174
781,179
783,184
783,187
783,190
783,192
783,193
782,195
782,197
782,200
782,208
779,212
774,211
773,203
773,198
772,196
772,194
772,193
end box8
673,178
674,176
675,174
676,173
678,174
679,176
679,178
679,179
680,180
679,181
679,182
679,183
679,185
678,188
677,190
675,189
674,185
673,183
end box9
641,165
641,164
642,163
643,162
644,163
645,164
646,165
646,166
646,167
646,168
646,169
646,171
646,172
645,174
644,175
642,174
641,172
640,170
end box10
671,179
671,178
672,177
672,175
673,173
675,171
677,170
679,171
680,174
681,175
681,177
681,179
681,180
681,182
681,184
680,186
679,189
677,191
674,190
673,187
672,184
672,183
671,181
671,180
end box11
529,175
529,174
530,172
531,172
532,172
533,174
534,175
534,176
534,177
534,178
534,179
534,180
533,182
533,184
532,185
530,184
529,181
end box12
66,107
69,106
89,142
86,145
49,145
48,141
end box13
435,130
436,129
437,128
438,128
440,128
441,129
442,130
443,137
442,139
440,140
439,141
437,140
435,139
434,138
end box14
564,147
565,146
566,146
567,146
568,146
569,147
569,148
570,149
570,151
570,153
569,154
568,154
566,155
565,154
564,154
563,153
end box15
435,140
436,139
439,139
440,140
441,141
441,150
439,151
436,151
434,150
end box16
399,11
400,11
401,10
402,10
403,10
404,11
405,11
406,13
407,14
406,15
406,16
406,18
405,19
404,20
402,21
401,20
399,20
399,18
398,17
end box17
612,144
613,144
614,144
615,144
616,144
616,144
616,150
615,151
614,151
613,151
612,150
end box18
end total19boxes
