302,207
311,201
319,199
352,198
362,201
371,207
376,217
371,223
356,224
314,225
300,223
298,216
end box0
577,178
577,178
581,178
582,178
582,179
583,180
583,181
583,182
583,184
582,185
580,185
579,185
578,185
577,185
576,184
end box1
554,180
555,178
557,177
558,176
560,175
567,175
570,176
571,178
573,180
573,183
573,186
572,189
569,189
559,190
556,190
554,188
553,185
553,183
end box2
561,177
566,176
567,177
568,178
568,179
569,180
569,182
569,183
567,184
565,184
564,184
563,184
562,184
561,183
560,182
end box3
554,191
555,189
556,187
557,186
566,186
568,187
570,188
571,190
571,193
571,196
571,198
567,199
558,199
555,199
554,198
553,195
553,193
end box4
529,177
529,177
530,176
531,176
532,176
533,177
534,177
534,178
535,179
535,180
535,181
535,183
534,183
532,184
531,184
530,184
529,183
528,183
528,182
end box5
558,190
559,189
559,188
560,187
567,187
568,188
568,190
569,191
568,193
568,195
566,195
560,195
559,195
558,194
558,192
end box6
515,178
515,178
516,177
517,177
518,177
519,178
519,178
520,179
520,180
520,181
520,182
520,183
519,184
518,185
517,186
516,185
515,184
515,183
end box7
593,145
594,145
595,145
596,145
597,145
597,145
598,146
598,147
598,148
598,149
598,150
597,151
596,152
595,152
594,152
593,151
593,150
end box8
791,156
792,156
793,155
795,155
797,156
798,156
798,158
798,163
797,164
796,165
794,166
793,165
791,164
791,163
end box9
644,162
645,161
646,161
647,161
648,162
649,162
649,163
650,164
650,165
649,166
649,167
649,169
647,169
646,170
645,169
644,168
end box10
693,174
694,174
695,174
696,174
697,174
698,175
698,176
698,180
698,182
697,183
695,183
694,183
693,182
692,180
end box11
544,149
545,149
546,149
547,149
547,149
548,149
549,150
549,151
549,152
549,153
549,154
548,155
547,156
546,156
545,156
544,155
end box12
634,157
634,158
635,160
635,163
635,164
633,165
627,165
626,164
end box13
530,145
531,145
533,144
534,145
534,145
535,146
535,147
535,148
535,149
535,150
535,151
533,152
532,152
531,152
530,151
end box14
646,173
647,172
648,172
649,172
650,172
650,173
651,178
650,179
649,180
648,181
647,180
646,179
end box15
696,158
696,158
697,159
697,160
697,162
697,163
696,164
695,165
694,165
693,165
692,164
692,163
end box16
494,127
497,127
498,127
499,128
500,129
500,130
500,131
500,132
500,134
499,135
498,135
496,136
495,136
494,135
493,134
end box17
531,159
531,159
532,159
533,159
533,159
534,160
534,160
535,161
535,162
535,163
535,164
534,165
533,165
532,166
531,165
530,165
end box18
543,176
543,176
544,175
545,175
546,175
547,176
548,176
548,177
549,178
549,179
549,180
549,182
548,183
546,183
545,184
544,183
543,183
542,182
end box19
545,157
545,157
547,157
547,157
548,158
548,158
549,159
549,160
548,161
549,162
548,163
547,163
546,163
545,163
544,163
end box20
581,126
582,125
584,125
585,125
586,126
586,133
585,133
583,134
582,133
581,133
end box21
545,157
545,157
547,157
547,157
548,158
548,158
549,159
549,160
548,161
549,162
548,163
547,163
546,163
545,163
544,163
end box22
604,128
605,128
607,128
608,128
609,129
609,136
608,136
606,137
605,136
604,136
end box23
end total24boxes
