0,221
23,177
62,157
117,161
152,161
176,160
197,163
220,165
244,170
279,177
318,197
358,229
378,279
359,306
301,319
252,325
226,328
199,319
81,316
27,301
9,270
end box0
656,197
658,191
662,186
667,184
673,184
686,185
692,184
698,185
702,191
705,196
706,204
706,211
702,216
693,217
687,216
682,216
677,216
672,217
665,217
658,215
655,210
655,203
end box1
481,190
483,186
485,183
488,181
492,182
501,182
504,182
507,183
511,186
513,189
515,194
514,199
511,203
506,203
502,203
498,203
489,201
484,201
482,198
481,194
end box2
861,203
887,187
908,178
925,175
937,173
948,173
959,172
969,174
983,173
1002,176
1027,184
1049,203
1052,227
1044,242
1011,251
986,250
970,249
959,250
922,248
893,252
862,243
857,228
end box3
468,193
469,189
472,185
475,184
479,184
488,185
491,185
495,186
498,189
500,192
502,197
501,202
498,206
493,207
489,207
485,206
482,206
479,205
471,203
469,201
468,197
end box4
452,196
453,192
455,190
458,189
462,189
469,189
472,189
475,191
478,193
480,196
481,200
480,204
478,207
474,208
470,208
467,207
456,205
454,203
453,199
end box5
410,176
411,175
412,175
413,175
414,176
415,177
415,184
414,185
412,186
411,185
410,184
end box6
end total7boxes
