439,185
440,181
444,176
448,172
453,172
458,171
463,171
468,172
474,172
478,175
481,181
483,185
483,192
483,199
481,205
476,207
468,205
452,207
444,208
440,206
439,198
440,191
end box0
572,182
572,180
573,179
574,178
575,177
577,177
578,177
580,177
582,177
583,178
584,180
585,182
585,183
585,186
585,188
583,189
580,189
578,189
576,190
574,190
572,189
571,187
571,185
571,183
end box1
555,180
555,178
557,177
558,175
559,175
564,175
566,175
568,176
569,178
570,179
570,182
570,184
569,187
567,187
564,187
562,187
561,187
558,188
556,187
555,186
554,184
554,181
end box2
540,179
540,177
542,176
543,175
544,175
550,175
552,175
554,177
555,178
556,181
556,183
554,186
552,186
549,186
546,186
544,186
541,186
539,185
539,183
539,181
end box3
575,178
575,177
576,176
579,176
580,176
581,177
581,178
582,179
582,180
582,181
582,183
581,184
579,184
578,184
577,184
576,184
575,183
574,182
end box4
557,179
558,178
558,177
558,177
559,176
562,176
563,176
564,177
565,178
565,179
565,180
565,181
565,183
564,184
562,184
561,184
560,184
559,184
558,183
557,182
557,181
557,180
end box5
543,179
544,178
544,178
545,177
545,177
548,177
549,177
549,177
550,178
551,179
551,180
551,181
551,183
549,183
548,184
547,184
546,184
545,183
544,183
543,182
544,181
543,180
end box6
624,150
624,149
625,148
626,148
627,148
628,149
628,149
628,150
629,151
629,152
629,153
629,154
628,155
627,156
626,157
625,156
624,155
624,154
end box7
940,102
944,98
985,101
991,102
993,147
989,150
942,151
939,147
end box8
180,199
182,196
186,195
188,197
189,226
186,226
181,226
179,222
end box9
0,114
0,112
0,110
1,109
3,108
5,107
6,107
8,108
10,109
12,110
13,112
13,114
13,116
13,118
13,120
11,122
9,123
7,123
4,123
2,123
0,121
0,119
0,117
0,115
end box10
end total11boxes
