145,235
179,213
204,199
226,193
245,194
260,193
275,188
293,184
315,186
354,185
383,197
396,231
397,264
385,288
348,298
292,303
275,301
257,304
237,311
215,312
176,304
138,293
130,270
end box0
147,192
147,191
148,189
150,187
152,186
153,185
156,184
158,185
160,186
162,188
164,190
165,192
165,195
165,198
163,200
161,202
159,204
156,205
153,204
151,203
149,201
147,199
146,197
146,195
end box1
1128,194
1129,189
1131,187
1133,185
1136,184
1139,184
1142,184
1145,186
1147,188
1148,191
1149,194
1149,197
1149,200
1148,204
1146,207
1143,208
1139,209
1136,209
1132,208
1130,206
1129,203
1128,200
1127,197
end box2
298,161
299,159
300,159
302,159
303,160
304,162
305,170
304,172
303,173
301,174
298,173
297,172
end box3
603,182
603,180
604,178
605,177
607,176
609,175
611,174
613,175
615,176
617,177
618,179
619,181
619,184
619,186
618,189
616,191
613,192
611,192
608,192
606,192
604,190
603,188
602,186
602,184
end box4
854,173
855,173
856,173
857,173
858,173
859,174
859,175
859,179
859,181
858,181
856,182
855,181
854,181
end box5
600,186
600,184
601,182
603,181
604,180
607,180
611,180
613,181
615,181
617,184
618,186
618,189
618,192
617,195
614,196
611,196
609,196
606,196
604,196
601,195
599,194
599,191
599,189
end box6
314,92
318,89
355,89
362,92
361,100
358,103
316,103
314,99
end box7
804,153
805,152
807,152
809,152
809,153
810,160
809,161
808,162
806,163
805,162
803,162
end box8
365,0
368,-1
395,0
395,4
394,23
391,26
382,28
end box9
22,160
23,160
24,160
26,160
27,160
28,161
29,162
29,164
29,165
29,167
29,168
28,170
26,171
24,171
23,171
21,170
20,169
20,167
end box10
969,178
974,178
975,178
975,179
976,184
976,185
975,187
973,187
971,188
970,187
968,187
967,186
end box11
911,189
912,188
913,188
915,188
916,189
917,190
918,191
918,197
917,199
915,200
914,201
912,200
910,199
909,198
end box12
1019,175
1020,174
1021,174
1023,174
1024,175
1025,176
1025,185
1023,186
1022,187
1020,186
1018,185
end box13
952,174
953,173
954,173
955,173
957,173
958,174
957,183
956,184
954,184
953,184
951,183
end box14
18,161
20,160
22,159
24,159
25,159
28,160
29,161
30,163
30,166
30,168
30,170
29,172
28,174
26,175
24,176
21,176
19,175
17,173
17,171
end box15
297,168
304,168
305,169
305,180
303,181
298,181
297,181
end box16
608,176
609,175
610,175
611,175
612,175
614,175
615,176
615,177
616,179
616,180
616,182
616,184
615,185
613,186
611,186
610,186
608,185
607,184
607,183
end box17
614,161
615,160
616,160
617,160
618,161
619,162
619,163
620,168
619,169
618,170
616,171
615,170
614,169
end box18
21,170
25,170
26,170
27,171
28,172
28,174
28,175
28,177
28,178
26,180
25,180
23,181
22,181
20,180
19,179
19,177
end box19
15,170
16,168
17,167
19,166
21,165
23,165
24,165
26,166
28,167
29,169
30,171
30,174
30,176
29,178
27,180
25,181
23,181
20,181
18,180
17,179
16,177
15,175
15,173
end box20
152,143
153,143
156,143
157,143
158,144
158,151
158,153
156,154
154,154
153,154
151,153
end box21
320,160
321,159
322,159
323,159
324,160
325,161
326,162
326,167
325,168
324,169
322,169
321,169
320,168
end box22
285,142
290,142
291,142
292,143
291,149
291,151
289,151
287,152
286,151
284,151
283,150
end box23
598,144
599,143
601,143
602,144
603,145
603,152
602,153
600,153
599,153
598,152
end box24
49,140
49,138
50,136
50,134
52,132
54,132
57,131
59,131
63,131
64,134
64,147
63,150
60,152
57,152
54,151
52,150
50,148
49,145
49,143
49,141
end box25
152,143
153,143
156,143
157,143
158,144
158,151
158,153
156,154
154,154
153,154
151,153
end box26
607,143
608,142
609,142
610,142
611,143
612,144
612,151
611,152
609,152
608,152
607,151
end box27
356,44
358,33
367,34
375,37
382,40
387,45
387,54
387,60
387,64
388,69
387,73
387,79
387,88
383,94
376,99
366,101
357,102
357,88
end box28
1020,139
1021,138
1024,138
1025,139
1026,140
1026,149
1024,150
1022,151
1020,151
1019,150
end box29
end total30boxes
