504,201
506,197
511,192
515,189
520,189
524,188
529,189
533,189
539,189
543,191
547,197
551,201
551,208
551,215
547,220
541,221
534,220
524,220
518,222
511,222
505,221
503,215
504,208
end box0
551,190
551,187
553,183
555,180
558,180
568,180
572,181
574,183
577,187
578,189
578,193
578,198
578,203
575,205
569,204
558,203
555,203
553,200
552,196
552,193
end box1
654,190
657,187
661,183
664,181
667,181
677,181
682,181
685,183
689,186
692,190
693,195
693,201
691,206
684,206
666,205
661,206
655,206
654,201
654,195
end box2
607,178
608,177
608,176
609,175
614,175
616,175
617,176
617,178
618,179
617,181
618,183
615,183
614,183
609,184
608,183
607,182
607,180
607,179
end box3
625,177
626,175
626,175
627,174
631,174
632,174
633,175
634,177
634,178
634,180
634,182
632,182
631,182
628,182
626,182
625,182
624,181
625,179
625,178
end box4
593,176
593,176
594,175
595,175
596,175
597,176
597,176
598,177
598,178
599,179
598,180
599,182
597,182
596,183
595,183
594,183
593,182
592,182
592,181
end box5
579,175
579,175
580,174
581,174
582,174
583,175
583,175
584,176
584,177
585,178
585,179
585,181
584,182
582,182
581,182
580,182
579,181
578,180
end box6
623,178
623,176
625,175
626,174
627,173
634,173
636,173
638,175
638,177
639,180
638,182
638,185
635,185
626,186
624,186
622,184
622,182
622,179
end box7
640,175
641,174
645,174
646,175
647,176
648,177
647,178
647,180
647,181
646,182
645,182
643,183
642,182
641,182
640,181
639,180
end box8
649,188
650,185
653,182
655,180
658,179
661,179
667,179
671,179
674,181
677,184
677,188
677,192
677,196
675,199
671,200
667,200
661,201
657,202
653,201
650,199
649,195
649,192
end box9
638,180
639,178
640,176
641,175
643,175
651,174
653,175
654,177
655,179
655,182
654,184
653,187
651,187
649,188
646,188
644,188
642,188
640,188
638,186
638,184
638,182
end box10
572,180
572,178
573,176
574,175
576,175
581,175
583,175
585,176
586,178
587,179
587,182
587,184
587,187
584,188
582,188
580,188
578,187
576,187
574,187
572,185
572,183
572,181
end box11
649,181
649,179
651,177
652,176
654,176
661,176
663,176
665,178
666,180
666,183
665,185
664,188
662,188
660,189
655,189
653,189
651,189
649,187
649,185
649,183
end box12
265,204
270,204
271,205
272,213
271,214
269,215
266,215
264,214
end box13
218,219
219,218
224,218
225,219
226,227
225,228
223,228
218,228
217,227
end box14
643,143
643,143
644,142
645,142
646,142
647,143
648,143
648,144
649,145
648,146
648,147
648,148
648,149
646,150
645,150
644,150
643,149
642,149
end box15
496,158
497,158
498,158
499,158
500,158
501,159
502,160
502,161
502,162
502,163
502,165
501,166
500,167
498,167
497,167
496,166
495,165
end box16
266,190
267,190
270,190
271,190
272,191
273,192
272,198
271,199
270,201
268,201
267,201
265,200
264,199
end box17
660,142
664,142
664,142
665,143
665,144
665,145
665,146
665,147
664,148
663,149
662,149
661,149
660,148
659,147
end box18
0,209
1,205
33,205
36,208
35,219
0,218
end box19
70,239
71,238
72,238
73,238
75,238
76,239
76,246
75,248
74,248
72,249
71,249
69,248
end box20
262,187
264,185
266,185
268,185
270,185
272,186
273,187
273,190
273,195
273,198
272,200
270,202
268,202
265,202
263,201
262,199
262,196
end box21
624,145
625,144
626,144
627,144
628,144
628,145
628,151
627,152
626,152
625,152
624,151
end box22
end total23boxes
