566,193
569,188
575,183
580,180
585,181
605,181
610,182
616,188
620,193
621,201
620,208
616,215
609,215
575,216
570,215
566,208
566,200
end box0
-2,232
8,212
32,203
54,201
69,200
82,201
93,201
105,203
119,203
135,209
153,218
170,235
178,258
172,275
148,286
48,290
24,289
2,276
-2,258
end box1
557,179
557,177
558,175
559,173
561,173
566,172
569,173
571,174
572,176
572,178
572,181
572,183
572,186
570,188
567,189
565,188
562,188
560,188
558,186
557,185
557,182
556,180
end box2
620,193
620,191
621,189
623,189
630,189
632,189
634,191
635,192
636,195
635,197
634,199
631,200
622,199
620,198
619,197
619,195
end box3
685,118
690,117
710,159
708,164
667,164
667,159
end box4
671,162
673,159
698,158
701,161
701,175
700,179
674,180
670,179
670,174
end box5
467,110
475,108
523,108
533,110
534,122
528,125
470,125
465,122
end box6
611,165
616,164
617,165
618,166
618,171
617,172
616,173
613,173
612,172
611,171
end box7
558,161
562,161
563,161
563,162
564,163
564,164
564,165
564,167
563,168
561,168
560,168
559,168
558,168
557,167
end box8
614,173
615,174
616,175
616,180
615,181
614,182
611,182
610,181
end box9
561,174
562,174
563,173
565,173
566,174
567,175
568,176
568,177
568,178
568,180
568,181
567,182
566,183
564,183
563,183
562,182
561,181
end box10
670,139
682,131
685,130
700,151
700,158
670,161
668,157
669,151
end box11
542,192
543,191
544,190
545,190
547,190
548,191
549,192
549,193
550,200
549,201
547,202
545,202
544,202
542,201
541,200
end box12
546,147
550,147
551,148
552,149
552,152
552,154
551,155
550,156
548,156
547,156
546,155
end box13
538,192
539,190
541,189
548,189
550,190
552,191
552,193
553,200
553,203
551,205
549,206
543,206
541,205
539,204
end box14
557,149
561,149
562,150
563,151
564,152
564,153
564,155
563,156
562,158
561,158
559,159
558,158
556,158
556,156
end box15
end total16boxes
