523,194
523,192
524,191
526,189
528,189
535,189
537,190
539,192
540,194
541,197
541,200
540,203
537,203
534,203
527,203
525,203
523,202
522,199
522,197
end box0
557,188
557,187
558,186
558,186
563,185
564,186
565,187
566,188
566,189
566,191
566,193
564,193
562,193
561,193
560,193
559,193
557,193
557,192
557,190
557,189
end box1
624,191
624,190
625,189
625,189
630,188
631,189
632,190
633,191
633,192
633,194
633,196
631,196
629,196
626,196
624,196
624,195
624,193
624,192
end box2
544,189
545,188
546,188
550,188
551,189
552,190
553,191
553,192
553,194
553,196
551,196
550,197
548,197
547,196
545,196
544,196
543,195
end box3
539,192
539,190
541,188
542,187
544,187
551,187
553,188
555,189
556,191
557,194
556,197
555,199
552,200
550,199
543,199
541,199
539,198
539,196
539,194
end box4
622,191
622,189
624,188
625,187
632,187
634,187
636,188
637,190
638,193
638,195
636,197
634,198
626,198
623,198
622,197
621,195
621,193
end box5
640,191
641,190
642,189
646,189
647,189
648,190
648,191
648,192
648,193
648,195
647,195
645,196
644,196
643,196
642,195
641,195
640,194
640,193
640,192
end box6
576,188
578,186
582,186
583,186
584,187
584,188
585,189
584,190
584,192
583,192
581,193
579,192
578,192
577,192
576,191
576,190
576,189
end box7
462,191
462,189
463,188
465,187
474,187
476,187
478,189
480,191
480,194
480,197
479,199
476,200
466,200
464,200
462,198
461,196
461,194
end box8
527,190
528,189
529,189
533,189
534,190
535,191
536,192
536,193
536,195
536,197
534,197
533,198
531,198
530,198
528,197
527,197
527,196
end box9
593,188
593,188
594,187
595,187
596,187
597,188
598,188
598,189
599,190
599,191
599,192
599,194
598,194
596,195
595,195
594,195
593,194
592,194
592,193
end box10
663,206
668,199
676,196
684,196
700,197
704,197
710,198
718,201
726,207
731,215
728,222
715,224
665,220
662,214
end box11
612,189
616,189
617,189
617,190
618,191
618,192
618,193
618,195
617,195
615,196
614,196
613,196
612,195
611,195
610,194
end box12
517,193
519,190
522,188
524,187
527,187
534,187
536,187
539,188
543,190
545,193
547,197
546,201
543,204
539,204
535,204
526,204
523,203
520,203
517,200
517,196
end box13
535,161
536,160
537,160
538,160
539,161
539,161
540,162
540,163
540,164
540,165
540,166
539,167
538,168
537,168
536,168
535,167
end box14
540,160
541,160
543,160
543,160
544,160
545,161
545,162
545,164
545,165
544,166
543,167
542,167
541,167
540,166
end box15
532,174
532,174
534,174
534,174
535,174
535,175
536,179
535,180
534,181
533,181
532,181
531,180
end box16
595,158
597,158
598,158
598,164
597,164
595,164
594,164
end box17
626,147
626,147
627,147
628,147
628,147
629,148
629,153
628,153
627,153
626,153
625,152
end box18
595,144
596,144
599,144
599,144
599,151
598,151
597,151
596,151
595,150
end box19
end total20boxes
