371,202
375,193
383,184
392,179
402,178
411,178
419,178
429,179
438,180
446,185
455,194
460,202
462,216
461,229
457,238
443,240
429,237
419,236
411,237
401,239
388,241
376,238
371,228
371,215
end box0
470,192
471,189
474,185
476,182
480,182
491,182
496,182
498,185
501,189
503,192
502,197
503,202
502,207
498,209
479,208
475,207
472,206
470,201
470,197
end box1
535,176
536,171
538,168
543,168
559,168
562,171
564,175
565,179
565,184
565,189
564,194
561,197
555,197
550,196
542,196
538,195
536,192
end box2
539,176
540,173
542,171
545,171
555,171
558,172
559,175
560,178
561,181
561,185
560,189
557,190
554,191
544,190
541,189
539,187
end box3
539,193
539,191
540,189
542,187
543,186
550,186
552,187
554,188
555,190
556,192
556,195
556,198
556,201
553,202
551,203
545,202
543,202
541,201
539,199
539,194
end box4
505,178
505,175
507,171
509,168
512,167
527,167
530,170
532,174
533,177
532,182
532,186
531,191
529,193
523,193
512,192
508,191
506,189
505,185
505,181
end box5
617,211
620,208
622,206
625,205
637,205
640,206
644,208
647,211
648,215
648,219
644,221
639,222
625,221
620,221
617,218
617,215
end box6
713,88
721,84
770,76
778,82
780,188
771,191
716,190
709,184
end box7
560,177
561,176
562,176
564,176
566,176
567,177
568,178
568,185
567,186
565,187
563,187
562,187
560,186
559,185
end box8
574,176
575,175
576,175
577,175
578,176
579,176
580,178
581,179
580,180
580,182
580,183
579,184
578,185
576,186
575,186
573,185
573,183
end box9
end total10boxes
