-11,235
15,218
37,208
54,204
67,202
79,203
90,201
102,203
116,203
134,207
158,215
184,235
187,258
176,275
144,282
114,279
100,277
89,278
79,281
66,282
51,283
19,285
-12,278
-18,261
end box0
463,196
464,192
469,189
472,187
477,187
486,187
491,187
495,188
499,192
502,196
503,202
503,208
499,211
493,212
487,211
475,212
469,213
464,212
461,207
462,201
end box1
333,201
340,195
346,191
353,190
358,190
363,190
366,190
371,190
376,190
383,191
389,195
397,201
401,210
399,218
388,220
377,220
371,220
367,219
362,220
358,220
352,220
342,220
333,217
332,210
end box2
512,190
513,187
516,184
518,182
521,182
530,182
534,181
536,183
539,186
541,189
542,194
542,199
540,203
535,203
530,202
520,203
516,203
512,202
511,198
511,194
end box3
589,191
589,190
590,188
592,186
594,186
600,185
602,185
604,186
605,189
606,191
606,194
606,197
606,200
603,201
600,201
598,201
595,201
593,201
590,200
589,199
589,196
588,194
end box4
694,195
696,191
699,188
702,185
705,185
709,185
712,185
715,185
720,185
723,187
727,190
729,194
729,199
729,204
727,209
722,210
716,209
709,209
704,210
699,210
695,208
693,204
693,199
end box5
575,188
575,188
576,187
578,187
579,188
580,188
580,189
581,190
581,191
581,192
581,194
580,194
578,195
577,195
576,195
575,194
574,194
573,193
end box6
562,190
562,189
563,189
564,189
565,189
566,189
567,190
567,191
568,192
568,193
568,194
568,196
567,197
566,197
564,198
563,197
562,197
561,196
561,195
end box7
556,194
556,192
557,190
558,189
560,188
562,188
563,188
565,188
567,189
569,189
570,191
571,193
572,196
572,198
571,201
569,202
566,203
564,202
561,202
559,202
557,201
556,200
555,198
555,195
end box8
403,197
403,193
405,190
408,187
412,187
415,187
418,187
421,188
425,187
428,190
431,193
432,197
433,201
433,206
431,210
427,212
422,212
418,211
415,211
411,211
408,210
404,208
403,204
403,200
end box9
571,193
571,192
573,190
574,189
576,189
583,189
585,190
587,191
588,193
589,196
589,199
587,201
585,202
582,202
575,202
573,202
571,200
570,198
570,196
end box10
734,194
737,189
742,183
747,180
753,179
758,179
763,179
768,179
776,179
784,180
789,186
791,194
791,202
789,209
784,215
776,216
769,217
763,217
758,217
751,219
743,218
735,216
730,210
731,202
end box11
522,190
522,188
523,187
525,185
527,185
533,184
535,185
537,186
538,188
539,190
539,193
540,196
539,199
536,200
533,200
526,200
523,199
522,198
521,195
521,193
end box12
660,175
660,175
661,174
662,174
663,174
664,174
665,175
665,176
666,177
666,178
666,179
666,181
665,182
664,182
662,183
661,182
660,182
659,181
end box13
239,229
239,226
240,220
239,211
242,198
250,181
259,175
267,191
270,208
271,218
269,225
270,234
269,238
269,243
271,257
272,283
262,288
246,286
239,273
241,249
242,241
241,237
end box14
501,190
502,189
503,189
504,189
505,190
506,191
507,192
507,197
506,199
505,199
503,199
502,199
501,198
end box15
867,107
867,104
894,103
894,106
894,132
894,136
867,135
end box16
378,172
381,171
383,172
384,172
385,180
384,181
382,181
379,181
377,181
end box17
496,190
497,188
499,187
500,186
503,185
505,186
506,187
507,189
508,191
509,193
509,195
509,197
509,199
508,202
506,203
503,203
500,202
499,201
end box18
241,207
249,191
259,186
267,202
276,277
277,306
263,298
246,295
236,292
end box19
565,178
566,178
566,179
567,180
567,181
567,182
567,184
566,185
565,185
563,186
562,185
561,185
end box20
370,173
371,172
373,172
374,173
375,174
376,182
374,182
371,182
369,182
end box21
643,144
647,144
648,144
648,145
649,146
649,147
649,148
649,150
648,150
646,151
645,151
644,151
643,150
642,150
end box22
509,173
510,173
512,173
513,173
514,174
514,175
515,176
515,177
515,178
515,180
514,181
512,181
511,182
510,181
509,181
end box23
465,93
466,91
468,90
471,90
473,90
475,92
476,94
477,105
476,108
474,110
471,111
468,110
466,109
464,106
end box24
643,158
644,158
645,158
646,157
647,158
647,158
648,159
648,160
648,161
648,162
648,163
647,164
646,165
645,165
644,165
643,164
643,163
end box25
451,162
452,162
453,163
453,168
453,170
452,171
450,171
448,172
447,171
445,171
444,170
end box26
448,173
449,174
450,175
450,180
449,182
448,182
445,182
444,181
end box27
692,190
693,189
694,188
695,188
696,188
697,189
698,190
698,191
699,192
699,193
699,194
699,196
698,197
697,198
695,199
694,198
693,197
692,196
end box28
499,174
501,174
502,174
503,175
504,176
504,177
504,179
504,181
503,182
502,183
500,183
499,182
498,182
end box29
479,172
480,171
482,171
483,172
483,172
484,173
484,174
484,175
484,176
484,177
483,178
482,179
481,179
480,179
479,178
end box30
426,156
427,156
430,156
431,156
431,158
431,165
430,167
428,167
427,167
425,166
end box31
613,131
614,130
615,130
616,130
617,131
618,132
618,139
617,140
615,140
614,140
613,140
end box32
578,175
578,175
580,175
580,175
581,176
581,176
581,177
582,178
581,179
582,180
581,181
580,181
579,182
578,181
577,181
end box33
556,160
557,160
559,160
560,160
561,161
561,166
561,168
560,168
558,169
557,168
556,168
end box34
580,162
581,162
583,162
584,162
584,162
585,163
585,167
584,168
583,169
582,169
581,169
580,168
end box35
643,158
644,158
645,158
646,157
647,158
647,158
648,159
648,160
648,161
648,162
648,163
647,164
646,165
645,165
644,165
643,164
643,163
end box36
end total37boxes
