218,203
227,197
234,194
240,193
245,192
261,192
268,193
276,196
285,202
288,212
284,218
272,219
262,219
257,219
249,219
244,219
239,220
228,220
216,218
215,211
end box0
336,192
338,189
341,187
343,185
346,185
356,185
359,186
362,189
365,192
366,196
366,200
363,204
358,204
354,203
345,204
341,204
337,203
334,200
334,196
end box1
358,191
358,189
359,188
361,186
363,186
371,186
373,187
375,189
375,191
375,194
375,197
374,200
372,200
369,201
364,201
362,201
359,200
358,199
357,196
357,194
end box2
342,191
342,189
344,188
346,186
348,186
356,186
358,187
360,189
361,191
362,194
361,197
360,200
357,201
354,200
347,201
344,201
342,199
341,196
341,194
end box3
411,190
421,184
430,181
466,180
476,183
486,190
491,201
487,208
471,210
460,209
434,209
423,210
408,208
407,200
end box4
381,194
383,190
385,187
387,185
391,184
394,184
397,184
400,184
405,184
408,186
410,189
412,193
412,198
412,202
410,207
406,208
401,208
397,208
394,208
390,208
386,208
382,206
380,202
380,198
end box5
328,191
328,189
329,187
330,186
332,186
339,185
341,186
343,188
344,190
344,193
344,195
343,198
340,198
338,199
335,199
333,199
331,199
329,199
327,197
327,195
327,193
end box6
740,53
743,52
759,64
760,69
758,73
758,79
743,83
727,72
726,68
end box7
51,210
51,208
52,207
53,206
54,205
56,204
57,204
59,204
61,205
63,206
64,208
64,210
65,212
64,214
63,216
62,217
60,218
58,218
55,218
54,218
52,217
51,215
50,213
50,211
end box8
784,214
786,208
792,204
798,202
804,203
807,211
812,254
809,260
799,255
790,256
782,258
782,246
end box9
757,139
758,138
760,138
761,139
762,140
763,146
762,147
761,148
759,149
758,148
757,148
end box10
758,125
759,124
760,124
762,124
763,125
764,126
764,135
762,137
761,138
758,137
757,136
end box11
735,79
736,77
750,77
752,79
752,81
752,84
752,87
752,89
744,92
735,88
end box12
915,111
915,109
916,107
918,106
920,105
923,105
925,105
927,106
929,108
930,110
931,112
930,115
930,117
930,120
928,122
926,124
923,124
920,124
918,123
916,121
915,119
914,116
914,114
end box13
920,110
921,109
922,109
924,109
925,110
926,111
927,112
928,114
927,117
927,119
926,120
924,121
922,122
921,122
919,120
918,119
end box14
766,75
767,72
769,71
772,71
774,72
776,74
777,77
776,79
777,81
777,82
776,84
777,86
776,89
775,92
772,93
769,93
766,92
end box15
33,165
34,164
34,161
34,158
36,155
39,154
43,151
47,151
49,154
50,181
48,185
43,184
39,182
36,179
34,175
34,171
34,169
34,167
end box16
390,99
391,97
394,96
400,96
402,98
402,116
401,118
394,118
391,117
end box17
967,121
968,120
968,118
969,116
972,116
974,116
975,116
978,117
979,119
979,121
979,123
979,124
979,126
979,128
978,130
976,131
974,132
971,132
969,132
968,130
967,128
end box18
806,109
807,108
810,108
811,109
811,119
810,120
808,121
807,120
805,119
end box19
252,160
253,159
254,159
255,159
256,160
257,161
257,168
256,169
254,169
253,169
252,168
end box20
803,140
804,140
807,140
808,140
808,142
808,149
807,151
805,151
804,151
802,150
end box21
end total22boxes
