714,223
721,213
730,200
740,193
754,193
766,194
777,193
789,193
803,193
815,198
827,211
832,223
830,240
829,258
824,269
804,269
787,266
776,266
766,267
754,269
737,272
719,270
713,258
713,241
end box0
527,197
529,193
532,188
536,185
541,186
545,186
548,186
552,186
557,186
561,188
565,193
567,196
568,203
567,209
565,214
560,216
553,213
539,215
532,216
529,214
527,208
528,202
end box1
622,192
622,191
622,190
623,189
624,189
628,189
630,189
631,190
631,192
631,193
631,195
631,197
629,197
628,198
626,198
625,198
623,198
622,197
621,196
621,194
621,193
end box2
571,194
571,192
572,190
573,188
575,188
580,188
582,189
584,190
585,191
586,193
586,196
586,198
586,201
584,202
581,202
579,202
576,202
574,202
572,201
571,200
571,197
571,195
end box3
606,188
607,187
607,186
608,186
613,185
614,186
616,186
616,188
616,189
616,191
616,193
614,193
613,193
610,193
608,193
607,193
606,192
606,190
606,189
end box4
640,192
640,190
641,188
642,187
644,186
646,185
652,185
655,186
656,189
656,191
655,194
655,196
654,199
652,199
647,200
645,201
642,202
640,201
639,198
639,196
639,194
end box5
592,188
593,187
598,187
600,187
600,188
601,190
601,191
601,193
601,195
599,195
598,196
596,196
595,196
593,195
592,195
591,194
end box6
651,202
653,197
659,192
665,189
670,189
685,189
691,189
696,191
702,196
706,202
707,210
706,217
700,222
693,223
669,223
662,224
654,223
650,217
650,210
end box7
645,192
646,188
649,185
651,183
655,182
669,181
673,183
676,187
676,191
675,196
672,203
668,205
657,206
653,207
649,207
646,204
645,200
645,196
end box8
576,192
577,191
578,191
582,191
583,192
584,193
585,194
585,195
585,197
585,199
583,199
582,200
580,200
579,200
577,199
576,199
576,198
end box9
620,192
620,190
622,189
623,188
624,187
631,187
633,188
634,189
635,191
635,194
635,196
635,199
632,199
623,200
621,199
620,198
619,196
619,193
end box10
480,178
480,177
481,176
482,176
483,177
484,177
484,178
485,179
485,180
485,181
485,182
485,183
484,184
484,186
482,186
481,186
480,184
480,183
end box11
699,108
700,104
710,101
713,101
725,103
726,120
726,125
713,129
700,127
698,124
698,119
698,115
end box12
566,173
567,173
567,174
568,175
568,176
568,177
568,179
567,180
565,180
563,180
562,179
561,179
end box13
628,147
629,146
630,146
631,146
632,147
632,153
631,154
630,154
629,154
628,153
end box14
end total15boxes
