60,216
111,186
154,175
193,179
213,179
228,181
241,183
254,184
268,187
298,187
338,195
392,220
416,263
393,278
321,284
279,282
147,285
82,277
56,260
end box0
681,206
685,200
692,193
697,189
704,188
711,188
724,189
733,189
739,191
746,199
750,206
750,216
749,225
744,231
732,232
724,231
703,233
694,235
683,233
680,226
681,216
end box1
548,180
550,177
552,174
555,172
559,172
568,172
572,171
575,174
578,177
580,180
580,185
581,190
579,195
575,196
569,194
558,194
554,194
550,193
549,189
549,185
end box2
663,193
665,189
667,186
669,184
672,182
676,182
683,182
688,182
692,183
694,187
694,192
690,205
686,206
675,208
671,209
666,208
663,206
662,201
663,197
end box3
516,179
517,175
520,172
524,171
535,172
538,172
541,173
546,175
548,178
550,183
549,188
546,191
541,192
536,191
520,189
517,186
516,183
end box4
467,188
469,180
476,176
484,176
503,176
509,176
515,178
520,183
527,188
530,197
529,204
519,207
510,208
504,208
499,208
477,206
470,202
467,196
end box5
638,181
638,179
639,177
641,175
643,175
645,174
649,174
651,175
653,176
654,178
655,180
655,183
655,186
654,188
652,190
649,190
647,190
644,190
642,190
639,189
638,187
638,185
638,183
end box6
539,179
539,177
540,175
541,174
543,173
545,172
547,172
548,173
550,173
552,174
553,176
554,178
554,181
554,183
553,185
551,187
549,188
547,188
544,187
542,187
541,186
540,184
539,182
539,180
end box7
651,179
651,177
652,176
654,174
656,174
664,173
667,174
668,176
669,179
669,182
668,185
667,188
665,189
655,189
652,188
651,187
650,184
650,182
end box8
476,180
480,176
485,174
508,175
514,176
520,180
523,186
520,191
513,193
478,190
475,186
end box9
654,191
654,189
655,187
656,186
658,185
659,184
664,184
666,184
669,185
670,188
668,197
666,199
664,200
662,200
659,201
657,200
655,199
654,197
653,195
653,192
end box10
624,179
624,177
625,175
626,174
628,173
630,173
633,173
636,173
637,174
639,176
639,178
639,181
640,183
639,186
637,187
634,188
632,187
629,187
627,187
625,187
624,185
623,183
623,180
end box11
644,179
645,175
647,173
650,171
653,171
666,170
669,172
671,175
673,179
673,183
672,187
670,190
666,192
652,192
649,191
646,190
644,186
644,182
end box12
578,172
579,172
580,171
581,172
582,172
583,172
584,173
585,174
585,175
585,176
585,178
585,179
584,180
583,181
581,181
580,180
579,180
578,179
end box13
571,174
572,172
573,171
575,170
580,170
582,171
584,172
585,173
586,175
586,178
586,180
585,183
584,184
581,184
579,184
577,184
575,183
573,182
572,181
end box14
590,173
590,172
592,170
593,169
595,169
602,169
604,169
606,171
607,173
607,176
608,179
606,181
604,182
594,182
592,182
590,181
589,178
589,176
end box15
679,192
680,189
683,186
685,184
688,182
691,182
698,182
702,182
706,183
709,187
709,191
686,207
682,207
679,204
678,200
677,196
end box16
627,176
628,175
629,175
630,175
631,175
632,175
633,176
634,177
634,178
634,179
634,180
634,182
633,183
632,183
630,184
629,184
628,183
627,182
626,181
end box17
658,158
663,157
665,157
665,159
666,160
666,161
666,163
666,164
664,166
663,166
660,166
658,165
658,164
657,163
end box18
512,158
513,157
515,157
516,158
517,158
517,159
518,160
517,162
517,164
517,165
515,165
514,165
513,165
512,165
511,163
end box19
676,161
677,160
678,160
679,160
680,161
681,161
681,162
682,163
681,164
681,165
681,166
681,168
679,168
678,168
677,168
676,167
675,166
end box20
679,170
680,171
681,172
681,177
680,178
676,178
675,178
674,177
end box21
497,156
501,156
502,157
502,158
503,163
502,164
501,164
498,164
497,164
496,163
end box22
654,158
655,156
656,155
658,154
666,154
668,155
669,157
670,159
669,162
669,164
669,167
667,169
664,169
657,169
655,168
654,165
654,163
654,161
end box23
end total24boxes
