89,218
109,206
122,199
133,196
142,195
151,195
159,194
166,194
176,195
191,196
210,201
225,216
225,233
218,244
196,250
176,249
165,248
158,250
151,250
143,249
132,250
111,251
89,245
85,235
end box0
329,231
350,209
365,189
385,179
407,177
426,175
443,175
463,175
485,178
512,185
535,202
543,230
549,260
543,286
524,301
487,303
462,303
443,302
427,299
410,298
381,302
344,303
324,286
320,260
end box1
680,178
682,175
684,173
686,171
689,171
700,171
701,173
705,175
707,178
707,181
707,186
706,190
702,190
687,190
683,190
680,189
679,185
679,181
end box2
734,174
734,172
735,171
737,169
739,169
744,168
747,169
749,170
750,172
751,174
751,177
751,180
751,183
748,184
745,183
738,184
735,184
733,182
733,179
733,177
end box3
1044,164
1046,161
1049,158
1052,157
1055,157
1065,157
1069,158
1072,160
1075,164
1077,168
1076,173
1072,175
1066,175
1063,175
1057,175
1054,175
1051,175
1045,175
1042,173
1042,168
end box4
1102,163
1106,159
1111,157
1114,157
1127,156
1131,157
1136,158
1141,163
1143,168
1141,172
1134,174
1116,175
1112,175
1106,175
1101,173
1100,168
end box5
1206,162
1208,159
1210,157
1213,156
1215,156
1225,155
1228,156
1231,158
1233,162
1233,166
1233,169
1230,172
1226,173
1223,173
1220,173
1217,174
1214,173
1211,173
1207,172
1205,169
1205,165
end box6
718,175
718,173
719,172
720,170
722,170
724,169
727,169
729,170
731,170
732,172
733,174
733,177
733,179
732,182
730,182
728,183
725,182
723,183
721,183
719,183
718,181
717,179
717,176
end box7
863,164
863,162
865,161
867,160
876,160
879,160
881,162
883,164
884,167
883,170
882,173
878,173
868,173
865,173
863,172
862,170
861,167
end box8
1165,161
1170,158
1175,156
1194,156
1200,158
1205,161
1208,167
1205,171
1171,173
1165,171
1162,167
end box9
824,164
829,161
834,159
851,159
857,160
862,163
865,169
862,173
856,175
830,175
824,172
822,168
end box10
1129,161
1135,157
1141,155
1160,156
1166,157
1173,161
1176,166
1172,170
1137,172
1129,170
1126,166
end box11
539,178
539,176
540,174
541,173
543,173
545,172
546,172
548,172
550,173
552,174
553,175
554,177
554,180
554,182
553,185
551,186
549,186
547,186
545,186
542,186
541,185
539,183
539,181
539,179
end box12
672,175
673,174
674,174
675,174
676,174
677,174
678,175
679,176
679,177
679,178
679,179
679,181
678,182
676,182
675,182
674,182
673,182
672,181
671,180
end box13
831,163
832,161
835,159
837,159
846,158
849,159
852,160
855,163
856,166
855,170
852,173
848,172
835,173
832,172
830,169
830,166
end box14
1076,166
1076,164
1077,163
1079,162
1081,161
1088,161
1090,162
1092,164
1093,166
1094,169
1094,172
1093,175
1090,176
1087,175
1085,175
1082,175
1080,176
1077,175
1076,174
1075,171
1074,169
end box15
720,176
720,175
721,174
721,174
722,173
723,173
724,172
725,173
726,173
727,174
728,175
728,176
728,177
728,178
728,180
727,181
725,181
724,182
723,182
722,181
720,180
720,179
720,178
720,177
end box16
525,177
525,175
526,173
527,172
529,171
534,171
536,172
538,173
539,174
540,176
541,179
541,181
540,184
538,185
535,185
529,184
526,184
525,183
524,180
524,178
end box17
1031,165
1031,163
1032,161
1033,160
1035,159
1037,158
1040,158
1043,159
1045,160
1046,162
1047,164
1047,167
1047,169
1046,172
1044,173
1041,174
1039,174
1036,174
1034,174
1032,173
1030,171
1030,169
1030,167
end box18
801,164
801,162
802,160
803,159
805,159
812,159
814,160
815,161
816,163
817,166
817,168
816,171
813,171
811,172
805,171
802,171
801,170
800,168
800,166
end box19
890,163
894,160
898,158
901,157
912,157
915,158
920,159
926,162
927,168
926,172
920,174
915,174
899,174
893,174
889,171
888,167
end box20
668,180
668,178
669,177
671,175
672,175
677,175
679,175
681,176
682,177
683,179
683,182
683,184
682,186
680,187
678,188
675,188
673,188
671,188
670,187
668,185
668,183
668,181
end box21
572,177
573,175
574,174
575,173
576,172
578,172
581,172
583,172
585,173
586,175
586,176
587,179
587,181
586,183
584,184
581,184
579,184
578,184
575,185
573,184
572,182
572,180
572,178
end box22
1064,165
1064,163
1066,161
1067,160
1070,160
1078,160
1080,161
1082,163
1084,165
1084,168
1084,171
1082,174
1079,175
1076,175
1074,175
1071,175
1069,175
1066,175
1064,173
1063,170
1063,168
end box23
788,160
789,159
790,159
791,159
792,160
792,160
793,161
793,162
793,163
793,164
793,165
792,166
791,167
790,167
789,167
788,166
787,165
end box24
665,160
665,160
666,161
666,162
666,164
666,165
665,166
664,167
663,167
662,167
661,166
end box25
320,176
321,176
321,177
322,178
321,179
321,180
321,182
321,182
319,183
318,183
317,183
316,182
315,181
end box26
591,132
592,131
593,131
594,131
595,131
595,132
596,139
595,139
593,140
592,139
591,139
end box27
691,111
692,110
693,110
694,110
695,110
695,111
695,117
694,118
693,118
692,118
691,117
end box28
853,107
854,106
855,106
856,106
857,107
858,108
858,115
857,116
855,117
854,116
853,115
end box29
461,110
462,110
465,109
466,110
466,119
465,121
463,121
462,121
461,120
end box30
560,160
560,160
562,160
562,160
563,161
563,161
564,162
564,164
564,165
563,166
562,167
561,167
560,166
559,166
end box31
923,139
924,139
926,139
927,139
928,140
928,147
927,147
925,148
924,147
923,147
end box32
575,143
576,142
577,142
578,142
579,142
579,143
579,149
578,150
577,150
576,150
575,149
end box33
789,142
790,142
792,142
793,142
794,143
795,149
794,150
793,151
791,151
790,151
789,150
end box34
end total35boxes
