588,192
588,187
593,182
597,179
603,179
608,179
613,179
618,179
624,179
628,182
631,188
634,192
635,199
635,206
633,213
627,215
602,213
592,216
589,214
587,206
588,199
end box0
783,273
807,236
842,208
876,196
911,196
940,202
966,202
995,198
1026,201
1060,211
1097,238
1122,274
1131,322
1124,362
1091,392
1051,402
999,385
909,383
861,399
817,390
785,360
775,322
end box1
657,188
658,185
661,181
664,178
668,177
675,177
679,177
684,177
687,180
691,184
693,188
693,193
693,199
692,205
686,206
680,205
667,205
661,205
657,204
656,198
656,193
end box2
459,215
464,206
472,198
479,192
489,192
498,192
506,191
515,191
525,192
533,196
542,205
546,214
547,227
548,242
543,250
528,252
515,251
506,249
498,249
489,250
477,250
464,249
460,240
458,227
end box3
497,176
499,172
502,170
505,168
508,168
520,168
523,170
527,172
530,175
530,180
530,184
526,188
522,189
504,188
500,187
497,184
496,180
end box4
458,174
458,172
459,170
460,169
462,169
464,168
465,168
467,168
469,169
471,170
472,171
473,173
473,176
473,178
473,181
471,182
468,183
466,182
463,182
461,182
459,181
458,180
458,177
457,175
end box5
369,180
371,177
373,174
375,173
379,172
381,172
384,172
386,172
390,172
393,174
396,176
397,180
398,184
397,188
395,191
391,192
387,192
384,193
381,193
378,193
374,192
371,191
369,187
369,183
end box6
893,106
896,103
930,102
936,105
935,110
935,124
932,129
895,128
893,123
end box7
889,88
889,84
896,82
936,83
937,88
936,102
930,105
894,105
889,102
end box8
890,61
891,55
893,50
897,46
902,44
908,42
913,42
919,43
925,45
929,49
931,55
933,60
933,66
932,72
930,78
926,83
920,86
914,87
908,87
901,87
895,84
892,78
891,72
891,66
end box9
584,160
586,160
587,161
587,163
587,164
587,166
587,168
586,169
584,169
581,169
579,169
578,168
578,166
end box10
612,160
615,159
616,160
617,160
617,161
618,162
618,163
617,164
617,166
617,167
615,167
614,167
613,167
612,166
611,165
end box11
661,161
664,160
665,161
666,161
666,162
667,167
666,168
665,168
663,169
662,168
661,168
660,166
end box12
624,163
625,162
627,162
628,163
629,163
629,164
630,165
630,167
630,169
629,170
628,170
626,171
625,170
624,170
623,169
end box13
680,157
681,158
682,159
682,164
681,166
680,166
677,166
675,165
end box14
628,187
629,187
630,186
631,186
632,186
633,187
634,188
635,189
635,190
635,191
635,192
635,194
634,195
633,196
631,197
630,196
629,195
end box15
625,175
626,174
627,174
628,174
629,174
630,174
631,175
632,176
632,177
632,178
632,179
632,181
631,182
630,183
628,183
627,183
626,182
625,181
end box16
687,157
688,157
689,157
690,157
691,157
692,158
692,165
691,165
689,166
688,166
687,165
end box17
end total18boxes
