758,219
762,206
776,191
787,177
801,174
819,175
834,175
850,176
870,177
885,184
896,201
895,219
893,238
889,257
883,275
867,277
819,277
801,282
774,288
759,283
756,262
757,241
end box0
865,273
901,234
935,205
972,193
1007,188
1037,190
1066,189
1096,188
1130,194
1172,203
1210,229
1236,272
1243,323
1231,362
1189,384
1133,388
1094,382
1063,374
1038,376
1007,386
967,393
911,383
862,366
852,326
end box1
678,193
679,188
683,183
687,180
691,178
696,178
701,178
706,178
713,178
719,179
721,186
721,192
715,209
711,211
706,212
701,213
695,215
689,216
682,215
678,211
677,205
678,199
end box2
280,238
297,221
314,210
331,205
345,203
358,204
369,202
381,204
397,204
416,208
434,219
447,238
448,259
441,276
419,285
328,289
302,289
282,278
276,261
end box3
466,192
471,184
480,176
488,171
497,171
506,171
513,172
521,172
530,173
536,177
546,185
552,192
553,205
552,217
546,226
534,227
522,225
513,225
506,224
499,223
486,226
475,226
469,216
468,205
end box4
547,186
549,183
551,180
554,178
558,178
567,178
571,178
573,180
577,183
579,186
580,191
580,196
577,200
573,201
568,200
557,199
554,199
550,198
548,195
547,191
end box5
709,206
711,199
714,191
719,184
726,182
735,181
742,181
750,182
760,183
766,187
769,197
769,205
767,213
766,221
764,229
759,235
750,236
742,236
734,238
724,240
713,239
708,234
707,223
708,214
end box6
664,189
665,186
667,184
669,181
672,179
675,178
678,178
682,178
687,178
691,179
692,184
681,202
678,204
674,205
670,206
666,204
664,201
664,196
664,192
end box7
652,187
653,184
655,182
657,180
659,178
662,178
665,177
668,177
673,177
675,179
677,183
676,187
675,198
672,200
668,200
665,201
662,201
658,201
654,200
652,198
652,194
652,190
end box8
17,278
34,253
59,237
87,233
109,232
128,236
144,239
161,238
178,242
198,249
224,262
244,283
253,314
246,337
217,349
190,358
168,360
83,357
53,355
25,338
19,312
end box9
637,179
637,177
639,176
640,175
641,174
643,173
644,173
646,173
648,174
650,174
652,176
652,178
652,181
652,183
651,185
649,186
646,187
644,187
642,187
640,187
638,186
637,185
636,182
637,180
end box10
576,174
577,173
578,173
579,173
580,173
581,173
582,174
582,175
583,176
583,177
583,178
583,180
582,181
581,181
579,182
578,181
577,181
576,180
end box11
570,178
570,176
571,174
572,173
574,173
576,172
577,172
579,172
581,173
583,174
584,176
585,177
585,180
585,182
584,185
582,186
580,186
578,186
576,186
574,185
572,184
571,183
570,181
570,179
end box12
672,194
672,192
672,190
673,188
675,185
677,182
681,179
685,179
688,182
688,187
685,203
684,208
681,211
676,212
673,209
672,204
672,200
672,197
672,195
end box13
653,181
654,179
655,178
656,177
657,176
659,174
660,174
662,175
665,175
667,176
668,178
668,180
667,183
664,188
663,189
660,190
658,190
656,190
654,189
653,187
653,184
653,182
end box14
589,176
590,174
591,173
593,172
594,171
599,171
601,171
603,172
604,173
606,175
606,178
606,181
605,183
602,184
600,184
597,183
595,184
593,184
591,183
589,182
589,180
589,178
end box15
593,176
594,175
594,175
595,174
595,174
596,173
597,173
598,173
599,173
600,174
600,175
601,176
601,177
601,178
601,180
600,181
598,181
597,182
596,181
595,181
594,180
593,179
593,178
593,177
end box16
640,175
640,175
641,174
642,174
643,174
644,174
645,175
645,176
646,177
645,178
645,179
645,180
644,181
643,182
642,183
641,182
640,182
639,181
639,180
end box17
556,179
556,177
558,175
560,174
562,174
569,175
571,175
573,177
575,179
576,182
576,185
574,188
571,189
558,188
556,187
555,184
555,182
end box18
623,176
623,174
624,173
625,171
627,171
629,170
630,170
632,170
634,170
636,171
638,173
638,175
638,178
639,180
638,183
636,184
633,185
631,184
628,185
626,185
624,184
623,182
622,180
622,177
end box19
610,174
611,173
612,172
613,172
614,172
615,173
616,174
616,175
617,176
617,177
617,178
617,180
616,181
615,182
613,183
612,182
611,181
610,180
end box20
656,156
657,155
661,155
662,156
663,157
664,158
663,159
663,161
663,162
662,163
661,164
658,164
657,163
656,162
end box21
647,158
647,158
648,159
649,160
649,162
649,164
648,165
646,165
644,165
643,164
642,163
end box22
616,160
617,160
617,161
618,162
617,164
617,166
617,167
615,167
614,167
613,167
612,166
611,165
end box23
628,126
628,126
629,125
633,125
634,126
635,127
635,130
635,132
634,133
633,134
631,134
630,134
629,133
628,132
end box24
626,175
626,174
627,173
628,173
629,172
630,172
631,173
632,174
633,175
633,176
633,177
633,178
633,180
632,181
631,182
629,182
628,182
627,181
626,180
625,179
end box25
545,160
549,160
550,160
550,161
550,162
550,164
550,165
550,166
548,167
547,167
546,167
545,166
544,165
end box26
656,150
656,149
658,149
659,149
660,149
661,150
661,151
662,152
662,153
662,154
662,156
661,157
660,158
658,158
657,158
656,157
655,156
end box27
745,157
746,156
747,156
749,156
750,157
750,158
750,167
749,168
748,169
746,168
745,167
end box28
691,145
692,144
699,144
699,145
700,152
699,153
692,153
691,152
end box29
598,127
599,128
600,129
601,130
600,133
600,134
599,135
598,136
596,136
595,136
594,135
593,134
end box30
610,174
611,173
612,172
613,172
614,172
615,173
616,174
616,175
617,176
617,177
617,178
617,180
616,181
615,182
613,183
612,182
611,181
610,180
end box31
693,160
693,159
697,159
698,160
698,161
699,166
698,167
697,167
694,167
693,167
692,166
end box32
583,144
584,144
584,145
585,146
584,148
584,150
584,150
582,151
581,151
580,151
579,150
578,149
end box33
688,143
689,141
699,141
701,142
701,154
700,156
690,156
688,155
end box34
end total35boxes
