696,208
697,201
703,194
709,189
717,188
724,188
731,188
738,188
748,188
755,191
759,200
760,208
760,217
758,226
755,233
746,235
737,235
731,235
724,236
715,239
705,239
697,236
695,227
696,217
end box0
853,289
892,248
935,227
985,227
1017,226
1040,229
1061,231
1085,232
1109,236
1150,239
1190,258
1235,292
1249,343
1227,370
1166,384
1117,384
985,386
930,389
869,372
848,343
end box1
-27,253
-11,208
21,179
70,173
110,172
140,174
167,178
195,181
227,187
266,195
301,222
325,259
336,308
321,345
283,366
238,377
201,377
73,371
25,372
-10,344
-24,304
end box2
387,204
398,192
409,182
422,178
434,178
444,178
453,178
462,179
474,179
491,181
504,189
511,204
512,221
509,235
494,244
476,246
464,246
454,246
444,244
435,243
420,246
401,245
387,236
384,222
end box3
571,180
571,178
572,176
574,174
576,174
581,174
584,174
586,175
587,177
588,179
588,182
588,185
587,187
585,189
582,189
580,189
577,189
575,189
573,188
571,186
571,184
570,182
end box4
713,162
713,162
717,161
718,162
719,163
719,168
718,169
717,169
715,169
714,169
713,169
712,168
end box5
660,158
661,157
663,157
664,158
665,158
665,159
666,160
666,161
666,162
666,164
665,165
663,165
662,165
661,165
660,164
659,164
end box6
614,163
614,163
616,163
616,163
617,163
618,164
618,165
618,168
617,169
616,170
615,170
614,170
613,169
end box7
627,140
628,139
630,139
631,139
631,140
631,146
631,147
629,147
628,147
627,146
end box8
end total9boxes
