180,214
195,199
212,191
228,189
240,190
250,192
258,191
266,192
277,191
290,195
307,202
326,215
332,234
326,247
302,254
282,255
268,253
227,253
206,254
186,246
179,233
end box0
655,178
655,177
657,175
658,173
660,173
668,173
670,174
671,176
672,178
672,181
672,184
672,187
669,187
666,187
659,188
656,188
654,186
654,183
654,181
end box1
686,177
686,176
688,174
689,173
698,172
700,173
702,175
703,177
703,180
704,183
703,186
700,186
690,186
687,186
686,185
685,182
685,180
end box2
688,177
689,175
690,174
696,173
697,174
698,175
699,177
699,178
699,180
699,182
697,183
690,183
689,183
688,181
688,179
end box3
643,172
644,171
645,171
647,171
648,172
649,173
649,182
647,184
646,184
644,184
642,182
end box4
643,159
644,159
646,159
647,159
648,160
649,161
649,162
649,163
649,164
649,166
648,167
647,168
645,168
644,168
643,167
642,166
end box5
297,161
298,160
299,159
300,159
301,159
302,160
303,161
304,167
303,168
302,169
300,170
299,169
298,168
297,167
end box6
628,158
629,158
631,158
632,158
633,159
633,160
634,161
634,165
633,166
632,166
630,167
629,166
628,166
627,165
end box7
298,171
299,170
300,170
302,170
303,170
304,171
305,172
305,177
304,178
303,178
300,178
299,178
298,177
end box8
643,140
644,139
646,139
648,140
648,141
649,142
649,147
648,148
647,149
645,150
644,149
642,149
end box9
end total10boxes
