164,210
184,197
198,189
212,187
222,185
231,184
240,183
250,184
262,183
280,185
301,192
315,208
314,229
308,244
286,250
262,249
250,249
241,251
231,250
222,248
209,249
186,249
163,244
159,230
end box0
542,196
543,191
547,186
551,182
557,182
562,182
567,181
572,182
579,182
582,185
585,192
588,196
588,203
588,210
587,217
581,219
572,216
555,218
547,220
543,217
542,209
543,203
end box1
22,192
29,176
42,166
59,163
73,163
84,162
95,161
105,163
118,164
132,169
146,178
157,193
159,211
157,227
140,236
119,237
106,238
95,241
84,241
74,238
61,237
43,234
27,225
23,210
end box2
341,216
350,201
362,186
375,177
392,178
406,178
419,178
433,178
450,177
466,184
481,198
487,215
488,236
488,257
478,273
456,274
433,269
419,267
407,266
393,268
370,274
347,273
338,257
338,237
end box3
402,172
402,165
409,161
416,160
441,160
448,161
452,166
456,172
457,180
457,187
450,192
442,192
409,190
404,186
403,179
end box4
309,196
311,189
316,184
322,182
350,182
359,183
365,188
367,196
368,204
367,212
360,217
351,218
345,219
339,219
334,219
328,218
322,218
314,216
308,211
308,204
end box5
456,178
456,176
457,174
458,173
460,172
467,173
469,174
470,175
471,177
471,180
471,182
471,185
469,186
466,187
459,186
457,185
456,184
455,181
455,179
end box6
284,207
285,203
287,199
291,198
307,198
310,200
314,203
316,206
317,211
317,216
314,219
309,221
305,222
301,221
288,217
286,214
285,210
end box7
675,208
676,206
676,204
676,201
678,198
681,196
683,199
684,203
685,205
685,207
685,209
685,210
684,212
684,213
684,216
684,222
682,224
678,222
676,218
676,214
676,212
end box8
566,163
567,163
567,164
568,165
568,166
568,167
568,169
567,170
565,170
564,170
563,170
562,170
561,169
end box9
610,174
610,174
616,174
617,175
617,180
616,181
610,181
609,180
609,179
end box10
608,162
610,160
620,160
621,162
622,175
621,178
619,180
609,179
607,177
end box11
610,163
612,162
617,162
618,163
619,171
618,173
616,173
612,174
611,173
610,172
end box12
465,157
469,157
470,158
471,159
471,164
470,165
469,166
467,166
466,165
465,165
end box13
531,178
532,177
533,177
534,177
535,178
535,178
536,179
536,180
536,181
536,182
536,183
535,184
534,185
533,185
532,185
531,184
end box14
end total15boxes
