552,194
552,188
557,182
562,178
569,177
576,177
581,177
588,177
596,177
600,181
604,189
607,194
607,203
607,211
604,219
598,221
588,219
581,217
576,218
568,220
559,221
554,218
553,210
553,202
end box0
540,180
541,178
542,177
544,175
546,175
554,175
556,176
558,178
559,180
560,183
559,186
558,189
555,189
552,189
545,189
542,189
540,188
540,185
540,183
end box1
359,183
359,182
361,180
362,179
371,179
373,179
375,181
376,183
377,186
377,189
376,192
373,192
363,192
360,192
359,191
358,188
358,186
end box2
545,176
546,176
550,176
551,177
552,178
553,179
553,180
553,182
553,184
551,184
550,185
548,185
547,185
545,184
544,183
544,182
end box3
347,178
352,178
353,178
354,179
355,181
355,182
355,184
355,186
353,187
352,187
349,187
347,187
346,186
end box4
364,179
371,179
372,180
372,182
373,183
372,185
372,187
371,188
364,188
363,187
362,186
end box5
805,191
805,190
806,189
807,189
808,189
809,190
810,191
810,192
810,193
810,194
810,195
810,196
809,197
809,199
807,200
806,199
805,198
804,196
804,195
end box6
757,163
758,162
761,162
762,162
763,163
764,164
765,165
765,166
765,168
764,169
763,170
762,171
760,171
759,171
758,170
757,169
756,168
end box7
591,161
596,160
597,161
598,162
598,163
598,164
598,166
598,167
597,168
596,169
594,169
593,169
592,168
591,167
end box8
643,143
644,142
645,142
646,142
647,143
648,143
649,145
650,146
649,147
649,149
649,150
648,151
647,152
645,153
644,152
642,152
642,150
end box9
530,159
534,159
535,159
535,160
536,161
535,164
535,166
533,166
532,166
531,166
530,165
end box10
450,175
451,174
452,174
453,174
454,174
455,175
455,176
455,177
455,178
455,179
455,180
455,182
453,182
452,183
451,182
450,181
end box11
449,143
450,143
451,143
452,143
453,143
454,144
454,145
454,148
454,149
453,150
453,151
451,152
450,151
449,151
end box12
712,173
713,173
714,172
715,173
716,173
717,174
717,175
718,180
717,181
716,182
714,182
713,182
712,181
end box13
643,159
644,159
646,159
647,159
648,160
648,161
649,162
649,164
649,166
648,167
647,168
645,168
644,168
643,167
end box14
778,144
778,142
799,141
799,144
799,150
797,152
779,152
778,150
end box15
626,158
627,157
628,157
629,157
630,157
630,158
631,163
630,164
629,165
628,166
627,165
626,164
end box16
611,164
611,164
612,164
613,164
613,164
614,165
614,165
615,166
615,167
615,168
615,169
614,170
613,171
612,171
611,171
610,170
end box17
788,159
789,158
790,158
791,158
792,159
793,160
794,166
793,167
792,168
790,169
789,168
788,167
end box18
626,158
627,157
628,157
629,157
630,157
630,158
631,163
630,164
629,165
628,166
627,165
626,164
end box19
end total20boxes
