350,188
355,177
363,165
374,160
386,160
397,161
406,160
416,161
428,162
440,166
451,176
455,187
455,203
455,219
449,228
430,229
417,228
406,227
397,226
388,226
375,227
357,227
352,217
351,202
end box0
477,195
478,187
484,179
491,176
500,176
507,177
514,176
521,177
528,177
534,181
540,189
546,195
549,206
550,217
545,224
532,224
522,223
514,221
508,220
500,222
492,222
482,221
479,213
478,204
end box1
564,178
565,174
568,171
570,169
574,169
583,169
587,168
589,171
593,174
595,177
595,182
595,187
594,191
589,192
584,191
573,192
569,191
565,190
564,186
564,181
end box2
535,186
536,182
538,180
543,180
546,180
549,181
552,181
555,182
557,184
560,187
561,190
561,193
561,197
561,202
558,204
553,204
549,203
end box3
599,185
601,181
605,175
609,173
614,173
629,172
634,173
639,175
642,181
645,185
645,192
645,199
642,205
637,206
629,204
614,205
606,206
602,204
599,198
600,192
end box4
506,192
506,187
509,181
514,179
520,178
525,177
530,178
534,179
539,181
542,184
546,189
551,193
552,199
552,206
549,212
543,214
536,215
530,213
525,212
516,210
508,198
end box5
636,176
636,174
637,173
638,172
639,171
641,170
642,170
644,170
645,171
647,172
648,174
649,176
649,178
649,180
648,182
647,183
645,184
643,184
641,183
639,183
637,182
636,181
636,179
636,177
end box6
535,181
536,177
539,174
542,173
546,174
553,173
556,174
559,175
564,177
566,180
568,185
567,190
564,193
559,194
555,194
538,191
536,188
535,185
end box7
590,176
591,175
592,173
593,173
595,172
596,172
598,172
600,173
601,174
602,176
603,178
603,179
603,182
602,184
601,186
599,186
597,186
594,186
593,185
591,184
590,183
590,179
end box8
607,177
609,174
612,172
615,171
619,171
630,170
633,172
637,174
639,177
640,182
639,186
636,190
632,191
614,189
610,189
608,186
607,182
end box9
551,181
551,179
551,177
553,176
555,175
560,175
562,176
564,177
565,178
566,180
566,183
566,185
565,187
563,189
561,189
559,189
557,188
553,187
552,186
550,182
end box10
594,174
595,173
596,173
597,173
598,173
599,173
600,174
600,175
601,176
601,177
601,178
601,180
600,181
599,181
597,182
596,181
595,181
594,180
end box11
702,190
703,188
704,188
706,189
707,190
708,191
707,200
706,201
705,203
703,202
701,200
end box12
565,157
566,158
566,158
567,159
567,161
567,162
566,163
565,163
564,163
563,163
562,163
end box13
656,158
660,158
661,158
661,159
662,160
662,161
662,162
662,164
661,165
659,165
657,165
656,165
655,164
654,163
end box14
654,174
655,173
655,173
656,172
657,172
658,172
659,173
660,173
660,174
661,175
661,176
661,177
661,179
660,179
658,180
657,180
656,180
655,179
654,179
654,178
end box15
592,159
593,159
594,159
595,159
595,159
596,160
596,160
597,164
596,165
595,166
594,166
593,166
592,165
end box16
end total17boxes
