584,175
584,174
586,172
587,171
589,170
597,170
598,171
600,173
601,175
601,178
601,181
601,184
598,184
595,184
588,185
585,184
584,183
583,180
583,178
end box0
558,172
558,170
560,168
561,167
563,166
568,165
571,166
573,167
574,169
575,171
575,174
575,177
574,180
572,180
569,180
564,180
562,181
560,180
558,179
558,176
558,174
end box1
1176,144
1179,138
1182,132
1187,128
1194,126
1200,126
1205,126
1212,126
1220,126
1228,128
1230,136
1231,144
1232,152
1231,160
1229,167
1220,170
1213,171
1206,171
1199,173
1191,173
1183,172
1175,168
1174,160
1175,151
end box2
556,166
557,164
558,162
559,161
561,161
566,161
568,161
570,162
571,163
572,165
573,168
573,170
572,173
569,174
567,174
564,174
563,173
560,174
558,173
557,172
556,170
556,168
end box3
475,174
475,172
476,171
477,170
478,169
480,168
481,168
483,168
485,169
486,170
487,172
488,174
488,176
488,178
488,180
486,181
484,182
482,182
479,182
477,182
476,181
474,179
474,177
474,175
end box4
573,173
573,171
574,170
575,168
577,167
579,167
580,167
582,167
584,168
586,169
587,170
588,172
588,175
588,177
587,179
585,180
583,181
581,181
578,181
576,181
574,180
573,179
573,176
573,174
end box5
551,165
552,162
555,160
557,159
560,159
567,159
570,159
573,160
576,162
578,165
578,169
578,173
575,175
571,176
568,176
565,176
562,176
559,176
557,175
553,174
551,172
551,168
end box6
806,112
806,111
807,110
807,108
808,107
810,105
812,104
813,105
815,107
816,109
816,110
816,112
816,113
816,115
816,117
816,119
814,121
812,122
809,121
807,120
806,118
806,116
806,114
806,113
end box7
594,143
595,143
596,144
596,145
596,146
596,147
596,148
595,149
594,149
593,149
592,149
591,149
591,148
end box8
691,157
693,155
709,154
712,156
713,159
713,166
711,169
694,169
691,168
690,165
end box9
563,145
564,145
565,146
565,147
565,148
565,149
565,150
564,151
563,151
562,151
561,151
560,151
end box10
692,129
693,127
695,126
702,125
705,126
707,127
708,130
709,135
709,138
708,141
706,143
703,144
700,144
697,144
694,143
692,142
691,139
end box11
538,146
539,147
540,149
540,150
540,152
540,154
538,155
531,155
530,154
529,153
end box12
531,172
532,171
533,169
534,169
536,169
537,170
537,172
537,173
537,174
537,175
537,176
537,177
537,179
536,181
535,182
533,181
532,179
531,177
end box13
530,160
531,159
532,159
533,159
533,160
534,160
535,161
535,162
535,163
535,164
535,165
534,166
533,167
532,167
531,167
530,166
530,165
529,164
end box14
525,150
525,148
527,146
528,145
542,145
544,147
545,150
545,153
545,156
544,159
541,160
527,160
525,158
524,155
end box15
703,127
704,126
705,126
707,126
709,126
710,127
711,128
711,130
711,133
711,135
710,136
708,137
706,137
705,137
703,136
702,135
end box16
483,141
484,140
485,140
486,140
487,141
487,141
488,146
487,147
486,148
485,148
484,148
483,147
end box17
end total18boxes
