219,196
225,190
232,185
238,183
243,183
257,183
264,183
271,184
278,189
284,196
287,205
285,214
276,217
264,217
258,217
253,216
248,216
243,217
237,216
225,216
218,213
218,205
end box0
341,191
343,188
345,185
348,182
351,182
360,182
364,182
367,184
370,187
372,190
372,195
372,200
371,204
366,205
361,204
350,205
345,205
341,204
340,199
340,195
end box1
510,193
512,191
515,187
517,185
520,184
531,184
535,184
537,187
540,190
542,193
542,198
542,203
541,208
537,209
520,208
515,208
512,207
510,202
510,198
end box2
561,193
561,188
566,182
571,178
576,178
582,178
587,178
592,179
599,178
603,182
607,188
610,193
610,200
609,207
607,215
602,216
575,216
566,218
563,214
561,206
562,200
end box3
554,179
554,177
556,175
557,173
559,173
561,172
565,172
567,172
569,173
571,176
571,178
571,181
571,183
570,186
568,187
565,188
563,188
560,188
558,188
556,187
554,185
554,183
554,181
end box4
829,190
829,188
831,186
832,185
834,184
842,184
844,185
845,187
847,189
847,192
846,195
845,197
843,198
840,198
835,199
833,199
830,199
828,197
828,194
828,192
end box5
839,187
843,184
847,182
851,181
865,180
868,181
873,184
878,187
879,193
877,197
872,200
866,200
849,201
843,200
839,197
837,192
end box6
550,178
551,175
552,172
554,170
557,170
560,170
566,170
570,169
573,171
575,174
576,178
575,181
575,185
573,188
570,190
566,191
563,190
560,191
557,191
553,190
551,188
549,185
549,181
end box7
539,178
539,176
540,174
541,173
544,173
550,172
552,173
554,174
556,176
557,178
557,181
557,184
556,187
553,188
551,189
548,188
545,188
543,188
541,187
539,185
538,183
538,181
end box8
172,212
173,209
174,205
176,203
179,201
183,201
186,200
190,201
193,202
196,205
198,208
199,212
199,215
199,220
198,224
195,227
191,228
186,228
183,228
179,227
175,226
172,223
172,219
171,215
end box9
730,122
732,122
733,122
738,124
739,126
739,128
739,131
739,133
738,135
736,137
734,138
732,139
729,138
727,137
725,136
725,134
724,132
724,130
end box10
496,177
496,176
497,176
498,175
500,175
501,176
503,176
503,177
504,179
504,180
504,182
504,184
503,185
501,185
499,186
498,185
496,185
495,184
495,182
end box11
492,179
492,177
493,175
494,174
496,173
498,172
502,172
504,173
506,174
507,176
508,178
508,181
508,183
507,186
505,188
503,189
500,188
497,188
495,188
493,187
492,185
491,183
491,180
end box12
750,147
751,146
765,145
767,147
767,150
767,152
765,154
753,155
751,153
750,152
end box13
415,144
416,144
418,144
419,144
420,145
421,146
421,147
421,148
421,149
421,151
420,152
419,153
417,153
416,153
415,152
end box14
643,142
644,142
646,142
647,142
648,143
649,144
649,145
649,146
649,147
649,149
648,150
647,151
645,151
644,151
643,150
642,149
end box15
725,108
727,105
763,105
767,108
766,115
765,119
726,119
end box16
632,142
633,143
634,144
635,145
635,146
635,148
634,149
633,150
632,151
630,151
629,151
628,150
627,149
626,148
end box17
613,159
614,159
615,159
616,159
617,159
618,160
619,161
619,162
619,163
619,164
619,166
618,167
617,168
615,168
614,168
613,167
612,166
end box18
666,146
667,144
668,143
672,143
675,143
677,144
679,145
680,147
679,157
678,159
675,160
673,160
670,160
668,159
666,158
665,156
end box19
610,142
611,141
613,141
614,142
616,142
616,144
617,145
617,146
617,148
616,149
615,151
614,151
612,152
611,151
609,151
609,149
608,148
end box20
516,163
517,163
517,164
518,165
518,166
518,167
518,169
517,170
515,170
514,170
513,170
512,170
511,169
end box21
460,158
464,157
465,158
465,159
466,164
465,165
463,165
462,165
461,165
460,165
end box22
627,156
631,156
632,157
632,158
633,159
633,160
633,161
633,163
632,164
631,164
629,165
628,164
627,164
end box23
610,175
613,174
614,174
615,175
615,176
616,177
616,178
615,179
615,181
615,182
613,182
612,182
611,182
610,181
609,180
end box24
545,159
545,159
546,160
547,161
546,163
546,164
546,165
544,166
542,166
541,165
end box25
457,143
458,142
459,142
460,143
461,143
462,144
462,151
461,152
459,152
458,152
457,151
end box26
543,174
544,174
545,173
547,173
548,174
550,174
550,176
551,177
551,178
551,180
551,182
550,183
548,183
546,184
545,183
543,183
543,181
end box27
495,188
502,186
503,187
504,188
504,195
503,196
501,196
496,196
495,195
end box28
645,130
649,130
650,130
651,137
650,139
649,139
647,140
646,139
644,139
end box29
746,177
747,178
748,179
749,180
749,181
749,183
748,184
747,185
746,186
744,186
743,186
742,185
741,184
end box30
672,125
673,124
674,124
676,124
677,125
678,126
679,127
679,132
679,134
678,135
676,136
674,136
673,136
671,135
670,134
end box31
675,155
676,155
677,157
677,160
677,161
675,162
674,163
670,162
668,162
668,160
end box32
557,75
558,74
563,74
564,75
563,91
558,91
557,90
end box33
741,153
742,153
743,153
745,153
746,153
746,155
746,162
745,164
743,164
742,164
741,163
end box34
643,159
644,159
645,159
646,158
647,159
648,160
648,166
648,167
647,168
645,169
644,168
643,167
end box35
726,143
727,142
730,142
731,142
732,144
733,152
732,154
731,155
729,155
726,155
725,154
end box36
end total37boxes
