287,214
309,183
334,159
369,155
399,155
421,155
440,157
462,159
486,163
520,167
548,187
573,217
586,257
575,286
539,301
491,300
462,298
441,298
420,301
400,302
370,304
321,304
288,287
282,255
end box0
693,184
693,181
697,176
701,172
705,171
710,170
715,170
720,171
726,172
728,175
732,180
734,184
734,190
733,197
732,203
728,205
720,203
704,205
697,205
693,203
693,196
694,190
end box1
-15,228
14,196
48,182
89,186
114,188
131,191
144,193
159,195
176,195
206,196
240,208
276,234
297,273
281,292
227,302
186,300
91,296
49,304
3,289
-15,268
end box2
200,208
212,198
223,192
234,191
243,192
255,192
261,193
269,192
279,194
293,198
305,209
309,223
306,233
288,237
271,237
262,236
256,236
250,236
243,235
235,236
220,236
205,231
200,222
end box3
1043,164
1046,161
1048,159
1051,158
1054,158
1064,158
1067,158
1071,160
1074,164
1075,168
1075,173
1070,174
1065,175
1061,175
1059,175
1056,175
1053,175
1050,175
1044,175
1041,172
1041,168
end box4
1101,163
1105,159
1110,157
1114,157
1130,157
1135,158
1140,163
1143,168
1140,173
1133,174
1115,175
1112,174
1105,175
1099,173
1098,168
end box5
1205,163
1207,160
1209,158
1212,157
1214,157
1224,156
1227,157
1230,159
1232,163
1232,167
1232,171
1229,173
1225,174
1222,174
1219,174
1216,174
1213,174
1210,174
1206,173
1204,170
1204,166
end box6
1165,161
1170,158
1175,156
1194,156
1200,158
1205,161
1207,167
1204,171
1171,173
1165,171
1163,167
end box7
863,164
863,162
865,161
867,160
876,160
878,160
881,162
882,164
883,167
883,170
881,173
878,173
868,173
865,173
863,172
862,169
862,167
end box8
208,211
211,203
219,199
227,199
251,200
258,201
266,204
274,211
277,220
275,228
263,231
253,232
217,231
207,227
206,219
end box9
1130,161
1136,157
1142,156
1161,156
1167,157
1174,161
1177,166
1173,170
1130,170
1127,166
end box10
831,163
832,161
835,159
837,158
846,158
849,159
852,160
854,163
855,166
855,170
852,173
848,173
835,173
832,172
830,169
830,166
end box11
734,176
734,174
735,173
737,172
746,173
748,174
749,175
749,178
749,180
748,182
745,182
736,182
734,181
733,179
733,178
end box12
823,163
828,160
833,158
850,158
855,159
861,163
863,168
861,172
855,174
849,174
829,174
823,171
822,167
end box13
671,178
672,176
673,174
674,173
676,173
678,172
679,172
681,172
683,172
685,173
687,175
688,177
688,180
688,183
687,185
685,186
682,186
680,186
677,186
675,186
673,186
671,184
671,182
671,180
end box14
739,176
740,175
745,174
746,175
747,176
747,177
747,178
747,180
745,180
740,180
739,179
739,178
end box15
1032,165
1032,163
1033,161
1034,160
1036,159
1038,159
1039,158
1041,158
1044,159
1046,160
1047,162
1047,164
1048,167
1047,169
1047,172
1044,173
1042,174
1040,174
1037,174
1035,174
1033,173
1032,171
1031,169
1031,166
end box16
1076,166
1076,164
1077,163
1079,162
1081,162
1086,161
1088,162
1090,162
1092,164
1093,166
1094,169
1094,172
1093,175
1090,175
1087,175
1085,175
1082,175
1080,175
1078,175
1076,174
1075,171
1074,169
end box17
248,204
249,195
257,189
266,188
274,189
280,189
285,189
291,189
298,189
304,192
310,198
317,205
321,214
319,223
310,228
299,229
292,229
285,228
274,228
267,228
258,226
251,222
249,213
end box18
676,175
676,174
677,174
678,174
679,174
680,174
681,175
681,176
682,177
682,178
682,179
682,181
681,182
680,182
678,183
677,182
676,182
675,181
675,180
end box19
972,165
974,162
976,160
979,159
981,159
988,159
990,159
993,160
996,162
999,165
1000,169
1000,173
997,175
992,176
989,176
986,176
983,176
981,176
977,175
973,175
971,172
971,168
end box20
801,164
801,162
802,160
804,159
805,159
812,159
814,160
815,161
816,163
817,166
817,168
816,171
813,172
811,172
805,171
802,171
801,170
800,168
800,166
end box21
788,160
789,159
790,159
791,159
792,159
793,160
793,161
794,162
793,163
793,164
793,166
793,167
791,167
790,168
789,167
788,166
787,165
end box22
665,160
666,160
666,161
667,162
667,163
666,164
667,166
666,167
664,167
663,167
662,167
661,166
end box23
544,175
545,174
546,174
547,174
548,174
549,174
550,175
550,176
551,177
551,178
551,179
551,181
550,182
549,182
547,183
546,182
545,182
544,181
end box24
323,177
324,178
325,179
325,180
325,182
325,184
324,185
323,186
321,186
320,186
319,185
318,184
end box25
788,141
789,141
791,141
792,141
793,142
794,143
794,148
793,149
792,150
790,150
789,150
788,149
end box26
317,186
321,186
322,187
323,188
323,193
322,194
321,195
318,195
317,194
end box27
592,132
593,131
594,131
595,131
596,131
597,132
597,137
597,139
596,140
594,140
593,139
592,139
end box28
691,111
692,111
693,111
694,111
695,111
696,112
696,117
695,119
695,119
693,120
692,119
691,119
end box29
922,138
923,138
925,138
926,138
927,139
927,146
926,146
924,147
923,146
922,146
end box30
642,156
646,156
647,156
647,157
647,162
647,163
645,163
644,163
643,163
642,163
end box31
575,142
576,141
577,142
578,141
579,142
580,143
580,150
579,151
577,151
576,151
575,150
end box32
559,161
560,161
562,161
563,161
563,161
564,162
564,163
564,165
564,166
563,167
562,168
561,168
560,168
559,167
end box33
788,141
789,141
791,141
792,141
793,142
794,143
794,148
793,149
792,150
790,150
789,150
788,149
end box34
end total35boxes
