665,194
670,188
676,181
682,177
689,176
695,177
701,177
708,177
716,177
724,179
731,186
735,194
735,204
733,213
728,220
716,220
708,220
701,219
695,220
688,222
678,223
667,221
663,214
664,204
end box0
525,188
527,185
530,182
533,180
537,180
546,180
550,180
552,182
556,185
559,188
560,193
560,198
558,203
553,204
531,203
527,202
525,197
525,193
end box1
775,252
821,201
870,166
919,152
966,151
1003,151
1039,147
1078,143
1122,150
1177,163
1232,196
1273,249
1286,321
1269,374
1204,406
1142,421
1085,412
1039,393
963,399
906,410
847,396
783,368
766,320
end box2
9,254
46,203
84,170
141,164
187,164
220,166
250,170
281,172
317,177
364,186
407,214
448,257
462,318
447,360
388,381
325,385
284,383
250,374
222,373
192,374
146,382
78,385
22,360
6,316
end box3
558,178
559,176
560,175
562,174
567,174
569,174
571,175
573,177
573,179
574,182
574,184
573,187
571,189
568,189
566,189
563,188
561,188
559,187
558,186
557,181
end box4
296,204
307,189
326,184
342,184
353,184
369,184
377,185
387,185
399,188
415,194
432,206
439,224
433,237
410,243
304,235
297,222
end box5
561,158
564,158
565,158
566,159
567,160
567,161
567,163
567,165
566,166
565,167
563,167
562,167
561,166
560,165
end box6
675,159
679,159
680,160
681,161
681,166
680,167
679,168
677,168
676,168
675,167
674,166
end box7
738,170
739,169
740,169
741,169
742,170
743,171
743,178
742,179
740,180
739,179
738,178
end box8
623,145
624,144
628,144
629,145
630,146
630,151
629,152
628,153
625,153
623,152
623,151
end box9
737,159
738,158
739,158
741,158
742,159
742,160
742,169
741,170
740,171
738,170
736,169
end box10
327,86
341,86
343,87
342,105
329,105
327,104
end box11
595,146
599,145
600,146
600,147
601,148
601,149
601,150
601,152
600,153
599,153
597,153
596,153
595,153
594,152
end box12
326,110
344,109
346,112
345,125
327,126
325,124
end box13
576,177
576,176
577,176
578,176
579,176
580,176
581,177
581,178
581,179
581,180
581,181
582,183
581,184
580,184
578,185
577,184
576,184
575,183
end box14
end total15boxes
