620,180
621,178
622,177
624,175
625,175
632,175
634,176
635,177
637,179
637,182
637,184
636,187
633,187
630,187
624,188
622,188
620,186
620,184
620,182
end box0
558,176
559,175
559,174
560,173
565,173
567,173
568,174
568,176
569,177
568,179
568,181
566,181
565,181
562,181
560,181
559,181
558,180
558,178
558,177
end box1
593,176
594,175
594,174
595,173
596,173
600,173
602,173
603,174
603,176
604,177
603,179
603,181
601,181
600,181
598,182
597,181
595,181
594,181
593,180
593,178
593,177
end box2
622,178
622,177
622,176
623,175
624,175
628,175
630,175
630,176
631,178
631,179
631,181
631,183
629,183
628,183
626,184
625,183
623,184
622,183
621,182
621,180
621,179
end box3
556,177
557,175
558,174
560,172
561,172
568,172
570,173
571,174
573,176
573,179
573,181
572,184
569,184
566,184
560,185
558,184
556,183
556,181
556,179
end box4
506,190
506,189
508,187
509,186
511,186
518,186
520,187
522,188
523,190
524,193
524,196
522,198
520,199
517,198
510,198
508,199
506,198
505,195
505,193
end box5
606,175
607,174
607,174
608,173
608,173
612,173
613,173
614,174
614,175
614,176
614,177
614,179
613,179
611,180
610,180
609,180
608,180
607,179
606,178
606,177
606,176
end box6
592,176
592,174
594,173
595,172
596,171
603,171
605,172
606,173
608,175
608,178
608,180
607,183
604,183
601,183
595,184
593,183
591,182
591,180
591,178
end box7
542,176
547,176
548,176
549,177
549,178
549,179
549,181
549,182
548,183
546,183
545,183
544,183
543,183
542,182
541,181
end box8
573,175
575,173
579,173
579,173
580,174
581,175
581,176
581,177
581,179
580,179
578,179
577,180
576,179
575,179
574,179
573,178
573,177
573,176
end box9
527,181
528,179
534,179
535,180
536,181
536,182
536,184
536,186
534,186
529,186
528,185
527,185
end box10
523,182
523,180
525,178
527,177
535,178
536,178
538,179
540,181
541,184
540,187
539,189
536,189
528,189
525,189
523,188
522,186
522,184
end box11
491,195
492,193
493,191
494,190
496,190
503,190
505,191
506,192
508,194
508,197
508,200
507,202
505,203
502,203
495,203
493,203
491,201
491,199
491,197
end box12
499,189
502,186
505,185
507,184
518,183
520,184
524,186
527,189
528,193
527,197
524,199
520,199
509,199
506,199
502,199
499,196
498,193
end box13
853,165
855,163
855,163
859,163
860,163
861,164
861,165
861,166
861,167
861,169
860,170
858,170
857,170
856,170
855,170
854,169
853,168
853,167
end box14
642,178
642,178
646,178
647,178
647,179
648,180
648,181
648,182
648,184
646,184
645,185
644,185
643,185
642,184
641,184
640,183
end box15
420,193
421,192
422,192
423,192
424,192
425,193
425,194
425,195
425,196
425,197
425,198
425,200
423,200
422,201
421,200
420,199
419,198
end box16
543,162
545,162
546,162
546,162
546,163
546,164
546,165
546,166
546,166
545,167
544,167
543,167
542,166
end box17
630,159
631,160
631,160
632,161
632,163
632,164
631,165
630,165
629,165
628,165
627,165
end box18
715,158
716,157
719,158
720,159
721,165
720,167
719,167
717,168
716,167
715,166
end box19
543,162
545,162
546,162
546,162
546,163
546,164
546,165
546,166
546,166
545,167
544,167
543,167
542,166
end box20
end total21boxes
