684,204
685,198
692,192
697,187
704,187
711,187
722,188
730,188
736,191
740,198
744,204
745,213
744,222
741,229
732,230
703,230
692,233
686,230
683,222
685,213
end box0
543,181
545,178
549,176
553,175
566,175
570,176
575,178
578,181
579,186
578,191
574,194
568,194
552,193
547,193
543,190
542,186
end box1
25,274
56,234
89,213
136,213
170,218
193,222
212,223
234,221
258,223
293,229
328,247
365,280
385,327
374,356
320,373
274,379
242,377
135,372
86,375
38,353
22,322
end box2
572,180
572,177
573,176
575,174
577,174
585,174
587,175
588,177
589,179
589,182
589,185
588,187
586,189
583,189
576,188
574,188
572,186
572,184
572,182
end box3
540,189
541,186
544,183
546,181
549,181
562,180
564,182
567,185
569,188
569,193
570,197
568,201
564,202
548,201
544,202
541,200
540,196
540,192
end box4
588,192
594,189
627,189
634,192
637,198
633,202
589,202
585,198
end box5
672,193
674,188
678,184
682,180
686,179
691,179
696,179
700,179
707,179
712,181
714,187
716,193
715,198
713,203
696,211
691,213
685,214
679,214
674,210
672,205
672,199
end box6
614,162
615,161
616,161
617,161
618,161
619,162
619,167
619,169
617,169
616,170
615,169
614,168
end box7
641,178
645,178
646,178
646,179
647,180
647,181
647,182
647,184
646,185
644,185
643,185
642,185
641,184
640,184
end box8
577,176
578,175
579,175
583,175
585,175
585,176
586,178
586,179
586,181
586,183
585,184
583,184
580,184
578,184
577,183
577,181
end box9
680,154
681,155
681,156
681,158
681,160
680,161
end box10
end total11boxes
