144,236
146,226
153,216
162,211
174,211
184,211
193,211
203,212
213,213
221,218
231,228
235,236
235,250
234,264
230,274
217,277
203,274
193,273
184,273
175,274
161,276
152,273
148,261
146,249
end box0
-4,250
6,232
23,214
42,207
63,210
80,213
93,212
109,211
126,213
145,219
166,233
176,251
185,279
181,301
164,319
139,323
114,317
63,311
37,319
12,318
-4,300
-8,277
end box1
234,219
236,216
239,213
241,211
244,210
255,210
259,210
261,212
265,216
267,219
267,224
267,229
265,234
261,235
244,234
239,234
235,233
234,228
233,224
end box2
1053,139
1057,131
1063,123
1071,119
1080,118
1088,117
1095,117
1103,117
1113,118
1120,123
1128,131
1131,139
1132,151
1132,162
1128,171
1115,173
1104,171
1095,170
1088,170
1079,171
1067,174
1057,170
1053,161
1052,151
end box3
238,212
239,209
242,205
245,203
249,203
258,204
262,204
265,205
269,209
271,212
272,217
272,222
269,227
264,228
259,227
248,226
244,226
240,225
238,221
238,217
end box4
202,211
204,207
206,204
209,204
220,204
223,204
226,205
230,207
232,211
233,215
233,219
230,222
225,223
221,223
205,221
203,218
202,214
end box5
316,197
320,197
321,197
321,198
322,199
322,200
322,201
322,203
321,204
319,204
317,204
316,204
315,203
314,202
end box6
316,203
317,203
321,203
322,204
323,205
324,206
324,207
324,209
324,211
322,211
321,211
318,211
316,211
315,211
315,210
end box7
332,196
336,196
337,196
337,197
338,198
338,199
338,200
338,202
337,203
335,203
333,203
332,203
331,202
330,201
end box8
347,196
352,195
353,196
354,197
355,198
355,199
355,201
355,203
353,203
352,203
349,203
348,203
346,203
346,201
end box9
213,210
213,208
214,206
216,205
218,205
225,205
227,206
229,208
230,210
231,213
231,216
230,218
227,219
224,220
215,219
213,217
212,215
212,213
end box10
341,198
342,196
343,195
344,193
346,193
353,193
355,194
357,195
357,197
358,200
358,203
357,205
354,206
352,206
345,206
343,206
341,204
341,202
341,200
end box11
330,207
331,206
331,206
332,205
332,205
336,204
337,205
338,206
338,207
338,208
338,209
338,211
337,212
335,212
334,212
333,212
332,212
331,211
330,210
330,208
end box12
147,177
148,177
149,176
150,176
151,176
152,177
154,177
154,179
155,180
155,181
155,183
154,184
153,185
152,186
150,186
149,186
147,186
146,185
146,183
end box13
186,192
187,191
189,191
190,192
190,192
191,193
191,194
191,196
191,197
191,198
189,199
188,199
187,199
186,198
185,197
end box14
143,189
144,188
146,187
148,186
149,186
151,186
154,187
155,188
156,190
156,197
156,199
154,201
152,202
150,202
147,202
145,202
144,200
143,198
end box15
146,191
154,190
155,191
155,193
155,196
155,197
153,198
152,199
149,199
147,199
146,198
146,196
end box16
end total17boxes
