752,261
771,227
802,199
831,185
865,179
894,181
921,184
949,186
980,192
1010,204
1041,230
1061,263
1070,307
1062,345
1033,362
981,363
944,358
919,358
896,362
870,366
833,368
781,365
752,346
750,305
end box0
699,203
703,195
711,186
717,179
726,179
736,179
743,178
753,179
763,179
770,184
778,193
780,202
781,214
780,227
778,239
767,241
753,238
743,237
735,239
724,241
709,244
700,240
697,227
698,215
end box1
474,175
475,169
479,165
485,164
504,165
509,164
514,166
518,171
522,176
524,182
523,189
518,194
511,195
505,194
480,191
476,187
475,182
end box2
622,174
623,172
624,170
625,169
627,169
634,169
636,169
638,171
639,173
639,176
639,179
638,181
635,182
626,182
624,182
622,180
622,178
622,176
end box3
590,166
590,165
592,163
593,162
602,162
604,163
606,164
607,166
608,169
608,172
606,174
603,175
594,175
592,175
590,173
589,171
589,169
end box4
646,172
647,171
648,171
649,171
651,170
652,171
653,172
654,173
654,180
653,181
651,182
649,182
648,182
646,181
645,180
end box5
688,173
689,172
691,171
693,170
696,169
698,170
701,171
703,172
704,174
704,186
702,188
699,189
696,189
693,189
691,188
688,186
687,184
end box6
688,200
689,195
692,192
697,191
701,192
703,197
703,220
702,227
697,228
692,227
689,223
end box7
end total8boxes
