1034,246
1038,222
1053,196
1068,174
1092,164
1120,156
1149,152
1183,153
1212,158
1225,182
1231,218
1233,244
1235,351
1228,375
1184,364
1119,351
1085,360
1046,364
1037,341
1033,308
1033,276
end box0
766,184
785,164
802,145
824,140
847,141
863,143
877,142
894,142
913,144
938,147
955,162
967,185
975,213
968,235
947,247
914,247
894,249
878,248
862,249
846,250
824,253
787,252
765,238
761,214
end box1
102,201
122,185
142,177
159,175
170,174
181,172
191,172
201,173
213,173
229,177
251,184
272,201
274,223
268,238
240,245
213,243
200,242
190,245
180,247
170,245
157,244
128,247
102,239
98,223
end box2
487,178
488,176
489,174
491,172
493,172
502,172
505,173
507,175
508,178
508,181
508,185
507,188
504,188
500,188
493,188
490,188
487,187
487,184
487,181
end box3
573,193
573,191
574,190
576,188
578,188
586,188
588,189
590,191
591,193
591,196
591,199
590,202
587,203
577,203
574,203
572,201
572,198
572,196
end box4
424,180
424,178
425,176
426,174
428,174
430,173
431,173
433,173
436,174
437,175
439,177
439,179
439,182
439,184
439,187
437,188
434,189
432,189
429,189
427,189
425,188
424,186
423,184
423,181
end box5
697,195
701,188
707,182
713,179
720,178
726,178
731,178
737,178
747,177
754,178
760,186
762,194
762,203
760,212
755,219
746,220
738,220
731,220
725,221
717,223
707,224
698,222
694,213
696,203
end box6
434,182
436,179
439,176
441,174
444,174
452,174
456,174
459,175
463,178
465,181
466,186
466,191
463,194
458,195
453,195
450,194
447,194
444,195
440,194
435,193
433,190
433,186
end box7
473,178
474,176
475,174
477,173
478,172
481,172
483,172
485,174
487,175
488,177
488,179
489,182
489,184
488,187
486,189
484,191
481,190
478,190
476,189
475,187
473,185
end box8
460,180
460,178
461,176
462,175
464,174
466,173
468,173
469,173
471,174
473,175
474,177
475,179
475,182
476,184
475,187
473,189
470,189
468,189
465,189
463,188
461,187
460,186
459,183
459,181
end box9
576,172
576,172
579,171
580,172
581,172
581,173
582,174
582,175
582,176
582,178
581,178
579,179
578,179
577,179
576,178
575,178
575,177
end box10
494,174
495,173
496,172
499,172
501,172
502,173
502,175
503,176
503,177
503,179
503,181
502,182
500,182
498,183
497,182
495,182
494,181
493,180
end box11
420,180
421,177
423,174
425,172
429,173
436,173
439,173
442,174
445,177
446,180
447,184
447,188
445,191
441,192
437,192
434,191
431,191
428,192
425,191
422,190
420,187
420,183
end box12
473,181
475,178
479,177
481,179
483,210
479,209
474,208
473,204
end box13
475,188
476,185
479,185
481,186
482,200
481,202
479,203
476,203
475,200
end box14
676,158
677,157
678,157
679,157
680,158
681,158
681,159
681,160
681,161
681,162
681,163
681,165
679,165
678,165
677,165
676,164
675,163
end box15
631,142
635,142
636,143
637,144
637,149
636,150
635,151
633,151
632,150
631,150
end box16
660,142
661,143
662,144
662,145
662,146
662,147
662,149
661,150
660,151
658,151
657,151
656,150
end box17
657,158
658,158
659,158
660,158
661,158
662,159
662,160
662,161
662,162
662,163
662,164
662,166
661,166
659,167
658,166
657,166
end box18
477,176
478,175
479,174
480,174
482,174
483,175
484,176
485,177
485,184
484,185
482,186
481,187
479,186
477,185
476,184
end box19
529,160
530,159
533,160
533,160
534,161
534,165
534,167
532,167
531,167
530,167
529,166
end box20
779,113
781,110
806,109
808,112
808,138
807,142
780,141
end box21
723,159
724,158
725,158
726,158
727,158
728,158
729,159
730,160
730,161
730,162
730,163
730,165
729,166
728,167
726,167
725,167
724,166
723,165
end box22
511,160
512,159
514,159
515,160
515,160
516,161
516,162
516,164
516,165
516,166
514,167
513,167
512,167
511,166
end box23
561,160
562,160
563,160
564,160
564,160
565,161
565,161
566,162
566,164
566,165
565,166
564,167
563,167
562,167
561,166
end box24
498,143
499,143
500,143
501,143
502,143
503,144
503,145
504,150
503,151
502,151
500,152
499,151
498,151
end box25
631,127
632,127
633,127
634,126
635,127
636,128
637,129
637,130
637,131
637,132
637,134
636,135
635,136
633,136
632,136
631,135
630,134
end box26
485,162
486,162
486,163
487,164
487,166
487,168
486,169
484,169
482,169
481,169
end box27
741,158
744,158
745,158
746,159
747,160
747,161
747,162
747,163
747,165
746,166
745,167
742,166
741,166
740,165
end box28
642,142
643,142
645,142
646,142
647,143
647,144
648,149
647,150
646,151
644,151
643,151
642,150
end box29
495,157
496,156
498,156
499,157
499,157
500,158
500,162
500,164
499,164
497,165
496,164
495,164
end box30
609,129
610,129
611,129
612,129
613,129
614,130
614,137
613,138
611,138
610,138
609,137
end box31
end total32boxes
