506,187
507,184
511,179
514,176
519,175
523,175
528,175
532,175
538,176
541,178
545,184
546,187
546,193
546,200
545,206
541,208
533,206
518,206
510,208
506,207
506,199
507,193
end box0
306,189
309,185
315,181
320,179
325,179
336,179
341,179
346,181
351,185
356,189
358,197
357,204
352,207
343,207
337,206
324,207
317,208
309,208
305,203
305,196
end box1
566,193
567,188
573,182
577,177
583,177
590,177
595,177
601,178
609,178
613,181
617,189
620,193
620,201
620,210
619,219
613,221
582,220
570,223
566,220
566,209
567,201
end box2
433,176
434,173
437,171
439,169
442,169
449,169
452,169
455,170
458,173
460,176
461,180
461,184
458,187
454,188
450,187
441,187
438,187
434,186
432,183
432,179
end box3
574,176
574,174
575,173
576,171
578,171
586,170
588,171
589,173
590,175
589,178
589,180
588,182
586,183
577,185
575,184
573,182
573,180
573,177
end box4
442,176
442,174
443,173
445,171
447,171
452,171
454,171
456,172
458,174
459,176
459,179
460,182
459,185
456,185
453,186
451,185
448,185
446,185
444,185
442,183
442,181
441,179
end box5
538,174
538,172
539,171
541,169
543,169
550,169
552,170
554,172
555,174
555,177
555,180
554,183
552,184
549,184
540,182
539,181
538,179
538,177
end box6
455,173
455,171
456,170
458,169
460,168
467,169
469,169
471,171
472,173
473,176
473,179
472,181
469,182
466,182
459,182
457,181
455,180
454,178
454,176
end box7
537,166
538,164
539,163
541,162
550,162
552,162
555,164
556,166
557,169
556,172
555,175
552,175
542,175
540,175
537,174
536,171
536,169
end box8
572,166
573,165
575,163
576,162
585,161
588,162
589,164
591,166
591,169
591,172
590,175
587,175
577,175
574,175
572,174
571,171
571,169
end box9
543,172
544,171
549,171
550,172
551,173
552,174
552,175
552,177
552,179
550,179
549,180
546,180
545,179
544,178
543,177
end box10
626,173
626,173
627,173
628,172
629,172
630,173
630,173
631,174
631,175
632,176
631,177
631,179
630,179
629,180
628,180
627,179
626,179
625,178
625,178
end box11
549,162
550,163
550,164
551,165
551,167
551,168
549,169
547,169
544,169
543,168
542,167
end box12
460,172
461,171
462,171
466,171
467,172
468,173
469,174
469,175
469,177
469,179
467,179
466,179
464,180
463,179
462,179
460,179
460,177
end box13
577,173
577,172
577,172
582,171
583,172
584,173
585,174
584,175
584,177
584,178
583,179
581,179
579,179
578,179
577,178
576,177
end box14
642,141
643,141
645,141
646,141
647,142
648,143
648,144
648,145
648,146
648,148
647,149
646,150
644,150
643,150
642,149
641,148
end box15
660,158
660,158
661,158
662,158
662,158
663,159
663,159
664,160
664,162
664,163
663,164
662,164
661,165
660,164
659,164
659,163
end box16
626,141
627,141
629,141
630,141
631,142
632,143
633,144
632,145
632,147
632,148
631,149
630,150
628,150
627,150
626,149
625,148
end box17
643,157
643,157
644,157
645,157
645,157
646,158
646,158
647,159
647,161
647,162
646,163
645,164
644,164
643,164
642,163
end box18
344,145
345,143
345,142
346,140
348,139
350,138
352,138
353,138
355,139
357,141
358,142
359,144
359,147
359,149
358,151
356,153
354,154
352,154
349,154
347,154
345,152
344,150
344,148
344,146
end box19
516,160
517,161
517,162
518,163
518,164
518,165
518,167
517,168
516,168
514,168
513,168
512,168
511,167
end box20
240,190
244,179
251,177
257,186
260,231
260,246
253,248
241,249
237,243
238,226
end box21
347,143
348,142
349,141
350,141
351,141
352,142
353,143
354,144
354,145
354,146
354,147
354,149
353,150
352,151
350,151
349,151
348,150
347,149
346,148
end box22
784,143
784,140
807,140
808,142
808,150
805,152
785,151
783,149
end box23
625,158
626,157
627,157
628,157
628,158
629,159
629,159
630,160
630,161
629,162
629,163
629,164
628,165
627,165
626,165
625,164
end box24
690,144
691,144
692,144
693,144
694,144
695,145
695,146
695,147
695,149
695,150
695,152
694,152
692,153
691,153
690,152
689,150
end box25
582,103
583,103
586,103
587,103
587,113
586,114
583,114
582,113
end box26
515,148
516,147
518,147
519,148
519,148
520,155
519,155
517,156
516,155
515,154
end box27
625,158
626,157
627,157
628,157
628,158
629,159
629,159
630,160
630,161
629,162
629,163
629,164
628,165
627,165
626,165
625,164
end box28
end total29boxes
