454,190
455,187
459,183
461,180
465,180
480,180
483,183
487,186
489,190
489,195
490,201
488,206
483,207
464,206
459,206
455,205
453,200
454,195
end box0
557,190
557,188
559,187
560,186
561,185
563,185
566,185
568,185
570,186
571,187
572,189
572,192
572,194
571,197
569,197
567,197
564,197
562,198
560,198
558,197
557,196
557,193
556,191
end box1
574,191
575,190
575,190
576,189
580,189
581,189
581,190
582,191
582,192
582,193
582,195
581,195
579,196
578,196
577,196
576,195
575,195
574,194
574,193
574,192
end box2
543,188
543,188
544,188
545,187
546,187
547,188
547,188
548,189
548,190
548,191
548,192
548,193
547,194
546,195
545,195
544,195
543,194
542,193
542,193
end box3
560,189
560,189
560,188
561,187
562,187
563,187
564,187
565,187
566,188
567,189
567,190
567,191
567,192
567,194
566,195
564,195
563,195
562,195
561,195
560,194
559,193
end box4
609,159
609,159
610,159
611,159
611,159
612,160
612,160
612,161
612,162
612,163
612,164
612,165
611,165
610,166
609,165
608,165
end box5
end total6boxes
