564,196
566,193
569,191
571,189
574,189
584,189
587,190
590,193
592,196
593,200
593,204
591,208
586,208
573,207
569,208
565,207
564,203
563,199
end box0
572,194
573,192
574,191
576,190
578,189
586,189
588,190
589,192
591,194
591,197
591,200
590,203
587,204
577,203
574,203
572,202
572,199
571,197
end box1
591,189
592,188
593,187
595,186
602,186
604,187
606,189
607,191
607,194
607,197
606,199
604,200
601,201
594,200
592,199
591,198
590,193
end box2
546,193
546,193
547,192
548,192
549,192
550,193
550,193
551,194
551,195
551,196
551,197
551,198
550,199
549,200
548,201
547,200
546,199
546,198
end box3
645,172
646,171
649,171
650,172
651,173
652,181
651,182
649,183
648,184
646,183
644,182
end box4
590,178
591,176
592,175
593,173
595,172
597,172
600,171
602,172
604,172
606,174
608,176
609,178
609,181
609,184
608,187
606,189
603,189
600,189
597,189
595,188
593,187
591,185
590,183
590,181
end box5
501,142
502,141
506,140
507,141
509,142
509,143
509,150
508,151
506,152
505,153
503,152
501,152
500,150
end box6
593,190
594,189
599,189
601,189
602,190
603,192
602,193
602,195
602,197
601,198
599,198
596,198
594,197
593,197
592,196
end box7
551,175
552,176
553,177
554,178
554,179
554,181
554,182
552,183
551,184
548,184
547,183
546,182
545,181
end box8
498,157
499,157
506,156
507,158
507,159
508,166
507,168
504,169
500,169
499,168
498,167
end box9
512,158
516,158
517,158
518,159
519,167
518,168
516,169
513,169
511,168
510,167
end box10
675,175
676,175
678,175
679,175
680,176
681,182
680,183
679,184
677,184
676,184
675,183
end box11
594,178
594,177
595,176
599,175
600,176
602,176
603,177
604,179
604,180
604,182
603,184
602,185
600,186
598,186
597,185
595,185
594,184
593,183
end box12
597,161
598,161
598,162
599,163
599,164
599,165
599,167
598,168
596,168
594,168
593,167
592,167
592,166
end box13
677,160
678,159
679,158
681,158
682,159
683,159
684,161
684,166
683,167
682,168
680,168
679,168
678,167
677,166
end box14
591,189
592,188
593,187
595,186
602,186
604,187
606,189
607,191
607,194
607,197
606,199
604,200
601,201
594,200
592,199
591,198
590,193
end box15
496,156
497,154
505,153
507,154
508,156
509,169
508,172
506,174
496,173
495,170
end box16
691,159
692,159
693,159
694,159
695,159
696,160
696,161
696,165
695,166
694,167
693,168
692,167
691,166
end box17
642,173
643,171
649,170
651,171
651,186
650,188
644,189
642,188
end box18
541,178
541,177
542,175
544,174
553,173
556,174
557,176
558,178
558,181
558,184
557,186
555,187
543,187
541,185
541,183
541,181
end box19
424,161
426,159
449,159
451,161
451,169
426,171
424,169
end box20
658,171
659,171
660,171
661,171
662,171
662,172
663,177
663,178
661,179
660,179
659,179
658,178
end box21
end total22boxes
