501,192
502,189
505,186
508,183
511,183
522,183
526,183
528,185
532,189
535,192
535,197
535,203
534,208
529,209
523,208
510,208
506,208
502,207
500,201
500,197
end box0
569,195
570,191
574,185
578,181
584,181
589,180
594,180
599,181
606,181
610,184
613,191
615,195
615,202
616,209
614,217
609,219
600,217
582,218
573,220
570,216
569,208
570,202
end box1
540,181
540,179
542,178
544,176
554,176
556,177
558,179
559,181
560,184
560,187
558,190
555,190
545,190
542,190
540,189
539,186
539,184
end box2
556,181
556,178
557,177
559,175
561,175
569,175
571,176
572,178
573,180
574,183
574,186
572,188
570,190
567,190
565,190
562,190
560,189
558,189
556,187
556,185
555,183
end box3
272,190
275,187
278,184
281,183
284,183
295,182
298,184
302,186
305,189
306,194
306,199
302,202
297,203
292,202
283,202
279,202
274,202
272,198
271,194
end box4
152,188
158,180
167,176
175,176
201,175
208,176
217,180
225,188
227,198
224,205
212,208
201,208
195,208
190,208
185,208
164,207
153,205
151,197
end box5
525,189
526,187
528,186
529,185
532,185
534,186
535,187
536,189
537,191
538,193
538,194
538,197
538,199
537,202
534,203
532,203
529,202
528,201
end box6
562,176
563,176
567,176
569,176
570,177
570,179
570,180
570,182
570,184
569,185
567,185
565,186
564,185
562,185
561,184
end box7
544,176
549,175
550,176
551,177
551,178
552,179
551,181
551,182
550,183
548,183
545,183
544,182
543,181
end box8
538,187
538,185
539,184
541,182
551,182
553,182
555,185
556,187
556,190
556,193
555,196
552,197
542,196
539,196
538,195
537,192
537,190
end box9
570,177
570,175
572,174
573,173
574,172
579,171
581,172
583,173
584,174
585,176
585,179
585,181
584,183
582,184
580,185
575,185
573,185
571,184
570,182
570,180
570,178
end box10
276,190
277,188
279,186
280,185
283,185
291,184
294,185
296,187
297,190
298,193
297,197
296,200
293,200
289,200
282,200
279,200
276,199
276,196
275,193
end box11
262,192
262,190
263,188
264,187
266,186
268,185
269,185
271,185
273,186
275,187
276,189
277,191
277,194
278,196
277,199
275,201
272,201
270,201
267,201
265,200
263,199
262,198
261,196
261,193
end box12
574,174
574,173
575,173
577,173
578,173
579,174
579,175
580,176
580,177
580,178
580,180
579,181
577,181
576,182
575,181
574,181
573,180
end box13
530,176
530,176
531,175
532,175
533,175
534,176
534,176
535,177
536,178
536,179
536,180
536,182
535,182
533,183
532,183
531,183
530,182
529,181
end box14
706,165
707,164
708,163
709,163
710,163
711,164
712,165
713,166
713,167
713,168
713,169
713,171
712,173
711,173
709,174
708,173
707,172
706,171
end box15
496,175
497,175
498,175
499,175
500,175
501,176
501,177
502,178
502,179
502,180
502,182
501,183
500,183
498,184
497,183
496,183
495,182
end box16
901,161
902,159
902,157
903,156
905,155
907,154
909,154
910,154
913,155
914,156
915,158
915,160
915,163
915,165
915,167
913,169
911,170
909,170
906,170
904,170
902,168
901,166
901,164
901,162
end box17
511,161
512,160
513,160
514,160
515,161
515,161
516,162
517,163
516,164
516,165
516,166
516,168
514,168
513,168
512,168
511,167
510,166
end box18
1139,91
1138,83
1148,79
1196,79
1205,83
1207,91
1206,102
1206,111
1198,115
1146,114
1140,110
end box19
616,159
617,160
618,161
619,162
619,163
619,165
618,166
617,167
616,167
613,167
612,167
611,166
610,165
end box20
821,190
822,189
825,189
826,190
827,191
827,200
825,201
824,202
821,202
820,201
end box21
712,172
713,173
714,174
714,179
713,180
712,181
709,181
708,180
707,179
end box22
512,145
513,145
515,145
516,145
517,146
517,147
518,148
518,149
518,150
517,151
517,153
516,153
514,154
513,153
512,153
end box23
550,159
551,159
552,160
552,161
552,163
552,164
551,165
550,166
549,166
548,166
547,165
end box24
562,160
563,160
563,161
564,162
564,163
564,164
564,166
563,167
561,167
559,167
558,167
557,166
end box25
725,139
726,139
727,139
728,139
729,140
730,141
730,148
729,149
727,150
726,149
725,149
end box26
end total27boxes
