887,189
910,178
925,173
936,171
944,170
950,169
957,168
964,169
972,169
984,172
1004,176
1025,188
1028,205
1019,215
995,220
974,218
964,216
943,216
933,218
914,219
888,215
881,206
end box0
6,218
30,202
47,192
63,190
76,190
86,190
95,190
104,191
116,192
134,194
155,200
175,217
179,238
169,251
141,260
118,257
61,259
38,260
9,252
3,239
end box1
581,175
582,174
583,174
584,174
585,175
586,175
586,176
587,177
586,180
586,182
584,182
583,183
582,182
581,181
end box2
510,8
512,5
516,4
519,5
519,34
516,34
511,34
509,30
end box3
490,173
491,173
493,173
494,173
495,174
496,180
495,181
494,182
492,182
491,182
490,181
end box4
513,195
514,195
515,194
516,195
517,195
518,196
518,197
519,198
519,199
519,200
519,202
518,203
517,204
515,205
514,204
513,203
512,202
end box5
592,175
593,175
594,175
595,175
596,175
597,176
597,177
597,181
597,183
596,184
594,184
593,184
592,183
end box6
592,175
593,175
594,175
595,175
596,175
597,176
597,177
597,181
597,183
596,184
594,184
593,184
592,183
end box7
481,175
482,175
484,175
485,175
486,176
486,183
485,184
483,184
482,184
481,183
end box8
330,171
331,170
334,170
335,171
336,172
336,181
334,182
333,183
331,183
329,182
end box9
end total10boxes
