599,202
607,193
616,186
624,182
633,181
641,181
648,181
655,183
664,183
673,186
684,192
691,202
693,215
691,227
683,234
667,234
656,233
648,232
641,233
633,233
622,234
608,233
598,226
597,215
end box0
529,174
530,173
531,173
532,173
533,174
534,174
535,176
535,179
535,181
534,182
533,183
531,184
530,184
529,182
528,181
end box1
527,172
528,171
530,170
532,170
533,170
535,171
536,173
537,175
537,180
537,182
536,185
534,186
532,187
529,186
527,185
526,183
end box2
674,170
675,170
676,170
677,170
678,170
679,171
679,172
679,174
679,175
679,176
679,177
677,178
676,178
675,178
674,177
end box3
282,213
284,209
286,205
289,202
293,199
297,197
302,197
306,199
311,201
314,204
317,208
319,213
319,218
320,224
319,231
315,235
308,235
302,235
297,235
291,235
284,234
282,230
281,223
282,218
end box4
end total5boxes
