709,179
709,177
711,174
712,171
715,170
724,170
727,171
728,173
730,176
731,179
731,182
731,185
731,191
730,192
714,192
710,192
709,189
710,185
709,182
end box0
640,176
641,175
641,175
642,174
646,174
647,174
647,175
648,176
648,177
648,178
648,180
647,180
645,180
643,180
642,180
641,180
640,179
640,178
640,177
end box1
673,173
674,172
674,172
678,172
679,172
679,173
680,174
680,175
680,176
680,178
679,178
677,179
676,179
675,179
674,179
673,178
672,177
end box2
637,177
637,175
639,174
640,173
641,173
647,173
649,173
651,175
652,176
653,179
652,181
651,183
649,184
641,184
639,184
637,183
636,181
636,179
end box3
740,170
740,170
741,169
744,169
745,170
745,171
746,172
746,173
746,174
746,176
745,177
743,177
742,177
741,177
740,177
739,176
738,175
end box4
685,177
686,175
687,173
689,172
697,172
699,173
700,174
702,176
702,179
702,181
701,184
698,184
690,184
687,184
685,183
685,181
685,179
end box5
670,176
670,174
672,173
673,171
674,171
681,171
683,172
684,173
685,175
685,178
685,180
684,182
682,183
679,183
676,183
673,183
671,183
670,182
670,179
670,177
end box6
657,176
659,174
663,174
664,174
665,175
665,176
665,177
665,178
665,180
664,181
662,181
660,181
659,181
658,180
657,179
end box7
690,176
690,175
691,174
691,174
696,174
697,174
698,175
698,176
699,177
698,179
698,180
697,181
695,181
692,181
691,180
690,179
690,178
end box8
425,192
425,190
427,188
428,187
430,186
437,186
439,187
441,189
442,191
442,194
442,197
441,199
439,200
436,200
431,200
429,200
427,200
425,198
425,196
424,194
end box9
703,174
704,173
704,173
705,172
706,172
707,172
708,173
709,173
709,174
710,175
709,176
709,177
709,179
708,179
707,180
706,180
705,180
704,180
703,179
703,178
end box10
654,178
655,176
657,175
658,174
666,173
668,174
669,175
670,177
671,180
671,182
669,185
667,185
659,185
656,185
655,184
654,182
654,180
end box11
705,178
705,176
706,175
707,173
709,172
716,172
718,173
719,175
720,177
720,180
720,182
719,184
717,185
715,186
710,186
708,186
706,186
705,184
704,181
705,179
end box12
497,157
501,157
502,158
503,159
504,160
504,161
503,163
503,164
502,165
501,166
499,166
498,166
497,165
496,164
end box13
875,119
878,119
888,122
890,132
889,141
887,143
878,144
867,142
865,140
865,132
end box14
605,160
606,159
607,159
608,159
609,160
609,160
610,161
610,165
609,166
608,167
607,167
606,167
605,166
end box15
759,142
763,141
764,142
764,143
765,144
765,145
765,146
765,148
764,149
762,149
761,149
760,149
759,149
758,148
end box16
771,174
772,174
773,173
774,172
776,172
777,173
777,174
778,176
778,181
777,182
776,184
775,185
773,184
771,183
771,181
end box17
529,159
533,159
534,160
535,161
536,162
535,165
535,166
534,167
533,168
531,168
530,168
529,167
528,166
end box18
607,172
608,172
609,172
610,172
611,172
612,173
612,174
613,179
612,180
611,180
609,181
608,180
607,180
606,179
end box19
596,161
597,160
598,160
599,160
600,161
600,161
601,162
601,163
601,166
600,167
599,168
598,169
597,168
596,167
end box20
577,173
578,172
579,172
580,172
581,172
581,173
582,174
582,175
582,176
582,177
582,178
581,179
580,180
579,181
578,181
577,179
577,178
end box21
562,161
563,160
564,160
565,160
566,161
566,161
567,162
567,163
567,164
567,165
567,166
566,167
565,168
564,168
563,168
562,167
end box22
512,161
513,161
514,161
515,161
516,161
516,161
517,162
517,163
517,165
517,166
516,167
515,168
514,168
513,168
512,167
end box23
757,160
758,160
759,159
760,159
761,160
761,160
762,161
762,162
762,163
762,164
762,165
761,166
760,167
759,167
758,167
757,166
757,165
end box24
446,172
450,172
451,172
451,173
452,174
451,175
451,176
451,178
451,178
449,179
447,179
446,178
445,177
end box25
760,128
761,129
761,130
762,131
762,133
761,135
761,136
759,136
758,136
757,136
756,136
755,135
end box26
545,160
546,159
547,159
548,159
549,160
549,160
550,161
550,162
550,163
550,164
550,165
549,166
548,167
547,167
546,167
545,166
end box27
646,160
647,161
647,161
648,162
648,163
648,164
648,165
647,166
646,166
645,166
644,166
643,165
end box28
446,164
450,163
451,164
451,165
452,166
452,167
452,168
452,170
451,171
450,171
448,172
447,171
446,171
445,170
end box29
769,172
770,170
771,169
773,168
775,167
777,168
779,169
780,171
780,173
781,175
781,177
781,179
781,181
779,183
777,185
775,185
772,185
770,184
769,182
768,180
end box30
739,142
739,142
741,142
741,142
742,143
742,148
741,148
740,149
739,148
738,148
end box31
673,113
674,113
675,113
676,113
677,113
677,114
677,121
677,122
675,122
674,121
673,121
end box32
480,159
481,159
484,159
484,159
485,160
485,161
485,163
485,164
484,165
483,166
482,166
481,166
480,165
end box33
406,3
407,0
410,0
413,0
416,0
418,1
418,19
416,22
413,23
410,23
407,22
end box34
559,143
560,143
561,143
562,143
563,143
564,144
564,145
564,150
564,151
563,152
561,152
560,152
559,151
end box35
643,132
643,132
644,132
645,132
645,132
646,133
646,137
646,138
645,139
644,139
643,139
642,138
end box36
796,147
797,148
797,154
797,155
796,155
793,155
792,155
end box37
704,114
705,113
706,113
707,113
708,113
709,114
709,115
709,119
709,121
708,121
706,122
705,121
704,121
end box38
end total39boxes
