496,188
497,184
501,179
505,176
510,176
514,176
519,176
523,177
528,177
531,180
534,185
537,188
538,195
538,201
536,207
532,209
524,207
509,207
501,210
498,207
497,200
497,194
end box0
614,171
614,170
615,169
616,169
616,169
620,169
621,169
622,170
623,171
623,172
622,174
622,175
621,175
619,175
617,175
616,175
615,175
614,175
614,173
614,172
end box1
610,170
611,168
613,167
614,166
621,166
623,166
625,168
626,169
627,172
627,174
625,176
622,176
615,176
613,177
611,176
610,174
610,172
end box2
599,170
600,169
600,169
601,168
605,168
606,168
607,169
607,170
607,171
607,172
607,174
606,174
604,175
603,175
602,175
601,174
600,174
599,173
599,172
599,171
end box3
632,169
633,168
633,167
633,167
634,167
638,166
639,167
640,168
641,169
641,170
640,172
641,173
639,174
637,174
636,174
635,174
634,174
633,173
632,172
632,171
632,170
end box4
388,192
393,189
423,189
429,192
431,198
428,202
421,204
394,204
387,202
386,198
end box5
537,175
538,174
542,174
543,175
544,176
545,177
545,178
544,180
544,181
543,182
542,183
540,183
539,182
538,182
537,181
536,180
end box6
451,177
451,175
452,174
454,172
456,172
464,172
466,173
468,175
468,177
468,180
468,183
467,186
465,187
462,187
455,187
452,186
451,185
450,182
450,180
end box7
648,160
652,160
652,160
653,161
654,162
654,163
653,164
654,166
652,166
651,167
650,167
649,167
648,166
647,166
647,165
end box8
602,162
607,162
607,163
608,164
608,165
608,166
608,168
607,169
605,169
603,169
602,168
601,168
600,167
end box9
634,161
637,161
638,162
639,162
639,163
639,164
639,165
639,166
638,167
637,167
636,167
635,167
634,167
633,166
end box10
617,161
620,161
621,161
622,162
623,163
623,164
623,165
623,167
621,167
620,167
618,167
617,167
616,167
616,166
end box11
421,187
421,185
422,183
423,182
426,181
427,180
430,180
432,180
434,181
436,182
438,185
439,187
439,190
439,193
438,196
436,197
433,199
430,198
427,198
425,197
423,196
421,194
420,192
420,190
end box12
1000,18
1003,12
1011,10
1018,9
1025,9
1032,10
1040,12
1045,16
1046,25
1044,54
1042,60
1033,62
1025,62
1018,63
1009,63
1002,60
1000,53
end box13
665,185
666,184
667,184
668,184
669,185
670,186
671,187
671,189
671,190
671,192
670,193
669,194
667,194
666,194
665,193
664,192
663,191
end box14
695,121
696,120
702,119
703,120
704,122
704,123
704,125
703,126
702,127
701,128
699,128
698,128
697,127
695,126
695,125
end box15
648,184
649,183
650,183
652,183
653,184
654,185
654,187
654,192
653,194
652,195
651,196
649,195
647,194
647,192
end box16
460,126
461,124
487,124
489,126
489,131
488,134
460,134
459,131
end box17
659,186
660,184
661,183
661,181
663,180
665,180
666,179
668,179
670,180
672,182
673,183
674,186
674,188
674,190
674,193
672,194
669,195
667,195
664,195
662,195
660,194
659,192
658,189
659,187
end box18
598,104
599,104
600,104
602,104
603,104
603,114
602,115
600,116
599,115
597,114
end box19
567,83
568,82
570,82
571,83
572,91
571,92
568,92
567,92
end box20
696,139
697,138
698,138
699,138
700,139
701,140
701,145
701,147
700,148
698,149
697,148
696,147
end box21
459,151
460,151
462,150
463,151
464,152
464,159
463,160
461,160
460,160
459,159
end box22
473,146
474,146
476,146
477,146
478,147
478,148
478,149
478,151
478,152
478,154
477,154
475,155
474,154
473,154
end box23
305,154
306,152
308,151
311,151
313,152
315,153
315,155
316,157
316,162
316,164
315,167
314,169
311,170
308,169
306,168
end box24
307,154
308,154
309,154
311,154
312,155
312,165
311,166
310,167
307,167
306,165
end box25
621,141
622,142
623,146
622,147
621,147
619,147
618,147
end box26
473,153
474,152
476,152
477,153
478,154
479,155
479,160
478,161
477,162
475,162
474,162
473,162
end box27
end total28boxes
