661,201
665,195
672,189
677,184
684,183
690,183
697,183
703,184
711,184
717,187
723,194
727,201
729,211
727,220
722,226
711,227
703,226
696,226
690,226
683,228
673,229
662,228
659,221
660,211
end box0
724,269
770,217
819,185
877,181
922,180
955,185
985,187
1018,185
1054,190
1104,197
1157,226
1205,272
1222,338
1209,382
1136,401
1067,406
1021,398
985,385
958,383
927,387
877,399
803,403
732,382
717,336
end box1
174,246
205,213
236,194
276,193
304,194
325,197
342,200
362,199
382,201
413,206
445,222
480,250
497,292
486,318
440,334
397,338
367,333
274,332
229,334
183,317
171,289
end box2
533,189
535,186
538,183
541,182
544,182
556,182
559,183
563,186
566,189
567,194
567,199
564,203
559,204
539,203
535,202
533,198
532,194
end box3
647,193
648,190
651,187
653,185
656,184
659,184
662,184
665,184
669,183
673,185
676,188
676,192
675,197
675,201
673,204
669,206
665,206
662,206
659,207
655,207
650,207
647,205
646,201
646,197
end box4
21,262
43,232
66,213
97,207
123,207
144,211
162,214
182,212
202,215
226,224
252,240
277,265
288,300
281,325
247,341
215,352
189,351
164,344
144,342
122,345
93,349
60,343
25,325
19,298
end box5
558,187
559,185
560,184
562,183
564,183
567,183
569,183
571,184
572,185
574,187
575,189
575,192
575,195
574,197
572,199
569,199
567,199
564,199
562,198
560,197
559,196
end box6
367,101
382,101
385,103
385,134
383,137
367,134
end box7
564,159
565,159
566,159
567,159
568,159
569,160
569,161
570,162
569,164
569,166
569,167
568,167
566,168
565,167
564,166
end box8
945,62
947,59
985,58
988,62
988,69
987,74
946,73
946,69
end box9
678,127
679,126
680,125
683,125
684,126
685,127
686,128
686,135
685,136
683,137
681,137
680,137
678,136
677,135
end box10
625,176
626,175
627,175
628,175
629,175
630,176
630,177
631,178
631,179
631,180
631,182
630,183
628,183
627,184
626,183
625,183
624,182
end box11
598,159
599,160
600,161
600,162
600,164
600,166
599,167
598,167
595,167
594,167
593,166
end box12
531,145
532,145
535,144
537,144
538,145
539,146
540,148
540,149
539,151
539,153
538,154
536,155
534,155
533,155
531,154
530,153
530,152
end box13
675,172
678,172
679,172
680,173
681,174
681,175
681,179
680,180
679,181
676,181
675,180
674,179
end box14
612,175
613,174
614,174
615,174
616,174
617,175
617,176
617,177
617,178
617,179
617,180
617,182
616,182
614,183
613,182
612,181
611,180
end box15
409,146
410,144
412,143
429,143
430,146
430,149
430,152
428,154
410,154
409,151
end box16
407,145
408,143
411,140
431,140
435,142
436,145
436,150
436,154
433,157
409,156
407,153
407,150
end box17
631,159
632,160
633,161
633,162
633,164
633,166
632,167
631,167
629,168
628,167
627,167
626,166
end box18
544,143
547,142
548,143
549,144
550,145
551,146
551,147
551,149
550,150
549,151
548,152
546,152
545,152
543,151
542,150
542,149
end box19
537,157
538,158
539,159
539,164
538,165
537,166
535,166
534,166
533,165
532,164
end box20
557,127
558,127
559,127
561,126
562,127
562,129
562,136
561,138
559,138
558,138
556,137
end box21
end total22boxes
