687,211
699,201
708,191
718,185
728,184
738,184
747,182
757,182
770,182
785,186
799,194
803,209
801,224
796,239
785,246
765,245
756,248
747,249
737,250
727,252
715,251
696,249
685,241
684,226
end box0
180,264
202,239
225,219
248,209
271,207
292,207
311,208
331,209
353,211
378,219
406,237
419,263
425,296
416,321
392,340
361,345
332,340
242,343
210,340
182,322
174,297
end box1
392,224
392,212
397,202
408,198
421,199
430,200
439,200
447,201
456,203
465,208
473,216
479,225
482,238
482,251
476,260
460,262
449,263
440,262
431,261
423,259
414,257
end box2
708,239
732,201
774,174
811,160
844,155
875,161
904,164
935,162
971,164
1015,168
1051,197
1069,236
1074,289
1061,330
1028,360
979,362
841,360
797,369
754,356
712,334
705,293
end box3
975,281
1007,258
1033,242
1055,235
1076,232
1093,228
1111,223
1132,220
1155,225
1188,230
1219,245
1237,278
1238,313
1227,339
1192,354
1155,359
1132,360
1110,354
1091,354
1070,360
1045,362
1009,353
971,341
964,316
end box4
634,188
635,185
638,182
641,179
644,179
647,179
653,179
658,178
660,180
664,184
665,187
665,192
665,197
664,201
659,202
654,201
643,202
638,202
634,201
633,196
633,192
end box5
475,198
477,192
483,189
491,190
496,191
501,191
506,192
511,192
515,196
518,201
522,206
524,212
524,219
521,226
515,228
508,228
501,227
496,227
492,225
end box6
452,207
451,198
455,191
463,190
471,190
477,190
482,190
488,190
494,191
500,195
504,201
508,207
510,215
511,224
506,231
498,233
490,233
483,232
end box7
622,189
623,187
624,186
625,184
626,184
628,183
629,183
631,183
633,183
635,184
636,186
637,188
637,191
637,193
636,195
634,196
632,197
630,197
627,197
625,197
623,196
622,195
622,192
622,190
end box8
671,195
673,189
677,185
681,181
686,180
691,179
696,180
701,181
707,180
713,182
716,188
717,194
716,201
714,206
711,211
696,214
691,216
684,218
677,217
673,214
670,207
671,201
end box9
667,192
667,189
669,187
671,185
673,184
676,183
679,183
682,183
686,183
689,185
690,188
690,192
688,202
682,204
679,205
676,206
672,206
669,205
667,202
666,198
666,195
end box10
606,189
606,187
608,186
609,185
610,184
612,184
613,183
615,183
617,184
618,185
620,187
621,188
621,191
621,193
621,196
618,196
616,197
613,196
611,196
609,197
607,196
606,195
605,193
605,190
end box11
396,208
403,197
415,192
428,191
437,192
451,193
457,193
466,192
475,195
486,201
497,210
503,225
501,237
487,243
471,243
459,241
403,233
398,223
end box12
670,191
670,189
671,188
672,187
673,186
675,185
676,184
678,185
680,185
682,186
683,188
683,190
682,197
681,198
679,199
676,199
674,200
672,200
670,198
670,196
669,194
669,192
end box13
542,178
543,177
544,177
545,177
546,178
546,178
546,179
547,180
547,181
547,182
547,183
546,184
545,185
544,186
543,185
542,184
542,183
end box14
672,132
674,130
689,130
693,131
693,149
691,151
676,152
673,150
671,148
end box15
618,68
620,66
634,65
637,67
638,70
637,83
635,85
621,86
619,84
618,82
end box16
617,62
619,60
635,61
636,64
635,77
634,79
618,78
end box17
591,189
592,188
593,187
594,187
595,187
596,188
597,189
597,190
598,191
598,192
598,193
598,195
597,196
596,197
594,198
593,197
592,196
591,195
end box18
508,155
511,155
512,155
513,156
514,157
514,158
514,160
514,162
513,163
512,164
510,164
509,164
508,163
507,162
end box19
594,161
598,161
599,161
599,162
600,163
600,165
599,167
599,168
598,168
596,168
595,168
594,168
end box20
506,147
507,147
512,147
513,147
513,149
514,154
513,156
511,156
508,156
506,156
505,155
end box21
663,157
664,157
664,158
665,159
665,163
664,164
662,164
660,164
659,163
658,163
end box22
625,146
629,146
630,146
630,147
630,152
630,152
628,153
627,153
626,153
625,152
624,152
end box23
591,176
592,175
593,175
594,175
595,176
595,176
596,177
596,178
596,179
596,180
596,181
595,182
594,183
593,183
592,183
591,182
end box24
629,158
630,158
630,159
631,164
630,165
628,165
626,165
625,165
624,164
end box25
680,136
682,134
694,133
696,135
697,137
697,149
695,151
683,152
681,150
680,148
end box26
544,93
545,91
547,89
557,90
558,91
560,105
558,107
555,108
546,107
544,106
end box27
502,140
506,140
507,140
508,147
507,148
506,149
503,149
502,148
end box28
594,161
598,161
599,161
599,162
600,163
600,165
599,167
599,168
598,168
596,168
595,168
594,168
end box29
end total30boxes
