532,189
533,186
537,183
538,179
542,179
549,178
553,178
558,179
560,182
563,186
565,189
565,194
565,199
565,205
560,206
540,206
535,207
532,205
532,198
531,194
end box0
587,193
588,191
590,188
592,184
595,184
610,184
612,187
614,190
616,193
616,198
616,202
615,208
612,209
594,208
589,209
587,207
586,201
586,197
end box1
572,178
572,176
574,174
575,173
577,173
584,172
587,173
588,175
589,177
589,180
589,183
588,185
585,186
583,186
580,186
578,186
576,186
574,186
572,184
571,182
571,180
end box2
985,269
993,261
1002,258
1010,257
1044,257
1055,260
1063,268
1065,279
1061,287
1047,289
1020,290
1015,289
1009,289
997,289
984,287
983,279
end box3
589,179
589,177
591,176
592,175
593,174
600,174
602,175
603,176
604,178
604,181
604,183
603,185
601,186
593,186
590,186
589,185
588,183
588,181
end box4
506,177
507,175
508,173
509,172
518,172
520,173
522,174
523,176
523,179
523,182
522,184
519,184
517,185
511,184
508,184
506,183
506,181
506,179
end box5
498,177
503,177
504,177
505,179
506,180
506,181
506,183
506,185
504,185
503,186
500,186
498,185
497,185
end box6
493,182
494,180
495,178
496,177
505,177
507,177
509,179
510,181
510,184
510,187
509,189
507,190
497,190
495,190
493,188
493,186
493,184
end box7
473,182
474,180
475,178
476,177
485,176
487,177
489,179
490,181
490,184
490,187
489,189
487,190
477,190
475,190
473,188
473,186
473,184
end box8
577,175
577,174
580,174
581,174
582,175
583,176
583,177
583,178
583,179
583,181
582,182
580,182
579,183
578,182
577,182
576,181
575,180
end box9
512,174
516,174
517,174
517,175
518,176
518,177
518,178
518,180
517,181
515,181
514,181
513,181
512,180
511,180
510,179
end box10
594,175
594,175
597,175
598,175
598,175
599,176
599,177
599,178
599,179
599,181
598,181
597,181
596,182
595,181
594,181
593,181
593,180
end box11
584,179
586,176
589,174
591,173
593,173
603,173
605,174
609,176
611,179
612,183
611,186
608,189
604,190
592,190
589,189
586,189
583,186
583,183
end box12
693,176
693,176
697,176
697,176
698,177
698,178
699,179
698,180
698,182
697,182
696,183
695,183
694,183
693,182
692,182
692,181
end box13
426,190
427,186
430,180
434,180
437,183
438,188
438,192
438,195
438,198
437,200
437,202
438,206
438,214
434,216
429,217
427,210
427,203
end box14
194,216
195,206
200,197
207,195
213,202
214,213
216,247
216,261
209,262
198,262
194,256
end box15
194,216
195,206
200,197
207,195
213,202
214,213
216,247
216,261
209,262
198,262
194,256
end box16
852,227
863,209
876,206
887,225
892,337
880,345
859,345
848,339
end box17
567,160
568,161
568,162
569,163
569,164
569,165
569,167
568,168
567,169
565,169
564,168
563,168
end box18
972,109
977,94
1068,88
1071,106
1069,192
1067,205
969,210
968,193
end box19
662,144
663,144
663,145
664,146
664,147
664,148
664,150
663,151
661,151
660,151
659,151
658,151
657,150
end box20
537,165
538,165
539,167
540,168
539,170
539,172
538,173
532,172
530,172
530,170
end box21
675,178
675,178
676,177
677,177
678,177
679,178
679,178
680,179
680,181
680,182
680,183
679,184
678,185
677,186
676,185
675,184
675,183
end box22
643,146
646,146
647,146
647,146
648,147
648,148
648,149
648,150
648,151
648,152
646,153
645,153
644,153
643,152
end box23
806,205
812,197
821,193
827,198
830,268
822,269
809,268
804,262
end box24
474,190
475,189
477,188
484,188
486,190
487,192
487,200
486,202
476,202
474,201
474,199
end box25
515,158
516,158
517,159
518,160
517,161
517,162
517,163
516,164
515,164
513,164
512,164
511,163
end box26
495,190
496,188
498,188
506,188
507,189
508,191
509,198
509,201
507,203
504,203
497,203
495,202
494,200
end box27
645,159
645,158
646,158
647,159
647,159
648,160
648,160
649,161
649,162
648,163
649,164
648,165
647,166
646,166
645,166
644,165
end box28
578,160
579,161
580,161
580,162
580,163
580,164
580,165
579,166
578,166
576,166
575,166
end box29
624,185
625,184
626,184
628,184
629,184
630,185
631,186
631,187
631,188
631,189
631,191
630,192
629,192
627,193
626,192
625,192
624,191
623,190
end box30
479,192
479,191
484,191
485,192
486,193
486,198
485,199
484,200
481,200
480,199
479,198
end box31
529,171
534,171
536,171
536,172
537,174
537,175
537,177
537,178
535,179
534,180
532,180
531,180
530,179
528,178
528,177
end box32
607,133
607,133
608,133
609,133
609,133
610,133
610,139
609,140
608,140
607,140
606,139
end box33
483,139
484,139
485,139
486,139
487,139
488,140
488,145
488,147
487,147
485,148
484,147
483,147
end box34
657,158
658,157
659,157
660,157
660,158
661,158
661,159
662,163
661,164
660,165
659,165
658,165
657,164
end box35
493,143
494,142
495,142
496,142
497,143
497,143
498,148
497,149
496,150
495,150
494,150
493,149
end box36
418,155
419,154
420,154
421,154
422,155
422,155
423,160
422,161
421,162
420,162
419,162
418,161
end box37
645,159
645,158
646,158
647,159
647,159
648,160
648,160
649,161
649,162
648,163
649,164
648,165
647,166
646,166
645,166
644,165
end box38
end total39boxes
