485,212
487,207
492,200
497,196
503,196
510,196
515,196
522,196
529,196
533,200
538,207
542,212
543,221
543,230
541,238
533,239
523,237
510,235
502,238
492,240
485,238
484,229
485,221
end box0
259,250
269,223
284,207
312,202
337,200
355,199
371,201
389,205
406,211
428,218
450,232
460,254
466,283
459,305
442,318
413,329
394,334
375,329
356,325
340,322
314,323
280,327
269,305
262,279
end box1
535,202
536,198
538,196
542,196
546,196
549,196
552,196
555,197
557,200
560,203
561,206
561,209
561,214
561,218
558,220
553,220
549,219
546,219
543,218
540,217
end box2
735,245
745,227
762,206
777,194
798,192
818,195
834,197
854,196
874,198
889,208
908,226
914,246
920,271
916,297
911,319
881,319
853,313
819,308
799,314
772,320
749,314
734,297
734,271
end box3
635,193
636,191
638,189
639,188
641,187
651,186
654,187
656,190
656,193
656,196
656,199
655,203
652,203
640,205
636,205
635,202
634,199
635,196
end box4
592,189
592,188
593,187
593,187
598,186
599,187
600,188
601,189
601,190
601,192
601,194
599,194
597,194
596,194
595,194
594,194
592,194
592,193
592,191
592,190
end box5
606,189
608,186
613,186
615,186
616,187
616,189
617,190
616,192
616,194
614,194
613,195
611,195
610,195
608,194
607,194
606,193
606,191
606,190
end box6
620,192
621,190
622,188
623,187
625,186
633,186
635,187
637,189
637,191
637,194
637,196
636,199
633,200
631,200
626,201
624,201
621,201
620,199
619,196
620,194
end box7
577,191
577,191
578,190
582,190
583,191
584,192
585,193
585,194
585,196
584,197
583,198
582,198
580,199
579,198
578,198
577,197
576,196
end box8
672,209
673,204
678,199
683,194
687,192
693,191
699,191
705,191
714,191
720,194
722,202
684,238
674,239
671,233
670,224
672,216
end box9
533,197
534,193
536,190
538,188
542,189
551,189
554,189
557,191
560,193
561,197
562,201
562,205
560,209
556,210
552,210
539,208
536,207
534,204
534,200
end box10
568,192
568,190
570,188
571,187
573,186
580,187
582,188
584,189
585,191
585,194
585,197
585,200
582,200
579,200
572,200
570,200
568,198
568,196
568,194
end box11
623,191
623,190
624,189
625,189
626,188
628,188
630,188
631,189
632,190
632,192
632,193
632,195
632,197
631,198
629,198
627,199
626,198
624,198
623,197
622,196
622,194
622,193
end box12
697,223
704,214
712,205
720,199
729,198
738,200
746,200
754,201
766,200
778,202
787,210
787,222
787,235
784,246
777,255
765,256
746,257
738,259
728,261
713,263
699,261
694,250
694,236
end box13
-5,288
21,247
55,225
99,220
133,217
158,220
181,226
205,228
233,230
274,234
306,256
336,292
345,338
331,370
286,385
240,392
208,391
183,388
161,385
137,385
100,390
49,392
6,371
-4,335
end box14
687,221
689,216
692,211
696,207
701,204
707,203
712,203
719,203
727,203
732,206
733,214
724,243
712,245
706,247
698,249
690,249
686,244
685,235
686,228
end box15
540,205
541,203
544,202
546,202
549,203
550,203
553,204
554,205
555,207
556,209
557,212
557,214
556,218
554,219
552,220
549,219
546,218
542,217
end box16
564,191
564,191
565,190
566,190
567,190
568,191
568,191
569,192
569,193
569,194
569,195
569,197
568,197
567,198
566,198
565,198
564,197
563,196
end box17
476,188
476,187
477,186
478,186
479,186
480,187
480,188
481,189
481,190
481,191
481,192
481,193
480,194
480,196
478,196
477,196
476,194
476,193
end box18
512,146
513,145
514,145
515,145
516,146
517,147
518,148
518,149
518,150
518,151
518,153
517,154
516,155
514,156
513,155
512,154
511,153
end box19
534,176
536,176
536,176
537,177
538,177
538,178
538,179
538,180
538,181
537,182
536,182
535,183
534,182
533,182
533,181
end box20
681,190
682,191
683,192
683,197
682,198
681,199
678,199
677,198
676,197
675,196
end box21
446,177
447,176
448,176
449,176
450,176
451,177
451,178
451,179
451,180
451,181
451,182
451,184
450,184
448,185
447,184
446,184
end box22
673,191
674,190
675,188
677,187
685,187
687,188
688,190
687,199
685,201
676,203
674,201
673,199
end box23
452,158
453,157
454,157
455,157
457,158
457,159
458,165
457,167
456,168
454,168
453,168
452,166
end box24
end total25boxes
