581,191
583,188
586,185
587,182
591,181
607,181
608,184
612,188
614,191
613,196
614,201
613,208
609,208
590,207
584,208
582,206
581,200
581,196
end box0
531,187
533,185
535,181
537,179
540,178
551,178
555,178
557,180
560,184
562,187
562,192
562,197
561,202
557,203
539,202
534,203
532,201
531,196
531,191
end box1
385,183
387,180
389,177
392,176
395,176
402,176
405,176
408,177
411,180
413,183
414,187
414,191
412,195
407,196
403,195
394,195
390,195
387,194
385,190
385,186
end box2
556,174
556,172
557,171
559,170
568,169
571,170
572,172
573,174
574,177
574,180
573,182
570,183
567,184
558,182
556,181
556,179
555,177
end box3
573,176
573,174
574,172
575,171
577,171
584,170
587,171
588,173
588,175
588,178
588,180
587,182
585,183
583,184
580,184
578,184
576,184
574,183
573,182
572,180
572,177
end box4
536,179
538,176
540,173
543,172
546,171
553,172
557,171
559,173
563,175
565,179
565,183
565,187
563,190
558,191
545,191
541,191
537,190
535,186
535,183
end box5
584,178
585,175
588,172
590,170
593,170
605,170
608,172
611,175
613,177
613,182
613,186
611,190
607,191
592,190
589,190
586,189
584,185
584,181
end box6
578,173
583,172
584,173
585,174
586,175
585,176
585,178
585,179
584,180
583,181
581,181
580,181
579,180
578,179
577,178
end box7
668,148
668,146
669,144
670,143
672,142
674,142
675,141
677,142
679,142
681,143
682,145
683,147
684,150
684,152
683,155
681,156
678,157
676,157
673,157
671,157
669,155
668,154
667,152
667,150
end box8
1139,111
1140,105
1142,99
1146,95
1152,93
1158,93
1163,93
1168,94
1174,96
1179,99
1181,105
1183,110
1184,116
1183,123
1181,129
1176,133
1170,135
1164,136
1158,136
1151,136
1144,134
1141,129
1139,123
1140,116
end box9
425,149
425,148
427,146
428,145
430,144
432,143
434,143
436,143
438,144
440,145
441,147
442,149
443,152
443,155
441,157
439,159
436,160
434,160
431,160
429,160
427,158
425,156
424,154
424,152
end box10
1139,143
1141,140
1172,139
1175,142
1174,159
1172,162
1139,162
1138,159
end box11
462,144
462,144
463,143
464,143
465,143
466,144
467,144
467,145
468,146
468,147
468,148
467,150
467,151
465,151
464,151
463,151
462,150
461,150
461,149
461,148
end box12
611,157
612,156
614,156
615,157
616,157
616,158
616,162
616,163
614,164
613,164
612,164
611,163
end box13
531,158
531,158
532,159
532,163
532,164
530,165
529,165
528,165
527,164
end box14
445,175
446,174
447,174
448,174
449,175
450,176
450,177
451,182
450,183
449,184
447,184
446,184
445,183
end box15
670,147
670,146
671,145
671,144
673,143
674,142
675,142
677,142
678,143
679,144
680,145
681,147
681,148
681,150
681,152
679,154
677,154
675,155
674,155
672,154
671,153
670,151
670,149
end box16
467,173
468,173
470,173
471,173
472,174
472,175
473,180
472,181
471,181
469,182
468,181
467,181
end box17
457,148
457,146
458,145
459,144
460,143
462,142
463,142
465,143
467,143
468,144
469,146
470,148
470,150
470,152
469,154
468,155
466,156
464,156
462,156
459,156
458,155
457,153
456,151
456,149
end box18
430,157
435,156
436,157
437,158
438,159
438,160
438,162
438,163
436,164
435,165
432,165
431,164
430,163
429,162
end box19
end total20boxes
