627,177
632,176
633,177
634,178
634,179
635,180
634,182
634,183
633,184
631,184
630,184
629,184
628,184
627,183
626,182
end box0
561,177
566,176
567,177
568,178
569,179
569,180
569,182
569,184
567,184
566,184
564,185
563,184
562,184
561,183
560,183
end box1
641,176
641,176
645,175
646,176
647,177
647,178
647,179
647,180
647,182
646,183
644,183
643,183
642,183
641,183
640,182
639,181
end box2
437,180
437,179
439,177
440,176
442,175
449,176
451,176
453,178
454,180
454,183
454,186
453,188
451,189
441,189
438,189
437,188
436,185
436,183
end box3
577,175
581,175
581,175
582,176
583,177
583,178
583,179
583,181
582,181
580,182
579,182
578,181
577,181
576,181
575,180
end box4
539,182
540,180
541,178
542,177
544,177
551,177
552,178
554,179
555,181
556,184
556,186
555,189
552,189
550,189
544,189
541,189
540,188
539,186
539,184
end box5
545,178
545,178
549,178
549,178
550,179
551,180
551,181
551,182
551,184
550,184
548,185
547,185
546,185
545,184
544,184
544,183
end box6
653,181
654,179
655,178
657,176
658,176
665,176
667,177
669,178
670,180
670,183
670,186
669,188
666,188
657,189
655,189
653,187
652,185
652,183
end box7
657,179
659,177
663,177
664,177
664,178
665,179
665,180
665,181
665,183
664,184
662,184
660,184
659,184
658,183
657,182
657,181
end box8
647,161
648,161
649,162
649,163
649,164
649,165
649,166
648,167
647,168
646,168
645,168
644,167
644,166
end box9
606,146
610,146
610,146
611,147
611,148
611,150
611,151
610,152
609,153
608,153
607,153
606,152
end box10
516,174
517,173
519,173
520,174
520,174
521,175
521,179
520,180
519,181
518,181
517,181
516,180
end box11
673,177
674,176
676,176
677,177
678,177
678,178
678,179
678,180
678,181
678,182
678,183
676,184
675,184
674,184
673,183
672,182
end box12
559,158
559,157
560,157
560,157
561,158
562,158
562,158
562,159
562,160
562,161
562,162
562,162
561,163
560,163
559,163
558,162
end box13
528,175
528,175
529,175
530,175
530,175
531,176
531,176
532,177
532,178
532,179
532,180
531,181
530,181
529,181
528,181
527,181
527,180
end box14
491,126
492,125
493,125
494,125
495,126
496,127
496,134
495,135
493,136
492,135
491,134
end box15
398,158
399,157
400,157
401,157
402,158
403,159
403,166
402,167
400,168
399,167
398,166
end box16
485,124
486,123
487,123
488,123
489,124
490,125
490,132
489,133
487,133
486,133
485,132
end box17
430,155
431,155
432,155
433,155
434,155
435,156
435,157
435,161
434,162
434,163
432,164
431,163
430,163
end box18
643,129
644,128
646,128
647,128
647,129
648,136
647,136
645,136
644,136
643,136
end box19
end total20boxes
