458,185
465,178
475,175
483,176
504,175
510,176
520,179
530,185
534,195
530,201
514,202
473,202
459,201
456,194
end box0
579,176
582,172
586,170
590,169
593,169
603,169
607,170
612,172
615,176
617,181
616,185
611,188
605,188
601,188
598,188
595,188
592,188
589,187
583,187
579,185
577,180
end box1
551,176
559,171
566,169
571,168
595,168
604,170
611,176
615,184
611,190
598,191
585,190
578,191
574,191
570,191
561,191
549,190
547,184
end box2
550,177
553,173
557,171
560,171
573,170
577,171
582,173
585,177
587,181
586,186
580,188
574,188
562,189
558,188
552,189
548,186
548,181
end box3
750,177
750,175
752,173
754,172
756,172
764,172
766,173
768,175
770,177
770,180
770,184
769,186
765,187
762,186
755,186
752,187
750,185
749,183
749,180
end box4
866,177
866,175
868,173
869,172
871,171
878,171
880,172
882,174
883,176
883,179
883,181
882,184
880,185
877,185
870,185
868,184
866,183
866,181
866,178
end box5
816,178
817,176
818,175
820,173
822,173
830,173
832,174
834,176
835,178
835,181
835,184
834,187
831,188
828,188
823,187
821,188
818,187
816,186
816,183
816,181
end box6
672,180
677,177
681,176
684,175
693,176
696,176
701,177
706,180
708,184
706,188
700,190
695,190
682,189
677,190
672,188
670,184
end box7
813,179
814,176
817,173
819,171
822,171
830,171
834,171
837,173
840,175
842,179
843,183
843,187
840,191
836,192
831,191
822,191
818,191
814,190
812,186
812,183
end box8
634,178
635,176
636,175
638,174
640,174
647,174
649,174
651,176
653,178
653,181
653,184
652,187
649,187
646,187
639,187
637,187
635,186
634,183
633,181
end box9
971,176
975,172
979,170
982,170
995,170
998,170
1004,172
1008,175
1010,181
1008,185
1002,187
981,187
975,187
970,185
969,180
end box10
831,177
831,175
832,174
834,172
836,172
844,172
846,173
847,175
848,177
849,180
849,183
848,186
845,187
842,187
835,187
832,186
831,184
830,182
830,180
end box11
735,177
735,175
737,174
738,173
740,173
747,173
749,173
751,175
753,177
753,180
753,183
751,185
748,186
746,186
739,186
737,186
735,185
734,182
733,180
end box12
621,180
621,178
622,177
623,175
624,175
626,174
627,174
629,174
631,175
632,176
633,178
634,180
634,182
634,184
634,186
632,187
630,188
628,188
626,188
624,187
622,186
621,185
620,183
620,181
end box13
882,178
883,176
884,174
885,173
887,173
894,173
896,173
898,175
899,177
899,180
899,183
898,185
895,186
893,186
886,186
884,186
882,184
882,182
881,180
end box14
680,179
681,177
683,176
685,175
694,175
696,175
699,177
701,179
702,182
702,186
700,188
696,188
683,188
680,187
679,185
678,182
end box15
726,177
729,174
733,172
736,171
747,171
750,172
755,173
759,177
761,181
760,186
755,188
749,188
737,188
734,187
729,188
725,185
723,181
end box16
898,177
898,175
899,174
901,172
903,172
908,172
911,172
913,173
914,175
915,177
916,180
916,183
915,186
912,186
909,187
907,186
904,186
902,186
900,186
898,184
897,182
897,180
end box17
641,176
642,175
646,175
647,176
648,177
649,178
649,179
649,181
649,182
647,183
646,183
644,184
643,183
642,183
641,182
640,181
end box18
804,179
804,177
805,176
806,174
807,174
809,173
810,172
812,173
814,173
816,175
817,177
817,178
817,181
817,183
816,185
815,186
813,187
811,187
808,187
806,187
805,186
804,184
803,182
803,180
end box19
870,174
871,173
872,173
876,173
877,173
878,175
879,176
879,177
879,179
879,181
877,181
876,182
874,182
873,182
871,181
870,181
870,179
end box20
720,177
721,176
723,174
724,173
726,173
733,173
735,173
737,175
739,177
740,180
739,183
737,185
734,185
725,186
722,186
720,185
719,182
719,180
end box21
708,178
709,176
710,175
714,175
715,176
716,177
717,178
717,179
717,181
717,183
715,183
714,183
712,183
711,183
710,183
709,182
708,181
end box22
823,106
824,102
827,100
850,101
852,105
852,118
851,123
847,125
826,124
823,122
823,117
end box23
375,127
376,123
382,121
384,120
386,121
388,121
391,122
392,125
392,127
392,130
392,132
392,136
389,137
386,138
384,138
381,138
379,138
376,137
375,134
374,132
374,130
end box24
804,147
805,146
808,146
809,146
810,147
811,148
812,149
812,150
811,152
811,153
810,154
809,155
807,155
806,155
805,154
804,153
end box25
902,55
905,53
933,55
933,80
end box26
358,128
361,119
368,118
371,118
374,118
378,119
381,120
383,124
384,128
384,131
383,135
382,140
380,143
375,143
371,144
368,143
364,142
360,141
358,139
358,134
357,131
end box27
820,145
821,144
822,144
823,144
824,145
825,145
825,146
825,150
825,152
823,152
822,153
821,152
820,152
end box28
810,158
810,158
811,159
811,160
811,162
811,164
811,164
809,165
807,165
806,164
805,163
end box29
378,145
378,143
379,142
379,140
381,138
383,138
385,138
387,138
389,138
390,140
390,143
391,145
391,146
391,148
390,151
389,153
387,154
385,155
382,155
380,154
379,152
378,150
378,148
378,146
end box30
939,95
940,95
943,95
944,95
944,104
943,106
940,106
939,105
end box31
381,142
382,141
385,141
386,142
387,143
387,152
385,153
383,154
382,154
380,152
end box32
741,125
742,125
743,125
744,124
745,125
746,126
746,133
745,134
743,134
742,134
741,133
end box33
873,110
874,110
875,109
876,109
877,110
878,111
878,118
877,119
875,119
874,119
873,118
end box34
886,125
887,124
888,124
889,124
890,125
891,126
891,133
890,134
888,135
887,134
886,133
end box35
end total36boxes
