103,203
108,197
115,193
121,191
127,191
140,191
146,191
152,193
158,198
165,203
168,212
166,220
158,224
148,224
125,224
118,225
108,225
101,220
101,211
end box0
43,196
45,191
52,187
58,186
79,186
85,187
91,191
95,196
97,204
96,211
89,215
82,215
55,216
48,215
42,210
42,203
end box1
1195,187
1198,183
1202,179
1206,177
1226,177
1230,179
1235,182
1238,187
1239,193
1238,199
1234,203
1227,204
1205,203
1199,202
1195,198
1194,192
end box2
1195,179
1197,174
1201,171
1206,169
1226,169
1230,170
1235,174
1239,179
1240,185
1239,191
1235,196
1227,196
1204,196
1197,195
1194,190
1194,185
end box3
307,218
323,203
338,193
354,188
367,188
379,189
389,187
399,188
414,187
433,190
448,200
459,217
461,237
456,254
436,262
413,263
399,263
388,264
378,266
366,265
351,266
324,266
304,257
302,239
end box4
54,174
55,173
56,173
57,173
58,173
59,174
59,175
59,176
59,178
59,179
59,181
58,181
56,182
55,181
54,181
53,179
end box5
264,171
265,170
268,170
269,171
270,172
270,181
268,182
267,183
265,183
263,181
end box6
end total7boxes
