296,257
296,248
296,236
298,219
303,185
319,148
332,158
348,202
352,227
353,241
354,250
357,258
357,266
355,273
353,281
351,294
352,329
341,368
312,374
301,341
304,295
300,282
296,275
295,266
end box0
368,235
369,227
369,217
371,205
377,187
389,168
399,168
411,191
418,206
420,218
420,228
422,235
422,242
418,248
415,254
412,263
411,283
403,311
386,310
377,287
377,262
374,254
370,248
369,242
end box1
124,253
122,239
125,225
129,205
141,180
158,163
174,175
189,205
198,220
202,233
205,244
205,255
207,265
204,275
201,284
203,307
198,336
182,350
152,355
135,348
130,315
129,289
126,277
124,265
end box2
102,254
101,248
100,239
102,229
106,213
117,185
131,174
141,198
144,224
144,238
143,247
143,254
142,259
142,265
142,272
141,283
143,318
134,341
115,331
109,294
109,273
107,268
104,264
103,259
end box3
662,192
663,189
662,186
663,180
665,174
670,165
676,162
681,169
684,178
685,184
685,188
685,192
684,195
684,198
682,201
682,207
681,217
677,225
669,225
665,215
664,205
664,200
663,197
663,195
end box4
181,255
180,249
179,240
179,227
182,205
194,176
207,176
219,204
222,227
223,240
221,249
222,255
222,260
221,266
221,273
220,284
221,314
211,342
191,340
182,311
184,280
182,272
181,266
181,260
end box5
141,270
141,262
140,251
140,234
145,209
159,183
174,188
188,216
193,238
194,253
194,262
196,270
195,277
193,284
192,293
191,306
191,336
180,363
155,364
142,347
144,307
143,293
142,284
141,277
end box6
461,162
461,161
462,161
463,161
464,161
465,161
466,162
466,163
467,164
467,165
467,166
467,168
466,169
465,170
463,170
462,170
461,169
460,168
end box7
509,175
510,174
511,173
512,173
513,173
514,174
515,175
515,176
516,177
516,178
516,179
516,181
515,182
514,183
512,184
511,183
510,182
509,181
end box8
691,157
692,156
694,155
696,155
698,155
699,156
701,158
701,160
702,163
702,166
702,168
700,170
698,172
696,172
693,172
691,171
690,169
689,167
end box9
563,144
564,143
565,143
566,143
567,144
567,144
568,145
568,146
568,147
568,148
568,149
568,150
566,151
565,151
564,151
563,150
562,149
end box10
574,159
574,158
575,158
576,157
577,158
578,158
579,159
579,160
579,161
579,162
579,163
579,164
579,165
578,167
576,167
575,167
574,165
573,164
end box11
526,160
527,159
528,159
529,159
530,160
530,160
531,161
532,162
531,163
531,164
531,166
531,167
530,167
528,167
527,167
526,166
525,165
end box12
559,73
560,72
561,72
562,72
563,73
564,74
564,80
564,81
563,82
561,83
560,82
559,81
end box13
573,143
574,143
575,143
576,143
577,143
578,144
578,145
578,146
578,147
578,148
578,149
578,151
577,152
575,152
574,151
573,151
572,149
end box14
446,160
447,159
449,159
450,160
451,160
451,161
452,162
452,163
452,164
452,166
451,167
449,167
448,167
447,167
446,167
445,166
end box15
492,205
491,203
492,198
494,194
498,193
500,195
501,200
501,204
501,206
501,208
501,209
501,211
501,213
501,216
501,223
498,225
494,224
492,219
492,214
491,212
end box16
486,193
486,191
486,188
486,183
488,177
492,169
497,167
502,174
503,182
504,187
505,190
505,193
504,196
503,198
502,201
502,206
502,215
498,221
491,219
489,212
488,203
488,199
487,197
486,195
end box17
490,196
489,194
490,192
490,190
491,185
494,180
498,178
501,183
502,188
502,191
503,193
503,196
503,197
502,199
502,201
501,205
501,211
498,215
493,214
491,208
491,203
490,200
490,199
490,197
end box18
525,92
526,92
527,92
529,92
530,92
530,94
530,101
529,103
527,103
526,103
525,102
end box19
end total20boxes
