651,178
652,175
655,172
657,170
660,170
669,170
673,169
675,171
678,174
680,177
680,182
680,186
678,190
674,191
669,190
659,191
655,191
652,189
651,185
651,181
end box0
635,176
635,174
636,172
638,171
648,171
650,172
652,174
653,176
653,179
653,182
652,184
649,185
637,184
635,183
634,181
634,179
end box1
583,179
584,176
587,173
590,172
593,172
603,172
606,173
610,175
612,179
612,183
612,187
609,190
605,191
592,191
589,190
585,189
583,186
582,182
end box2
798,139
799,136
819,135
820,138
821,158
820,161
799,160
797,158
end box3
680,170
681,169
683,167
693,167
695,168
696,170
697,172
697,175
697,178
697,181
694,182
684,182
681,181
680,180
end box4
686,173
686,172
687,171
693,170
694,171
695,172
696,174
696,175
696,177
695,179
694,180
692,180
687,180
686,179
685,178
end box5
725,158
727,158
728,159
729,159
729,160
730,161
730,162
730,163
730,165
729,165
727,166
726,166
725,166
724,165
723,165
end box6
612,161
612,161
613,161
614,161
614,161
615,162
615,162
616,163
616,164
616,165
616,166
615,167
614,168
613,168
612,167
611,167
end box7
787,93
787,92
788,92
789,92
790,92
791,92
792,93
792,94
793,95
793,96
792,97
792,99
792,100
791,100
789,101
788,100
787,100
786,99
end box8
723,144
723,144
724,144
725,144
725,144
726,145
726,149
726,150
725,150
724,151
723,150
722,150
end box9
642,113
643,112
644,112
645,112
646,113
647,114
647,121
646,122
644,123
643,122
642,121
end box10
end total11boxes
