94,252
125,227
147,210
174,204
196,203
214,201
230,200
249,198
269,202
295,210
323,226
350,252
363,287
355,311
316,326
279,332
253,332
231,325
213,323
194,324
166,327
131,325
91,310
83,286
end box0
470,196
473,190
477,185
482,184
487,184
492,184
495,184
500,184
505,184
510,186
514,191
518,196
521,203
521,210
517,215
507,215
501,216
496,214
491,214
487,214
480,215
473,213
470,209
469,202
end box1
634,174
635,171
638,168
640,166
643,166
656,165
658,167
662,170
664,173
664,178
664,182
662,187
657,187
642,187
638,187
634,186
633,182
633,178
end box2
702,177
702,174
703,172
704,171
706,170
713,170
715,171
717,172
718,174
719,176
719,179
719,182
719,185
716,186
714,187
711,186
708,186
706,186
704,185
702,183
702,181
702,179
end box3
653,176
653,173
654,172
656,170
658,170
660,169
664,169
666,170
668,171
670,173
670,175
670,178
670,181
670,184
667,185
664,185
662,185
659,185
657,185
654,184
653,182
653,180
652,178
end box4
670,176
670,174
671,172
672,171
674,171
679,170
681,171
683,171
685,173
685,175
685,178
685,180
684,183
682,184
680,184
675,184
673,184
671,183
670,182
669,180
669,177
end box5
415,154
416,155
417,156
417,157
417,158
417,159
417,161
416,162
414,162
413,162
412,162
411,162
410,161
409,160
end box6
254,157
256,156
257,156
259,156
260,157
261,169
260,171
258,171
255,171
254,169
end box7
260,219
261,215
264,211
267,211
270,213
272,218
272,236
271,242
268,243
264,242
262,237
end box8
105,152
115,149
168,149
181,152
182,164
174,168
110,168
103,164
end box9
115,73
119,70
157,70
163,73
163,81
160,84
117,84
114,80
end box10
end total11boxes
