483,187
486,182
491,177
495,174
501,174
506,174
511,174
515,175
522,174
527,176
531,182
535,187
537,195
537,203
533,208
524,209
517,208
511,207
506,207
500,208
493,209
484,208
481,203
482,195
end box0
18,274
45,236
73,210
115,205
149,203
175,204
198,208
223,210
250,215
290,220
324,241
351,278
359,322
345,353
299,366
250,368
222,371
198,368
176,369
154,369
119,373
67,376
26,354
16,321
end box1
276,186
278,179
283,174
290,172
318,172
324,174
329,179
333,186
334,194
333,201
326,206
318,207
290,207
282,205
276,201
275,193
end box2
537,174
537,172
539,171
541,170
550,170
553,170
555,172
556,174
557,177
557,180
555,183
552,183
542,183
539,183
537,182
536,179
536,177
end box3
605,164
605,162
606,161
608,159
609,159
616,159
617,160
619,162
620,163
620,166
620,168
619,171
617,171
614,171
612,171
611,171
609,171
606,171
605,170
604,167
604,165
end box4
622,163
622,161
623,159
624,158
626,158
633,158
635,158
636,160
637,162
637,165
638,167
637,170
634,170
632,171
629,170
627,171
625,171
623,171
621,169
621,167
621,164
end box5
525,173
524,171
525,169
527,168
529,167
534,167
536,167
538,168
540,170
541,172
541,175
541,177
540,180
538,181
535,182
533,181
531,181
529,180
527,180
525,178
524,177
524,175
end box6
609,161
609,160
609,160
610,159
612,159
613,159
614,159
615,160
616,161
616,162
616,163
616,164
616,166
615,167
613,167
612,167
611,167
610,167
609,166
608,165
end box7
534,174
536,171
539,169
541,168
554,168
556,169
560,171
563,174
564,178
563,182
560,185
556,185
540,184
536,184
534,181
533,177
end box8
589,163
590,161
591,160
592,159
593,159
599,159
601,159
602,161
603,163
604,165
604,167
603,169
600,169
598,169
593,169
591,170
589,169
588,166
588,164
end box9
end total10boxes
