346,191
365,179
380,173
393,172
402,172
409,172
416,171
423,172
432,172
443,175
459,180
479,191
486,208
479,219
457,225
435,223
423,220
401,222
390,223
371,224
347,219
342,209
end box0
547,181
549,178
551,175
553,172
556,172
565,172
569,172
571,174
574,177
575,180
575,184
575,189
574,194
571,195
554,195
550,195
548,193
547,188
547,184
end box1
585,176
585,175
587,173
588,172
590,172
597,172
599,172
601,174
602,176
603,179
603,182
601,185
599,185
596,185
589,185
586,185
585,184
584,181
584,179
end box2
603,178
603,177
605,175
606,174
608,174
615,174
617,174
619,176
620,178
621,181
621,184
620,187
617,187
614,187
609,187
607,187
604,187
603,186
602,183
602,181
end box3
579,175
582,172
585,170
587,169
589,169
599,169
601,170
604,172
607,175
609,179
608,183
605,186
600,186
588,186
585,186
581,185
578,182
578,179
end box4
577,175
577,175
578,174
579,174
580,174
581,175
581,175
582,176
583,177
583,178
583,179
582,181
582,181
580,182
579,182
578,182
577,181
576,181
576,180
end box5
606,175
607,174
608,174
609,174
610,174
611,174
612,175
613,176
613,177
613,178
613,179
613,181
612,182
610,182
609,183
608,182
607,182
606,181
605,180
end box6
492,177
495,174
499,172
520,172
525,174
529,177
530,183
529,187
523,189
497,189
492,186
491,182
end box7
625,177
625,177
626,176
627,176
628,176
629,177
629,177
630,178
630,179
630,180
630,181
630,183
630,183
628,184
627,185
626,184
625,183
624,182
end box8
332,188
334,184
336,181
340,179
343,179
356,178
360,180
364,183
365,187
365,192
364,196
361,200
357,201
353,202
346,202
342,202
338,201
334,200
331,196
331,192
end box9
571,176
571,174
572,173
574,172
575,171
581,172
583,172
585,174
586,175
586,178
586,180
585,182
583,183
580,183
578,183
577,183
575,182
573,182
572,181
571,179
571,177
end box10
971,22
977,18
982,18
988,22
1003,47
1000,61
983,74
977,72
960,61
958,47
end box11
511,156
512,156
514,156
515,156
516,157
516,164
515,165
513,165
512,165
511,164
end box12
end total13boxes
