345,191
357,185
366,181
372,180
377,180
381,179
386,179
390,180
395,180
402,181
413,184
425,191
430,202
425,210
410,212
397,211
391,211
376,211
369,212
357,212
342,210
341,202
end box0
421,188
421,184
423,180
427,178
431,178
440,179
444,179
447,181
450,184
452,187
453,192
453,197
451,201
446,203
441,203
437,202
431,201
427,200
424,199
422,195
422,191
end box1
458,180
458,178
459,177
461,175
463,175
469,174
471,175
473,176
474,178
475,180
476,183
476,186
475,189
472,190
469,190
464,190
462,190
459,189
458,188
457,185
457,183
end box2
453,179
454,176
457,173
459,171
462,171
474,171
477,173
480,175
482,179
482,183
482,187
480,191
476,192
472,192
468,191
465,191
462,191
458,191
455,190
453,186
453,182
end box3
740,53
743,52
759,64
760,69
759,73
758,79
743,83
727,72
725,68
end box4
50,210
51,208
52,207
53,206
54,205
56,204
57,204
59,204
61,205
63,206
64,207
65,209
65,212
65,214
64,216
62,217
60,218
58,218
55,218
53,218
52,217
51,215
50,213
50,211
end box5
783,214
785,208
791,204
797,202
803,204
806,211
811,254
808,260
798,255
789,255
782,257
781,246
end box6
528,171
529,170
530,170
532,170
533,170
534,171
534,172
535,173
535,174
535,175
535,177
534,178
533,178
531,179
530,178
529,178
528,177
end box7
757,141
758,140
760,140
761,141
762,142
762,149
761,150
759,150
758,150
757,149
end box8
512,159
516,159
517,159
517,160
518,161
517,163
517,165
517,166
515,166
514,166
513,166
512,165
end box9
735,79
735,77
751,76
752,78
752,81
752,84
753,87
752,90
744,92
735,88
end box10
498,175
499,175
500,175
501,175
502,175
503,176
503,177
504,178
504,179
504,180
504,182
503,183
502,183
500,184
499,183
498,183
497,182
end box11
766,75
767,72
769,71
772,71
774,72
776,74
777,77
776,79
776,81
776,84
777,86
776,89
775,92
772,93
769,93
766,92
end box12
35,166
35,164
35,162
35,158
37,155
40,154
44,151
48,151
50,154
51,180
49,185
44,184
40,182
37,179
35,175
35,171
35,169
35,167
end box13
392,100
393,97
395,96
401,96
403,98
403,115
401,118
395,118
392,117
391,114
end box14
734,99
735,93
739,92
744,90
749,91
751,96
751,123
750,130
744,131
739,129
735,126
735,119
end box15
806,109
807,108
810,108
811,109
812,119
810,120
808,121
807,120
805,119
end box16
803,141
804,140
806,140
807,141
808,142
808,149
807,150
805,151
804,151
802,150
end box17
end total18boxes
