507,217
521,203
534,192
550,189
562,187
573,186
584,186
595,187
608,187
623,192
639,202
651,218
654,237
652,254
633,262
607,260
593,260
584,264
573,266
563,262
550,260
524,262
508,253
506,236
end box0
732,258
759,219
792,193
831,183
866,185
894,189
918,192
944,189
974,192
1011,201
1045,225
1073,261
1087,308
1081,344
1034,367
987,370
948,366
827,369
778,368
735,342
726,306
end box1
604,146
607,140
609,139
611,138
613,139
614,140
616,144
617,146
617,147
617,150
616,152
615,154
613,156
611,156
608,156
606,155
605,153
604,151
604,149
604,147
end box2
end total3boxes
