594,168
594,166
596,164
597,163
599,162
608,162
611,163
612,166
613,168
613,171
613,174
613,178
610,178
598,179
596,178
594,176
594,173
594,171
end box0
580,170
581,169
582,168
583,168
585,168
586,169
587,170
587,171
588,177
587,179
585,180
584,181
582,180
580,179
579,178
end box1
536,139
540,139
541,140
542,141
542,142
542,143
542,144
542,146
541,147
540,147
538,148
537,147
536,147
535,146
end box2
579,167
580,166
581,165
584,164
586,165
587,166
589,168
589,170
589,178
588,180
586,182
584,182
581,182
579,181
578,179
577,176
end box3
565,168
566,167
567,166
568,165
569,166
570,167
571,168
572,169
572,171
572,174
571,175
570,176
568,177
567,177
566,175
565,174
end box4
500,155
501,154
502,154
503,154
504,155
505,156
505,157
506,158
506,160
506,162
505,163
504,164
502,164
501,164
500,163
end box5
491,143
492,142
493,142
494,142
495,143
496,144
497,150
496,151
495,152
493,153
492,152
491,151
490,150
end box6
583,161
584,160
585,160
586,160
587,161
587,161
588,162
588,163
588,164
588,165
588,166
587,167
586,168
585,168
584,168
583,167
582,166
end box7
1095,235
1096,220
1104,206
1111,191
1126,188
1142,187
1157,184
1173,188
1191,188
1196,205
1199,221
1203,235
1206,251
1210,270
1209,290
1197,302
1175,303
1158,303
1140,305
1122,306
1102,302
1090,292
1091,269
1092,251
end box8
end total9boxes
