514,191
516,188
518,185
520,183
523,183
532,183
535,183
538,184
541,187
543,190
543,195
544,199
542,204
538,204
532,203
522,204
518,204
514,203
513,199
513,195
end box0
553,181
553,179
555,178
557,176
567,176
569,177
571,179
572,181
573,184
572,187
571,190
568,190
558,190
556,190
553,189
552,186
552,184
end box1
567,202
569,198
572,192
576,188
582,188
587,188
592,188
597,189
603,189
606,192
610,198
613,202
614,209
614,216
612,223
606,225
598,224
592,222
581,223
573,225
568,223
567,215
567,208
end box2
539,188
539,186
540,185
541,183
543,182
550,182
552,182
554,183
556,186
556,188
556,191
556,194
556,197
554,198
551,199
545,198
543,198
540,197
539,195
539,193
539,191
end box3
553,187
553,185
554,184
556,182
558,182
566,181
569,182
570,185
571,187
570,190
570,193
569,195
567,196
559,197
557,197
554,196
553,195
552,192
552,190
end box4
561,176
567,177
568,177
569,179
570,180
569,182
569,184
567,184
566,185
561,184
560,184
559,183
end box5
541,181
541,179
543,178
544,177
546,176
554,176
556,177
558,179
558,181
559,184
558,187
557,189
555,190
545,190
543,190
541,188
540,186
540,184
end box6
543,177
548,176
549,177
550,178
551,179
551,180
551,182
551,183
549,184
548,184
545,184
544,184
543,183
542,182
end box7
577,173
582,172
583,173
584,174
585,175
585,176
585,178
585,180
583,180
582,180
579,180
578,180
577,179
576,178
end box8
603,179
604,177
605,176
606,174
607,174
609,173
610,173
612,173
614,174
616,175
617,176
617,178
618,181
618,183
617,185
615,186
613,187
611,187
609,187
607,187
605,186
603,184
603,182
603,180
end box9
609,176
609,176
610,175
611,175
612,175
613,176
614,176
614,177
615,178
615,179
615,180
615,182
614,183
612,183
611,184
610,183
609,182
608,182
608,181
end box10
492,183
493,181
494,180
495,179
496,178
498,178
499,177
501,177
503,178
505,179
506,181
506,182
506,185
506,187
506,189
504,190
502,191
499,191
497,191
495,191
494,190
492,188
492,186
492,184
end box11
628,176
628,176
629,175
630,175
631,175
632,176
633,176
633,177
634,178
634,179
634,180
634,182
633,183
631,183
630,183
629,183
628,182
627,182
627,181
end box12
311,192
311,190
312,188
313,187
315,186
317,186
320,186
322,186
324,188
325,189
326,191
326,194
326,196
325,198
323,200
321,200
319,200
316,200
314,200
312,199
311,198
311,195
311,193
end box13
546,181
549,178
552,176
554,175
567,174
569,176
573,177
576,181
577,185
577,189
573,192
569,193
556,192
553,192
549,191
546,188
546,185
end box14
622,181
622,179
624,178
625,176
626,176
631,176
633,176
635,177
636,178
637,180
637,183
637,185
636,187
634,188
632,189
629,189
628,189
626,188
624,188
622,186
622,184
622,182
end box15
592,174
597,173
598,174
599,175
600,176
600,177
600,179
600,181
598,181
597,181
594,181
593,181
592,180
591,179
end box16
863,165
863,163
864,161
865,159
866,158
869,158
871,158
873,158
875,158
877,160
877,162
878,164
878,167
878,169
878,172
876,174
873,175
871,175
868,175
866,175
864,173
863,171
863,168
863,166
end box17
511,159
515,159
516,160
516,161
517,162
517,164
517,166
516,167
515,167
513,168
512,167
511,167
510,166
end box18
778,172
781,171
782,172
783,172
784,179
783,181
782,181
780,182
779,181
778,180
end box19
363,174
364,173
365,173
367,173
368,174
369,175
369,184
367,185
366,186
363,186
362,184
end box20
510,175
513,175
514,175
515,176
515,177
515,178
515,179
515,180
514,181
513,182
512,182
511,181
510,181
510,180
end box21
87,126
102,125
103,127
103,139
101,141
87,139
86,137
end box22
511,146
512,145
515,145
516,145
517,146
518,147
518,148
518,150
518,152
517,153
516,154
514,154
513,154
512,153
511,152
end box23
497,178
497,178
498,177
500,177
501,178
502,178
502,179
502,180
502,181
502,182
502,183
502,184
500,185
499,185
498,185
497,184
496,183
496,183
end box24
691,173
692,172
693,172
694,172
695,173
696,174
697,175
697,180
696,181
695,182
693,182
692,182
691,181
690,180
end box25
678,138
679,137
680,137
682,137
683,137
684,139
684,148
682,149
680,150
679,149
677,148
end box26
677,140
677,139
677,137
679,135
681,135
683,134
685,134
687,135
688,137
688,148
688,151
686,152
683,153
680,152
678,151
677,149
677,146
677,145
end box27
end total28boxes
