-12,248
19,217
47,196
79,189
107,191
127,190
145,189
167,188
194,190
234,192
265,210
289,247
300,288
288,318
247,335
199,334
167,331
146,332
124,335
101,339
66,345
18,341
-17,319
-25,290
end box0
513,192
515,187
518,182
521,179
526,178
531,178
536,178
540,179
546,179
549,182
552,187
555,191
557,198
557,205
555,211
549,213
541,211
536,210
531,211
525,212
518,213
514,210
513,203
514,197
end box1
554,187
554,185
556,183
558,182
565,182
567,183
569,185
570,187
571,189
571,192
571,195
571,198
569,200
566,200
563,200
560,199
558,199
556,198
555,196
end box2
555,178
555,176
556,174
557,173
559,172
564,172
566,173
568,173
569,175
570,177
571,180
571,182
570,185
568,186
565,186
558,185
556,185
555,184
554,181
554,179
end box3
578,178
579,175
581,172
583,169
586,169
589,169
595,169
599,169
601,171
604,174
605,178
605,182
605,186
604,190
601,192
596,192
592,190
589,191
585,191
582,190
579,189
578,185
578,181
end box4
612,177
614,174
617,171
620,169
623,169
635,169
638,170
642,173
645,176
646,181
645,186
642,190
637,190
623,189
618,189
614,189
612,185
611,181
end box5
635,175
635,173
636,171
637,170
639,170
641,169
644,169
646,170
648,171
649,172
650,174
650,177
650,179
649,181
647,182
645,183
643,183
641,183
639,182
637,181
636,180
635,178
635,176
end box6
599,177
599,175
600,173
601,172
603,171
604,170
607,170
608,170
610,171
612,172
613,174
614,176
614,179
613,181
613,183
611,185
609,186
607,186
604,186
602,185
601,184
599,182
599,180
599,178
end box7
540,172
540,170
541,169
543,168
552,168
554,169
556,170
557,172
558,175
558,178
556,180
554,181
542,180
540,179
539,177
539,175
end box8
551,180
552,177
553,174
556,173
559,173
566,173
569,173
572,175
574,177
575,180
576,183
576,187
574,191
571,192
567,192
558,191
556,190
553,189
552,186
551,183
end box9
532,174
534,171
536,168
539,167
542,167
552,167
555,169
558,171
561,174
561,178
560,182
558,185
554,186
535,183
533,181
532,177
end box10
621,174
622,172
623,171
625,169
627,169
635,169
637,170
639,172
640,174
640,177
640,180
639,183
636,184
633,184
626,183
623,183
621,182
621,179
620,177
end box11
558,173
558,173
559,172
563,172
564,173
564,174
565,175
565,176
565,177
565,179
564,180
562,180
560,180
559,180
558,179
557,178
end box12
538,166
538,165
540,163
541,162
550,162
552,162
554,164
556,166
556,169
556,172
555,174
552,175
542,175
540,175
537,174
537,171
537,169
end box13
639,173
640,172
641,172
642,172
643,172
644,172
645,173
645,174
646,175
646,176
646,177
646,179
645,180
644,180
642,181
641,180
640,180
639,179
end box14
1002,137
1003,126
1008,118
1017,112
1024,105
1035,103
1045,103
1055,106
1066,108
1072,116
1075,126
1078,137
1078,147
1078,158
1075,169
1066,175
1054,177
1044,181
1034,183
1023,181
1013,176
1007,168
1002,158
1002,146
end box15
657,157
662,157
663,157
664,159
665,160
665,163
665,164
663,165
662,166
659,166
657,165
657,164
end box16
659,125
660,125
661,125
662,125
663,125
664,126
665,127
665,128
665,130
665,132
664,133
663,134
661,134
660,134
659,133
658,132
end box17
996,53
996,42
999,31
1009,25
1020,19
1031,15
1041,13
1053,15
1067,19
1074,29
1080,40
1078,77
1079,92
1069,99
1052,98
1040,99
1030,101
1015,105
997,104
992,94
993,78
994,65
end box18
669,161
669,159
670,157
671,156
676,154
678,155
680,155
682,156
683,158
684,160
684,163
684,165
683,168
681,169
679,170
677,170
672,169
670,168
669,167
668,164
669,162
end box19
end total20boxes
