77,207
91,197
105,191
116,189
125,188
145,189
155,189
167,191
183,195
196,207
199,223
192,233
173,239
99,238
81,233
75,223
end box0
586,178
587,175
589,172
591,170
594,170
603,170
606,170
609,172
611,175
613,178
613,182
614,186
612,190
608,191
603,190
593,191
589,191
586,189
585,185
586,181
end box1
350,186
354,183
357,181
361,180
375,180
378,181
383,183
386,186
388,191
387,196
382,199
376,199
359,198
354,199
350,196
349,191
end box2
653,179
654,178
656,176
657,175
666,175
668,176
670,177
672,179
672,182
672,185
670,187
667,187
656,188
653,187
653,184
652,182
end box3
490,177
490,176
492,174
493,173
502,173
504,174
506,175
507,177
508,180
508,183
506,185
503,186
501,185
495,185
492,185
490,184
489,182
489,180
end box4
561,174
565,174
565,174
566,175
567,176
567,177
567,178
567,180
565,180
564,181
563,181
562,181
561,180
560,180
559,179
end box5
544,175
544,174
545,174
547,174
548,174
549,175
549,176
550,177
550,178
550,179
550,181
549,182
547,182
546,183
545,182
544,182
543,181
542,180
end box6
319,189
321,186
325,183
328,182
331,181
342,181
345,183
349,185
352,189
353,193
352,198
349,201
344,202
326,201
321,201
318,197
318,193
end box7
539,177
540,175
541,173
542,172
544,172
551,172
553,173
554,174
555,176
556,179
556,182
555,184
552,185
550,185
548,185
545,185
543,185
541,184
539,183
539,181
539,179
end box8
322,186
328,180
335,178
341,177
360,176
366,177
373,180
380,186
383,194
380,199
369,201
340,201
331,201
321,200
319,193
end box9
724,142
726,140
743,140
745,143
744,158
742,159
724,159
723,156
end box10
613,175
614,174
615,173
616,173
617,173
618,174
619,175
619,176
620,178
620,181
619,182
618,183
616,183
615,183
614,182
613,181
end box11
596,158
597,158
598,159
598,160
598,161
598,162
598,163
597,164
596,164
594,164
593,164
593,163
end box12
583,163
584,163
585,164
585,165
585,166
585,167
585,168
584,169
583,169
582,169
581,169
580,169
580,168
end box13
577,173
578,172
579,172
580,172
581,173
582,173
582,174
583,176
583,177
583,179
582,180
580,180
579,180
578,180
577,180
576,179
end box14
302,155
307,155
308,156
309,164
308,165
306,166
303,166
301,166
end box15
515,142
519,142
520,143
520,144
521,145
521,147
521,149
520,150
519,150
517,151
516,150
515,150
514,149
end box16
709,159
709,159
710,159
711,159
711,159
712,160
712,160
713,164
712,165
711,165
710,166
709,165
708,165
end box17
743,158
744,159
744,160
744,163
744,164
743,165
738,165
737,164
end box18
558,148
559,148
562,148
562,148
562,154
561,155
560,155
559,155
558,154
end box19
596,158
597,158
598,159
598,160
598,161
598,162
598,163
597,164
596,164
594,164
593,164
593,163
end box20
645,132
646,131
647,131
648,131
649,132
649,132
649,138
648,139
647,139
646,139
645,138
end box21
end total22boxes
