370,209
374,200
380,190
389,186
401,187
410,187
417,187
426,188
434,189
442,194
451,202
458,210
461,223
461,237
456,245
437,245
426,244
418,244
409,243
402,242
392,242
378,242
373,233
372,222
end box0
678,205
684,196
692,185
699,178
710,177
721,177
730,177
741,177
753,178
762,183
773,193
776,204
775,219
774,233
770,245
756,247
741,245
730,245
721,245
710,246
694,248
681,246
677,233
677,219
end box1
-6,258
2,228
22,198
48,185
80,189
109,196
130,198
157,194
184,195
209,208
234,232
248,261
257,298
254,334
236,363
205,373
163,361
109,352
79,361
37,373
9,363
-5,331
-8,296
end box2
481,194
482,190
484,187
487,184
491,184
494,184
497,184
500,184
504,184
507,187
510,190
512,193
514,198
513,203
512,208
506,209
501,208
497,207
494,207
490,208
486,207
482,206
480,202
480,198
end box3
468,195
469,191
472,188
475,187
478,187
481,187
484,187
487,187
490,187
493,188
497,191
499,195
501,199
500,204
498,208
492,208
487,207
484,207
481,207
478,208
474,207
469,206
467,203
467,199
end box4
620,180
620,178
621,176
622,175
624,174
626,174
629,174
631,174
633,175
635,177
635,179
635,182
635,184
635,187
632,188
630,189
628,188
625,188
623,188
621,187
620,186
619,184
619,181
end box5
637,181
637,179
638,178
639,176
641,176
643,175
646,175
648,176
650,177
651,178
652,180
652,183
652,185
651,187
649,188
647,189
644,189
643,189
641,188
639,188
637,186
637,184
637,182
end box6
636,189
636,187
637,185
638,184
640,184
647,184
649,185
650,186
651,188
652,191
651,193
651,196
648,197
646,197
639,197
637,196
635,195
635,193
635,191
end box7
595,171
599,170
600,171
601,172
601,173
601,174
601,175
601,177
600,178
598,178
596,178
595,178
594,177
593,176
end box8
690,175
691,174
694,175
695,176
696,177
697,178
696,181
696,182
695,183
694,184
692,184
691,184
690,183
689,182
end box9
541,194
541,192
542,191
542,189
544,187
545,186
548,185
550,186
551,188
552,190
553,192
554,194
554,196
554,198
554,200
552,202
551,204
548,205
545,204
543,203
542,201
541,199
541,197
540,195
end box10
511,190
512,189
513,188
514,188
516,188
517,189
518,190
518,192
519,193
519,194
519,196
519,197
518,199
516,200
515,201
513,200
511,199
511,197
end box11
681,159
682,160
682,165
682,167
681,168
674,168
673,167
end box12
546,191
547,190
548,190
550,190
551,191
551,193
552,194
553,195
552,196
552,198
552,199
551,200
550,202
548,203
547,202
546,200
545,199
544,198
end box13
695,159
696,160
697,160
698,166
696,168
695,168
692,168
690,167
690,166
end box14
513,174
515,174
516,175
517,175
518,177
519,178
519,179
519,181
519,183
518,184
516,184
514,185
513,184
511,184
510,182
510,181
end box15
673,175
678,175
680,175
681,176
681,178
681,179
681,181
681,183
680,184
678,184
676,184
675,184
673,184
672,183
672,181
end box16
623,176
624,175
625,175
627,175
628,175
629,176
630,177
630,178
630,179
630,180
630,182
629,183
628,183
626,184
625,183
624,183
623,182
622,181
end box17
506,191
507,189
508,187
510,186
511,185
514,184
516,185
518,187
519,188
520,190
520,192
521,195
521,197
520,200
519,202
517,204
514,204
511,203
509,202
508,200
507,198
end box18
548,163
548,163
549,164
550,165
550,166
550,167
550,169
549,170
547,170
546,170
545,170
544,169
543,168
end box19
692,190
693,189
694,189
695,189
696,190
697,191
698,192
698,197
697,198
696,199
694,199
693,199
692,198
691,197
end box20
647,161
647,161
648,162
648,163
648,166
648,167
646,168
645,168
644,168
643,167
end box21
674,189
675,189
680,189
681,189
681,190
682,193
682,195
682,197
680,197
679,198
677,198
676,198
674,198
673,197
673,195
end box22
557,76
558,75
561,75
562,76
563,86
561,87
558,87
556,87
end box23
end total24boxes
