152,219
170,205
182,196
195,192
206,190
217,189
227,188
237,189
249,190
265,193
282,202
297,218
298,237
294,251
272,258
249,259
237,261
227,260
217,258
207,258
195,257
170,259
151,251
147,237
end box0
803,260
853,219
898,193
946,188
981,188
1007,192
1031,193
1057,191
1088,194
1137,196
1183,218
1224,260
1238,316
1219,349
1153,366
1092,362
981,359
941,369
880,368
810,353
793,319
end box1
665,192
668,187
675,181
681,177
687,177
693,176
698,176
704,177
712,176
718,179
723,186
727,192
728,201
727,210
723,217
713,218
704,216
692,216
685,219
674,221
666,219
663,211
665,201
end box2
584,187
585,184
589,180
591,177
595,177
606,177
611,177
613,179
617,183
619,187
619,192
619,198
618,204
614,204
594,204
588,205
584,203
583,197
583,192
end box3
623,178
623,176
624,174
625,173
627,172
636,172
639,173
640,176
641,178
640,181
640,184
640,187
637,188
634,189
627,188
625,187
623,185
623,183
623,181
end box4
-1,245
0,232
2,213
9,196
21,194
38,219
48,225
56,231
58,241
58,250
60,257
61,264
62,273
64,285
62,300
54,314
40,317
22,332
5,334
0,310
-1,289
end box5
652,177
652,174
653,173
655,171
657,171
665,171
667,172
669,174
669,176
669,179
669,182
668,185
666,186
656,186
654,185
652,183
652,181
651,179
end box6
636,177
636,175
637,173
638,172
640,171
648,171
650,172
651,174
651,176
651,179
651,181
650,184
648,185
646,185
639,185
637,185
636,183
635,181
635,178
end box7
608,178
607,176
608,175
609,173
611,173
613,173
616,173
618,173
619,174
620,176
621,178
621,180
621,182
621,184
619,185
617,186
614,185
611,185
609,184
608,183
607,181
607,179
end box8
999,12
999,7
1000,3
1004,0
1009,0
1014,0
1017,0
1021,1
1026,2
1030,3
1033,7
1033,12
1033,17
1034,23
1032,27
1028,30
1022,31
1018,30
1014,30
1008,31
1003,30
999,27
999,22
1000,17
end box9
992,34
998,32
1043,34
1042,55
1038,59
997,59
992,55
end box10
647,157
648,157
648,158
649,159
649,160
649,161
649,163
648,164
646,164
644,164
643,163
642,163
end box11
593,162
597,162
598,162
598,163
599,164
599,165
599,166
599,168
598,169
596,169
594,169
593,168
592,168
592,167
end box12
629,159
629,159
630,160
630,161
630,162
630,163
630,164
629,165
628,166
626,166
625,165
624,164
end box13
576,160
580,160
581,161
582,162
582,163
582,164
582,165
582,167
581,168
580,169
578,169
577,168
576,168
575,167
575,166
end box14
463,155
464,154
465,153
466,153
467,153
468,154
469,155
470,161
469,162
468,163
466,164
465,163
464,162
end box15
661,158
662,159
663,160
663,161
663,162
663,163
663,165
662,166
661,166
658,166
657,166
656,165
end box16
526,172
527,171
528,171
530,171
531,171
532,172
532,173
533,178
532,179
531,179
529,180
528,179
527,179
526,178
end box17
573,174
574,173
575,171
576,171
578,171
578,173
579,174
580,175
580,180
579,181
578,182
576,183
575,183
574,181
573,180
end box18
528,159
529,158
530,158
531,158
532,159
533,159
534,161
534,165
534,166
533,168
532,168
530,169
529,168
528,167
527,166
end box19
642,143
646,143
647,143
647,144
648,145
648,146
648,147
648,149
647,150
645,150
644,150
643,150
642,150
641,149
641,148
end box20
982,53
990,48
1042,47
1051,52
1047,80
1042,87
991,86
987,79
end box21
end total22boxes
