837,234
862,212
884,194
906,187
927,186
945,186
962,185
981,184
1001,186
1027,191
1054,207
1069,232
1077,265
1069,290
1043,306
1006,306
980,302
961,297
946,296
927,300
901,306
864,304
835,291
829,266
end box0
998,260
1005,230
1023,200
1044,178
1073,168
1104,162
1136,160
1172,160
1212,159
1234,179
1240,222
1241,256
1243,381
1220,394
1170,382
1134,376
1105,373
1071,379
1028,382
1005,366
995,334
996,296
end box1
781,205
788,192
796,179
807,170
821,168
834,168
847,168
859,168
877,168
895,172
903,186
899,204
896,220
893,236
887,247
869,249
857,252
846,253
834,255
819,260
800,261
779,258
776,242
779,223
end box2
424,197
427,192
432,188
436,187
441,187
452,188
457,187
462,188
467,192
471,197
473,204
472,210
466,214
459,214
453,213
440,214
434,215
427,214
423,209
423,203
end box3
475,182
476,180
476,178
477,177
479,176
481,175
483,175
484,176
486,177
488,178
489,180
489,182
489,184
489,186
489,188
487,190
485,191
483,191
480,191
478,190
477,189
476,187
475,185
475,183
end box4
490,181
491,179
492,177
493,176
495,175
497,175
498,174
500,175
502,175
504,176
505,178
506,180
507,183
507,185
506,188
504,189
501,190
499,190
496,190
494,190
492,189
490,187
490,185
490,183
end box5
507,181
508,179
509,177
510,176
512,175
514,175
515,175
517,175
519,175
521,176
523,178
523,180
524,183
524,185
523,188
521,189
518,189
516,189
513,189
511,190
509,189
507,187
507,185
507,183
end box6
718,177
718,175
720,173
721,172
723,171
730,171
732,172
734,174
735,176
735,179
735,181
734,184
731,185
729,185
722,185
720,184
718,183
718,181
718,179
end box7
656,188
658,183
662,179
667,177
671,177
676,177
679,177
683,177
688,177
693,178
697,183
701,188
703,194
702,201
698,205
690,206
684,206
680,205
675,205
671,206
665,206
658,205
655,200
655,194
end box8
703,176
703,174
705,172
707,171
717,171
719,172
721,174
722,176
722,179
722,182
721,185
718,186
706,185
704,184
703,181
703,179
end box9
569,173
569,171
571,169
573,168
583,168
585,168
587,171
589,173
589,176
589,179
588,182
584,183
574,183
571,183
569,181
568,178
568,176
end box10
523,182
524,180
525,178
526,177
528,176
533,176
535,176
537,177
539,179
540,181
540,184
540,187
539,189
537,190
534,191
532,190
529,190
527,190
525,190
523,188
523,186
523,184
end box11
539,180
539,178
540,176
541,175
543,175
548,174
550,175
552,175
553,177
554,179
554,182
555,184
554,187
552,188
549,188
544,188
542,188
540,188
539,186
538,184
538,181
end box12
577,172
582,172
583,173
584,174
585,175
585,176
585,178
585,180
583,180
582,181
580,181
579,181
577,180
576,180
576,178
end box13
450,177
453,173
456,171
459,170
473,170
477,171
481,173
485,176
486,181
485,186
480,189
476,190
471,189
459,188
454,188
450,185
450,181
end box14
511,178
512,177
513,177
514,177
515,177
516,177
517,178
518,179
518,180
518,181
518,182
518,184
517,185
516,186
514,186
513,186
512,185
511,184
510,183
end box15
528,176
529,176
530,176
532,176
533,176
534,177
535,178
536,179
536,180
535,182
536,183
534,184
533,185
531,185
530,185
529,184
528,183
527,182
end box16
703,193
703,191
704,190
706,188
707,187
714,187
716,187
718,188
719,191
720,193
720,196
720,199
720,202
718,203
715,204
709,204
707,203
704,202
703,200
703,198
703,196
end box17
424,176
425,177
426,178
427,180
427,183
426,185
425,186
423,186
420,186
418,186
417,185
417,184
end box18
561,144
566,143
567,144
568,145
569,146
568,149
568,150
567,151
566,152
564,152
563,152
562,151
561,150
560,149
end box19
631,157
632,158
633,159
633,160
633,162
633,164
632,165
631,166
628,165
627,165
626,164
end box20
559,159
560,158
562,158
563,159
564,159
564,160
564,164
564,165
562,166
561,166
560,166
559,165
558,164
end box21
675,158
678,158
679,158
680,159
680,160
680,161
680,162
680,163
679,164
678,164
677,165
676,164
675,164
674,163
end box22
480,177
481,176
482,175
483,175
484,176
485,176
486,177
486,178
487,179
487,180
487,181
487,183
486,184
485,185
483,185
482,185
481,184
480,183
end box23
465,188
466,187
467,187
469,187
470,187
471,188
471,189
472,190
472,191
472,192
472,194
471,195
470,195
468,195
467,195
466,195
465,194
end box24
559,174
560,174
561,173
563,173
565,174
566,174
566,175
567,177
567,178
567,180
567,182
565,183
564,183
562,184
561,183
559,183
558,182
end box25
end total26boxes
