544,158
545,157
546,157
548,157
549,158
549,160
549,167
548,169
547,170
545,169
544,167
end box0
546,143
547,143
548,143
549,143
550,143
551,144
551,145
551,148
551,149
551,151
550,152
548,152
547,152
546,151
545,150
end box1
645,188
646,187
647,187
648,187
649,188
650,189
651,190
651,195
650,196
649,197
647,198
646,197
645,196
644,195
end box2
648,159
649,158
650,158
651,158
652,159
653,160
654,166
653,167
652,168
650,168
649,168
648,167
end box3
526,159
527,158
528,158
529,158
530,159
530,159
530,165
529,166
528,166
527,166
526,165
end box4
end total5boxes
