706,192
706,191
708,189
709,188
711,188
718,187
720,188
722,190
723,192
723,195
723,198
722,200
720,201
710,201
707,201
706,200
705,197
705,195
end box0
664,189
664,189
665,188
666,187
667,188
668,188
668,189
669,190
669,191
669,192
669,193
669,194
668,195
667,196
666,197
665,197
664,195
664,194
end box1
528,208
528,205
528,201
529,196
532,189
537,180
543,179
548,186
551,194
552,200
553,204
553,208
553,211
553,215
553,220
553,228
551,237
544,241
535,240
529,235
529,224
529,218
528,214
528,211
end box2
652,190
652,190
653,188
654,188
655,188
656,189
656,190
656,191
657,192
657,193
656,194
656,195
656,196
655,198
654,199
653,198
652,196
652,195
end box3
633,194
633,193
634,192
635,191
636,192
637,193
637,194
638,195
638,196
638,197
638,198
638,199
637,200
637,202
636,204
634,203
633,200
633,199
end box4
518,220
518,215
519,209
521,200
525,190
532,179
541,179
549,190
552,201
554,209
555,215
557,220
556,225
555,230
553,236
553,246
551,258
543,265
530,266
522,260
522,243
521,235
520,229
519,225
end box5
682,190
682,189
683,188
684,187
685,187
686,187
687,188
688,189
689,190
689,191
689,192
689,193
689,195
688,196
687,197
685,198
684,197
683,196
682,195
682,194
end box6
746,137
747,135
748,134
750,133
753,133
755,133
757,134
759,136
760,138
760,140
760,143
760,145
759,148
758,150
755,151
753,152
750,152
748,151
746,149
745,146
end box7
729,157
730,155
730,153
731,152
733,151
735,151
736,150
738,150
741,151
742,152
743,154
744,156
743,159
743,161
743,163
742,165
739,166
737,166
734,166
732,166
730,164
729,162
729,160
729,158
end box8
734,155
735,155
737,155
739,155
740,156
740,157
741,159
741,162
740,163
739,165
738,165
736,166
735,166
733,165
732,164
end box9
697,188
697,188
698,187
699,187
700,187
701,187
702,188
702,189
702,190
702,191
702,192
702,193
701,194
700,195
699,196
698,195
697,194
696,193
end box10
end total11boxes
