239,206
244,198
249,191
255,189
262,188
274,189
280,189
288,189
295,190
301,197
306,205
307,214
306,223
300,227
287,228
280,228
274,228
269,227
263,228
256,228
244,227
238,223
238,214
end box0
594,207
596,200
600,192
606,188
614,188
620,187
627,187
634,188
642,188
647,192
651,200
654,206
655,215
655,224
652,231
642,234
634,234
627,233
620,233
613,235
604,234
596,231
594,224
594,215
end box1
320,207
323,200
327,193
334,191
341,191
358,191
366,191
372,193
375,200
380,207
381,215
381,225
377,229
365,231
359,232
353,230
347,231
341,230
334,230
324,228
320,224
320,215
end box2
528,177
531,176
532,177
533,177
533,178
533,179
533,180
533,181
532,182
531,182
530,182
529,182
528,182
527,181
527,181
end box3
484,194
485,191
488,188
491,187
504,188
506,189
510,191
512,194
514,198
513,202
510,205
506,205
491,204
487,204
484,201
484,197
end box4
544,177
547,176
548,177
549,177
549,178
549,179
549,180
549,181
548,182
547,182
546,182
545,182
544,182
543,181
543,181
end box5
507,192
507,190
507,189
508,187
510,186
512,186
513,186
515,186
517,187
518,188
519,190
520,192
520,193
520,196
519,198
518,199
516,200
514,200
512,200
510,199
508,198
507,197
507,195
506,193
end box6
510,176
514,176
514,176
515,177
516,178
516,179
516,180
516,182
515,182
513,183
512,183
511,183
510,182
509,182
509,181
end box7
491,193
491,191
492,190
494,189
503,189
505,190
507,191
508,193
509,196
508,199
507,201
505,202
493,201
491,200
491,198
490,196
end box8
396,193
398,191
402,191
403,191
403,192
404,193
404,194
404,195
404,197
403,197
401,198
400,198
399,197
398,197
397,197
396,196
396,195
end box9
580,188
581,187
582,187
583,187
584,187
585,187
586,188
587,189
587,190
587,191
587,192
587,194
586,195
585,195
583,196
582,195
581,195
580,194
579,193
end box10
577,192
577,190
578,188
579,187
581,187
586,186
588,187
590,188
591,189
593,191
593,194
593,196
592,199
589,200
587,200
584,200
583,200
580,200
578,199
577,198
576,196
576,194
end box11
766,144
767,142
768,140
769,139
771,138
773,137
776,137
778,137
780,138
783,139
784,141
785,144
785,147
785,150
785,153
782,155
779,156
776,156
773,156
770,155
768,154
766,152
766,149
766,147
end box12
561,175
565,175
566,175
566,176
567,177
567,178
567,179
567,181
566,182
564,182
563,182
562,182
561,181
560,181
560,180
end box13
671,135
672,134
677,132
679,133
682,134
683,135
684,148
682,150
680,152
677,152
672,151
670,149
end box14
676,199
678,195
682,193
685,195
686,228
683,230
677,228
675,223
end box15
567,163
568,164
568,169
567,170
562,170
561,169
end box16
676,205
678,203
680,203
681,203
683,205
683,217
682,219
680,220
677,220
676,217
end box17
676,193
677,192
678,192
680,192
681,193
682,194
683,202
682,203
680,205
679,205
677,205
675,203
end box18
539,126
540,126
541,126
542,126
543,126
543,127
544,134
543,134
541,135
540,134
539,134
end box19
end total20boxes
