9,243
35,211
60,193
100,194
127,195
146,196
163,198
181,198
200,201
231,206
261,221
293,249
309,288
298,312
252,323
209,327
185,328
165,324
147,321
130,317
103,320
60,325
20,308
10,282
end box0
744,183
772,127
814,87
873,76
925,74
966,82
1002,89
1041,87
1082,94
1133,104
1177,140
1215,187
1225,254
1210,305
1158,331
1098,344
1043,332
1002,321
969,323
930,333
873,345
802,340
752,308
742,253
end box1
448,158
449,157
450,157
451,157
452,158
453,159
454,160
454,161
454,162
454,163
454,165
453,166
452,167
450,167
449,167
448,166
447,165
446,164
end box2
445,159
446,158
447,157
449,156
450,155
452,156
454,157
456,158
456,160
457,162
456,163
456,165
456,167
455,169
453,171
451,171
448,171
446,170
445,168
445,166
444,165
444,163
end box3
end total4boxes
