101,223
127,208
144,200
160,198
171,196
181,196
190,195
200,196
212,196
228,199
252,206
276,222
279,245
270,259
240,264
211,261
199,261
190,264
180,265
172,262
161,260
132,264
102,259
96,245
end box0
456,190
461,184
468,181
473,180
478,180
494,180
500,180
507,184
513,189
516,198
513,204
504,206
495,206
490,206
477,207
472,207
462,207
454,204
453,197
end box1
271,203
285,194
294,188
302,185
311,185
318,186
324,185
330,185
339,184
350,186
364,191
374,202
377,216
372,227
356,232
340,231
331,230
324,231
317,230
311,230
301,231
286,231
270,227
266,217
end box2
389,195
392,188
398,183
406,183
412,183
425,183
431,183
437,185
444,189
450,195
453,204
452,212
443,216
433,216
427,216
421,216
416,216
412,215
406,214
398,213
391,210
389,203
end box3
537,179
537,177
539,176
540,175
542,174
550,174
551,175
553,177
554,179
555,182
555,185
554,188
551,188
548,188
541,188
538,188
536,187
536,184
536,182
end box4
353,201
358,194
364,189
371,188
378,189
391,189
397,189
403,190
410,195
417,201
421,210
419,218
409,222
399,222
392,222
387,222
382,222
377,221
371,221
362,220
354,217
353,209
end box5
523,180
523,178
525,176
526,175
528,174
533,174
536,174
538,175
539,177
540,179
540,182
540,185
539,187
537,188
534,188
532,188
529,188
527,188
525,188
523,186
523,184
523,182
end box6
545,175
546,175
550,175
551,176
552,177
553,178
553,179
553,181
553,183
551,183
550,184
548,184
547,183
546,183
544,183
544,181
end box7
417,192
418,187
420,184
424,182
428,183
434,183
437,183
441,183
444,185
447,188
449,191
451,196
450,201
448,205
443,207
438,206
434,206
431,205
428,205
424,204
420,203
418,200
417,196
end box8
610,172
610,172
611,172
612,171
613,171
614,172
614,172
615,173
615,174
615,175
615,176
615,178
614,178
613,179
612,179
611,178
610,178
609,177
609,177
end box9
1011,174
1012,172
1011,168
1011,163
1013,154
1018,143
1024,142
1029,151
1032,160
1032,167
1032,171
1031,174
1031,177
1031,180
1030,183
1031,190
1030,201
1025,209
1016,211
1012,199
1012,187
1012,182
1012,179
1012,177
end box10
640,144
641,144
642,144
643,144
644,144
645,145
646,146
646,147
646,148
646,149
646,151
645,152
644,152
642,153
641,153
640,152
639,151
end box11
496,158
497,157
499,157
500,157
501,158
501,159
502,164
501,165
499,165
498,165
497,165
496,165
end box12
533,158
534,159
534,160
535,161
535,163
535,165
534,166
533,166
530,166
529,166
end box13
641,158
642,158
643,158
644,158
644,158
645,159
645,159
646,160
646,161
646,162
646,163
645,164
644,165
643,165
642,165
641,164
end box14
631,144
634,143
635,144
636,144
636,145
637,146
637,147
636,148
636,150
636,151
634,151
633,151
632,151
631,150
630,149
end box15
641,158
642,158
643,158
644,158
644,158
645,159
645,159
646,160
646,161
646,162
646,163
645,164
644,165
643,165
642,165
641,164
end box16
end total17boxes
