570,194
572,189
576,183
581,180
587,180
592,180
597,180
602,180
608,180
613,183
617,189
620,194
621,201
620,209
618,215
611,217
603,215
586,216
577,218
572,216
570,208
570,201
end box0
554,179
555,177
557,176
558,175
567,174
570,175
572,177
573,179
573,182
573,185
572,188
569,188
559,188
556,188
554,187
553,184
553,182
end box1
558,179
559,177
560,176
565,176
567,176
568,177
569,179
569,180
569,182
569,184
567,185
565,185
562,185
560,185
559,184
558,183
558,181
end box2
577,174
577,174
581,174
582,174
583,175
583,176
583,177
583,178
583,180
582,180
580,181
579,181
578,181
577,181
576,180
575,179
end box3
607,180
607,178
608,177
609,175
610,175
612,174
613,174
615,174
617,175
618,176
619,178
620,179
620,182
620,184
620,186
618,187
616,188
614,188
611,188
610,188
608,187
607,185
606,183
606,181
end box4
610,175
611,174
612,174
613,174
614,174
615,174
616,175
617,176
617,177
617,178
617,179
617,181
616,182
615,182
613,183
612,182
611,182
610,181
609,180
end box5
543,176
543,176
544,176
546,176
547,176
547,176
548,177
548,178
548,179
548,180
548,182
547,182
546,183
545,183
544,183
543,182
542,181
542,181
end box6
676,158
677,158
681,158
683,158
683,159
684,165
682,167
681,167
678,167
676,167
676,165
end box7
660,173
661,172
662,172
663,172
664,173
664,173
665,174
665,175
665,176
665,177
665,178
664,179
663,180
662,180
661,180
660,179
659,178
end box8
end total9boxes
