587,189
588,186
591,183
593,179
596,177
614,178
615,181
619,186
620,189
619,194
621,199
620,206
616,207
595,207
589,207
587,205
587,198
587,194
end box0
532,180
533,177
535,174
537,171
540,171
546,171
549,171
553,171
555,173
557,177
559,179
558,183
558,187
558,193
555,194
539,193
534,194
533,191
532,187
532,183
end box1
588,180
589,177
592,175
593,172
596,172
605,172
608,172
610,174
613,177
614,179
614,183
614,187
613,192
610,193
595,193
591,193
589,191
588,187
588,183
end box2
554,174
553,172
554,170
556,169
558,169
565,169
567,170
568,171
569,173
570,176
570,178
569,181
566,182
564,182
562,181
560,181
558,181
556,180
554,179
554,177
553,175
end box3
559,171
560,170
563,170
564,170
565,171
566,172
566,173
566,174
566,175
566,177
565,178
563,178
562,178
561,178
560,178
559,177
558,176
end box4
576,174
577,173
578,172
578,171
579,171
581,171
582,171
583,172
584,173
584,174
584,175
584,176
584,178
583,179
581,179
580,180
579,179
578,179
577,178
576,177
576,176
end box5
572,174
573,172
574,171
576,170
577,169
584,169
586,169
588,171
589,173
589,176
589,178
587,181
585,181
582,181
580,181
579,181
576,181
574,181
572,180
572,178
572,176
end box6
128,107
129,102
131,97
135,94
140,92
145,92
150,92
155,93
159,95
163,98
166,102
168,107
168,112
168,118
165,123
161,126
155,128
150,129
145,128
139,128
134,126
131,122
129,118
129,112
end box7
365,186
366,181
369,178
373,177
376,180
377,184
378,205
377,210
373,211
368,210
365,207
end box8
740,128
741,127
742,127
743,127
744,128
745,128
746,130
747,131
747,132
746,134
746,135
745,136
744,137
742,138
741,137
739,137
739,135
end box9
end total10boxes
