848,242
875,207
910,181
947,175
980,174
1005,178
1029,179
1054,178
1078,185
1108,194
1146,215
1180,245
1192,291
1181,324
1138,341
1093,347
1056,338
983,333
944,344
896,343
854,324
843,289
end box0
411,195
415,191
419,186
424,183
429,183
433,183
438,183
442,184
448,183
453,185
458,190
462,195
464,203
463,210
458,215
450,216
443,215
438,214
433,214
428,216
420,217
413,215
409,210
410,202
end box1
1169,273
1170,264
1171,254
1174,244
1181,231
1193,211
1213,181
1231,188
1234,224
1235,330
1230,364
1212,366
1190,355
1176,339
1171,315
1169,300
1167,290
1167,281
end box2
719,204
727,196
731,187
738,180
748,178
757,177
766,177
776,176
789,175
803,177
809,189
806,203
801,227
797,236
785,240
775,241
766,243
757,243
748,242
735,243
721,240
717,229
717,216
end box3
586,193
588,188
594,183
598,180
604,181
618,181
624,180
628,183
633,188
637,193
638,200
637,208
633,214
627,215
593,217
588,214
585,207
586,200
end box4
718,179
718,176
719,175
721,174
731,173
733,174
735,176
735,178
735,181
735,184
734,186
732,187
722,187
720,187
718,185
717,183
717,181
end box5
704,179
704,176
705,175
707,173
709,173
717,173
719,174
721,176
721,178
721,181
721,184
721,187
718,188
715,188
708,187
706,187
704,185
704,183
704,181
end box6
707,191
708,190
709,188
711,187
718,186
720,187
722,188
723,191
724,193
724,196
724,199
724,202
722,204
719,204
716,204
713,204
711,203
708,202
707,200
707,196
end box7
681,191
682,188
684,185
687,183
690,182
696,182
699,183
703,182
705,184
708,187
709,191
710,195
710,199
709,203
704,205
700,204
696,203
693,203
690,204
686,203
682,202
681,198
681,194
end box8
577,174
577,174
581,173
582,174
583,175
583,176
583,177
583,178
583,180
582,181
580,181
579,181
578,181
577,181
576,180
575,179
end box9
508,180
508,178
509,176
510,175
512,174
514,174
517,174
519,174
521,175
522,177
523,179
523,182
524,184
523,187
521,188
518,189
516,188
513,188
511,188
509,187
508,186
507,184
507,181
end box10
571,174
571,173
573,171
574,170
576,170
583,170
585,170
587,172
588,174
588,177
589,180
587,182
584,183
582,183
575,183
573,183
571,181
570,179
570,177
end box11
452,179
453,176
456,173
459,172
462,172
472,172
475,173
478,175
481,179
482,183
481,187
478,190
474,191
470,191
461,190
458,190
454,189
451,186
451,182
end box12
669,176
670,174
671,172
672,171
674,170
682,170
683,171
685,173
686,175
686,178
686,180
685,183
683,184
680,185
673,184
671,183
669,182
669,180
669,177
end box13
785,218
791,206
799,193
809,183
822,182
836,183
847,183
860,183
877,182
891,187
898,202
896,217
895,233
894,249
890,263
875,267
858,265
847,267
836,269
822,269
802,272
787,268
783,252
784,235
end box14
544,175
545,174
546,174
547,174
548,174
549,174
550,175
550,176
551,177
551,178
551,179
551,181
550,182
549,183
547,183
546,183
545,182
544,181
end box15
530,159
534,159
536,159
536,161
537,166
536,168
534,168
532,169
531,168
529,168
end box16
497,177
497,176
498,176
499,176
500,176
501,176
502,177
502,178
503,179
502,180
503,181
503,183
502,184
501,185
499,185
498,185
497,184
496,183
end box17
481,177
481,176
482,176
483,176
484,176
485,176
486,177
486,178
487,179
487,180
487,181
487,183
486,184
485,185
483,185
482,185
481,184
480,183
end box18
627,158
630,158
631,158
632,159
632,160
633,161
633,163
633,165
632,166
631,166
629,166
628,166
627,166
626,165
end box19
675,158
679,158
680,158
680,159
681,160
681,161
680,162
680,164
680,164
678,165
676,165
675,164
674,163
end box20
713,160
714,160
714,161
715,166
714,167
712,167
710,167
709,167
708,166
end box21
529,144
530,143
532,143
534,143
535,144
535,146
536,147
535,150
535,151
534,152
533,153
531,154
530,154
528,153
528,151
end box22
561,158
562,157
564,157
565,158
565,158
566,159
566,160
566,162
566,163
565,164
564,165
563,165
562,165
561,164
560,163
end box23
560,175
560,175
561,174
562,174
563,174
564,175
565,175
565,176
566,177
566,178
565,179
566,181
565,181
563,182
562,182
561,182
560,181
559,181
559,180
end box24
542,158
543,158
544,158
545,158
546,158
547,159
547,160
547,164
547,166
546,166
544,167
543,166
542,166
end box25
end total26boxes
