712,209
721,198
732,185
743,180
756,180
767,180
777,180
788,182
801,181
816,184
829,194
836,208
835,226
833,243
822,252
802,252
787,250
777,252
768,252
757,252
740,255
721,253
712,243
711,227
end box0
521,180
521,178
523,176
525,175
527,175
534,175
536,176
538,178
540,180
541,183
540,186
539,189
536,190
533,189
526,189
523,189
521,188
521,185
520,183
end box1
515,179
516,176
519,173
522,172
535,172
538,174
541,176
544,179
545,183
545,187
541,190
537,191
533,191
524,190
521,190
517,189
515,186
514,182
end box2
507,180
507,178
508,176
509,175
511,175
516,175
518,175
520,176
521,177
522,179
522,182
522,184
521,186
519,188
517,188
515,188
509,187
507,185
506,181
end box3
559,177
560,176
560,176
561,175
565,175
566,175
566,176
567,177
567,178
567,179
567,181
566,181
564,181
562,181
561,181
560,181
559,180
559,179
559,178
end box4
607,182
608,180
608,179
609,177
611,177
613,176
614,176
616,176
618,177
620,178
621,180
621,181
621,184
621,186
621,188
619,189
617,190
615,190
612,190
610,190
609,189
608,187
607,185
607,183
end box5
end total6boxes
