539,179
539,177
541,176
542,175
544,174
552,174
554,175
555,177
556,179
557,182
557,185
556,188
553,188
543,189
540,189
538,187
538,184
538,182
end box0
559,174
559,174
563,174
564,174
564,175
565,176
565,177
565,178
565,180
564,180
562,181
561,181
560,181
559,181
558,180
557,179
end box1
489,176
491,176
491,177
492,182
492,184
491,185
489,185
486,185
484,184
483,184
end box2
546,147
547,146
548,146
549,146
550,147
550,147
551,148
551,149
551,150
551,151
551,152
550,153
549,154
548,154
547,154
546,153
end box3
548,155
549,155
551,155
552,155
553,156
553,157
553,161
553,163
552,163
550,164
549,163
548,163
end box4
end total5boxes
