498,192
500,189
502,185
504,183
508,183
517,183
521,183
523,185
527,188
528,191
529,196
529,201
528,206
524,206
518,205
507,205
503,205
499,204
498,199
498,195
end box0
523,188
523,185
524,184
526,183
528,183
530,183
532,184
534,185
536,186
537,188
538,189
538,192
538,194
538,197
536,198
533,199
531,198
529,198
526,198
525,197
524,195
end box1
826,167
828,164
831,161
834,160
837,160
847,160
850,161
854,163
857,167
858,171
858,176
855,179
849,179
845,179
842,178
839,178
836,179
833,178
827,178
825,175
825,171
end box2
636,181
636,179
638,178
640,176
642,176
650,175
653,176
655,178
656,181
656,184
655,187
654,190
651,191
643,191
641,191
638,191
636,190
635,187
635,184
end box3
709,179
714,172
721,169
728,168
746,168
751,168
757,170
763,174
771,179
775,188
774,196
764,199
753,199
747,199
742,199
737,199
733,198
727,198
717,198
709,195
707,187
end box4
559,182
560,180
560,180
566,180
567,181
568,182
568,183
568,185
568,187
566,187
561,187
560,186
559,185
559,184
559,183
end box5
607,182
607,180
608,178
609,177
611,177
618,177
620,177
621,179
622,181
622,184
622,186
622,189
619,190
617,190
612,190
610,190
608,190
607,188
606,186
606,183
end box6
576,180
577,178
577,178
583,178
584,179
584,180
585,181
584,183
584,184
583,185
581,185
580,185
579,185
578,185
577,184
576,183
576,181
end box7
955,167
956,164
957,161
959,159
963,159
965,159
968,159
970,159
973,160
976,161
978,164
980,167
980,170
980,175
979,178
976,180
972,180
968,179
965,179
962,180
958,179
955,177
955,174
955,170
end box8
885,159
889,154
893,150
897,149
902,149
906,149
909,149
913,149
918,148
924,149
929,153
932,159
934,166
932,172
927,175
919,176
914,176
910,176
905,176
901,177
896,176
888,175
883,172
883,165
end box9
542,187
542,187
543,186
543,186
544,185
545,185
546,185
547,186
547,186
548,187
548,188
548,189
548,190
548,191
547,192
546,193
545,193
544,193
543,192
542,192
542,191
end box10
589,178
589,178
594,177
595,178
596,179
597,180
597,181
597,183
597,185
595,185
593,185
591,185
590,185
588,185
588,184
end box11
554,184
555,182
557,181
558,180
566,179
567,180
569,181
571,183
571,186
571,189
570,191
567,191
558,191
556,191
554,190
553,188
554,186
end box12
545,180
548,180
549,180
550,181
550,182
551,183
551,184
551,186
549,186
548,187
547,187
546,186
545,186
544,185
end box13
527,189
528,188
529,187
530,187
531,187
532,187
533,188
534,189
534,190
535,191
535,192
535,193
535,195
534,196
533,197
531,197
530,197
529,196
528,195
end box14
609,178
609,177
610,177
614,177
615,178
616,179
617,180
617,181
617,183
617,185
615,185
614,185
612,186
611,186
609,185
608,185
608,184
end box15
557,187
558,186
558,185
559,184
564,184
566,184
567,185
568,187
568,188
568,190
568,192
565,192
559,192
558,192
557,191
557,189
557,188
end box16
585,183
585,181
587,180
588,178
589,178
596,178
598,179
599,180
600,182
600,185
600,187
599,190
597,190
594,190
588,191
586,190
585,189
584,187
584,184
end box17
538,188
538,186
539,185
540,184
541,183
543,183
544,183
546,183
547,184
549,184
550,186
551,188
551,189
551,192
550,194
549,195
546,195
544,195
543,195
541,195
539,194
538,193
538,191
538,189
end box18
844,166
847,162
850,160
853,160
866,159
869,160
873,162
877,166
878,170
878,175
874,177
868,178
864,178
861,177
858,177
855,177
852,177
847,177
844,174
843,170
end box19
902,161
904,157
907,154
910,152
914,152
923,152
927,151
931,153
935,156
936,160
937,165
936,170
934,174
929,175
924,175
920,175
917,175
913,175
909,175
904,174
902,170
901,165
end box20
765,175
766,173
767,171
769,171
771,170
774,170
776,171
778,172
780,173
781,175
782,177
782,180
782,183
782,186
780,188
777,188
774,188
771,187
769,187
767,186
765,184
end box21
624,177
624,176
625,175
628,175
629,175
630,176
631,177
631,178
631,179
631,180
631,182
630,183
628,183
627,184
626,183
625,183
624,182
623,181
end box22
0,278
-1,251
6,233
23,239
42,261
54,268
62,275
65,286
67,296
70,305
71,313
71,324
72,338
69,354
60,366
44,369
26,379
7,383
0,362
-1,340
end box23
621,180
621,178
622,177
623,175
625,175
632,175
634,175
636,177
636,179
636,182
636,184
635,187
633,187
631,188
628,187
626,188
624,188
622,187
621,186
620,184
620,181
end box24
880,163
882,160
884,158
887,157
889,156
891,157
896,157
899,156
902,157
905,159
907,163
907,167
907,170
904,173
900,174
897,174
894,174
891,174
888,175
885,174
881,173
879,170
879,166
end box25
640,189
640,187
641,186
642,184
644,183
646,183
647,182
649,182
652,183
653,184
654,186
655,188
655,191
655,193
654,195
652,197
650,197
648,197
645,198
643,198
641,196
640,195
640,192
640,190
end box26
867,167
867,165
868,163
869,162
871,161
873,161
875,160
876,161
878,161
880,163
881,164
882,166
882,169
882,171
882,174
880,175
877,176
875,176
872,176
870,175
868,174
867,173
867,170
866,168
end box27
850,167
850,165
852,163
854,162
856,162
864,162
866,163
868,165
869,167
870,170
870,173
868,176
865,177
862,177
860,176
857,176
855,177
852,176
850,175
849,172
849,170
end box28
574,181
575,179
576,178
577,177
578,176
585,176
586,177
588,179
589,180
589,183
589,185
588,187
586,188
583,188
578,188
575,188
574,187
573,184
574,182
end box29
94,45
95,43
96,42
107,41
109,43
111,45
111,53
110,55
108,57
103,58
98,58
95,57
94,54
end box30
738,114
747,110
750,109
754,110
757,111
760,113
762,117
763,121
763,124
762,128
761,132
758,135
754,136
750,137
747,137
739,134
737,131
737,127
736,124
end box31
105,153
106,152
108,151
110,150
112,149
114,150
116,151
118,152
118,154
119,156
119,159
118,161
118,163
117,165
114,167
112,167
109,167
107,166
105,164
105,162
105,160
104,158
end box32
375,110
376,108
396,108
397,110
398,131
397,133
375,132
end box33
447,160
448,158
449,158
451,159
452,160
452,161
453,167
452,168
451,170
449,170
448,170
447,168
end box34
655,144
659,144
660,145
661,146
661,147
661,148
661,149
661,151
660,152
659,153
657,153
656,153
655,152
end box35
808,156
809,156
810,156
811,156
812,156
812,156
813,157
813,158
813,159
813,160
813,161
812,162
811,163
810,163
809,163
808,162
end box36
650,144
651,145
652,146
652,147
652,149
652,151
651,152
650,152
648,152
647,152
646,152
end box37
96,18
99,16
104,16
108,16
110,20
108,48
104,49
99,49
96,47
end box38
97,21
98,20
107,20
109,22
107,35
105,37
98,36
96,35
end box39
726,26
728,18
736,13
739,21
740,67
736,76
728,71
726,60
end box40
445,205
446,204
447,204
449,204
450,205
451,206
452,214
451,215
449,216
448,217
446,216
444,215
443,214
end box41
595,130
596,130
598,130
599,130
600,131
600,138
599,139
597,139
596,139
595,138
end box42
655,156
656,156
658,156
659,156
660,157
660,163
660,164
659,165
657,165
656,165
655,164
end box43
646,157
647,156
649,156
650,157
650,157
651,162
650,163
649,164
648,164
647,164
646,163
end box44
end total45boxes
