333,193
335,190
338,187
340,185
343,185
355,185
358,187
361,189
363,193
364,197
364,202
362,205
357,206
352,206
342,206
338,206
334,205
333,201
332,197
end box0
457,178
457,176
459,175
461,173
471,173
473,174
475,176
476,178
477,181
477,184
476,187
472,188
469,187
462,187
459,187
457,186
456,183
456,181
end box1
287,187
292,182
299,179
305,178
325,178
331,178
337,182
344,187
347,195
344,202
334,205
326,205
303,205
294,205
286,202
285,195
end box2
358,191
358,189
359,188
360,186
362,185
369,185
371,185
373,186
375,189
375,191
376,194
375,197
375,200
372,201
369,201
367,201
364,201
362,201
359,200
358,199
357,196
357,194
end box3
419,188
422,185
425,182
428,181
431,181
441,181
444,182
449,184
452,188
454,192
453,197
449,200
443,200
439,199
430,199
426,199
421,199
418,196
417,192
end box4
372,191
374,187
377,185
380,183
383,183
395,183
399,184
402,187
405,190
406,195
406,200
402,203
397,204
392,203
382,204
378,204
373,203
371,199
371,195
end box5
496,177
496,177
497,176
498,176
499,176
500,176
501,177
501,178
502,179
502,180
502,181
502,183
501,184
499,184
498,185
497,184
496,184
495,183
end box6
462,177
463,176
464,176
468,176
470,176
471,177
471,179
472,180
471,182
471,184
470,185
468,185
465,185
463,185
462,184
461,183
end box7
478,174
479,174
483,174
484,174
484,175
485,176
485,177
485,178
485,180
484,181
482,181
481,181
480,181
479,181
478,180
477,179
end box8
375,191
375,189
377,187
378,186
380,185
390,185
392,186
394,188
395,191
395,194
395,197
394,200
391,201
388,202
382,202
379,202
376,202
374,200
374,197
374,194
end box9
492,179
492,177
493,176
494,175
495,174
497,173
498,173
500,173
502,174
503,175
504,177
505,179
505,180
505,183
504,185
503,186
501,187
499,187
496,187
494,187
493,185
492,184
491,182
491,180
end box10
418,179
420,175
424,173
427,172
430,172
441,171
444,173
448,175
451,178
452,183
451,188
447,191
443,192
438,192
429,191
425,191
421,190
418,187
417,183
end box11
408,191
409,189
410,187
411,186
413,185
415,184
418,184
421,185
423,186
424,188
425,190
425,193
425,196
424,198
422,199
419,200
417,200
414,200
412,200
410,199
408,197
408,195
408,193
end box12
474,176
475,174
476,172
477,171
479,171
486,171
488,172
490,173
491,175
491,178
491,181
490,183
487,184
485,184
478,184
476,183
474,182
474,180
474,178
end box13
740,53
743,52
760,64
760,69
759,73
758,80
743,84
726,72
725,69
end box14
51,210
51,208
52,207
53,206
54,205
56,204
57,204
59,204
61,205
63,206
64,208
64,210
64,212
64,214
63,216
62,217
60,218
58,218
55,218
54,218
52,216
51,215
50,213
50,211
end box15
784,214
786,207
792,204
798,202
804,203
807,211
812,254
808,260
799,256
790,256
783,257
782,246
end box16
51,209
52,208
52,207
53,206
54,206
55,205
56,205
57,205
59,205
60,206
61,207
61,209
61,210
61,212
61,214
60,215
58,215
56,216
55,216
53,215
52,214
52,213
52,211
end box17
758,140
759,139
761,139
762,140
763,141
763,148
762,149
760,150
759,149
758,148
end box18
369,173
370,174
371,175
371,176
371,178
371,180
370,181
369,181
366,181
365,181
364,180
end box19
735,80
735,78
751,77
752,79
752,82
752,85
753,88
752,91
744,93
735,89
end box20
526,171
527,171
528,170
530,170
531,170
532,171
532,172
533,173
533,174
533,175
533,177
532,178
531,178
529,179
528,178
527,178
526,177
end box21
766,75
767,72
769,71
772,71
774,72
776,74
777,77
776,79
777,81
777,82
776,84
777,86
776,89
775,92
772,93
769,94
766,92
end box22
34,166
34,164
34,162
34,158
36,155
39,154
43,152
47,152
49,154
50,180
48,185
43,183
39,181
36,179
34,175
34,171
34,169
34,167
end box23
392,100
393,97
395,97
401,97
403,98
403,115
401,117
395,118
392,117
end box24
758,140
759,139
761,139
762,140
763,141
763,148
762,149
760,150
759,149
758,148
end box25
733,99
734,93
738,91
743,89
748,90
751,95
750,123
749,130
744,131
738,130
734,127
733,119
end box26
end total27boxes
