128,280
166,249
196,229
228,222
254,222
275,221
294,221
316,220
341,222
379,226
413,243
439,278
445,319
429,344
384,361
343,362
253,359
221,366
178,364
132,347
116,322
end box0
697,213
698,207
702,201
707,197
713,195
720,195
731,196
740,195
746,198
749,206
749,213
747,220
743,232
737,235
731,236
725,237
719,239
711,242
701,242
696,238
695,229
697,220
end box1
463,206
469,197
478,188
487,182
498,182
507,183
516,183
525,184
536,183
546,187
556,197
560,206
560,221
559,234
552,244
539,245
525,243
483,246
471,245
464,234
464,221
end box2
734,222
738,214
744,204
750,196
760,195
770,195
779,196
787,197
799,198
809,201
815,211
814,221
812,232
810,243
806,252
796,254
786,255
778,256
770,258
760,260
746,261
734,259
732,246
733,234
end box3
677,204
678,200
681,197
683,194
686,192
690,192
693,191
697,192
703,191
707,193
709,198
709,203
705,216
701,218
697,219
693,221
689,221
684,222
679,221
676,218
676,212
676,208
end box4
665,198
666,195
669,192
671,190
674,189
677,189
683,189
688,188
692,189
694,193
694,197
693,201
690,209
676,212
672,213
668,212
665,210
665,205
665,201
end box5
563,196
564,193
567,190
570,189
573,189
580,189
583,189
586,191
590,193
592,196
593,200
593,204
589,207
585,208
581,207
569,206
566,206
563,203
563,200
end box6
574,194
574,192
575,190
577,189
579,188
584,188
586,189
588,190
589,191
591,193
591,196
591,199
590,201
588,202
585,202
576,201
575,200
574,198
574,196
end box7
655,195
655,193
656,192
657,191
658,190
660,189
661,188
663,189
665,189
667,190
668,192
669,194
668,197
668,199
667,201
665,202
664,203
662,203
659,204
657,204
655,202
654,200
654,198
654,196
end box8
609,191
610,190
610,190
611,189
611,189
614,188
615,189
616,189
616,190
617,191
617,192
617,193
617,195
616,196
614,196
613,196
612,196
611,196
610,195
609,194
609,193
609,192
end box9
694,208
695,204
697,201
700,198
703,196
706,195
710,196
714,196
720,196
724,197
727,202
710,225
706,226
701,227
696,226
693,222
692,216
693,212
end box10
668,196
668,194
670,192
671,191
673,190
674,188
677,188
679,189
681,189
684,190
685,192
685,195
677,206
674,206
671,207
669,205
668,202
668,200
668,198
end box11
590,190
591,189
592,189
593,189
594,188
595,189
596,190
597,191
597,192
597,193
597,194
597,196
596,197
595,198
593,198
592,198
591,197
590,196
end box12
638,192
639,190
640,189
641,188
642,187
644,186
645,186
647,186
649,187
651,188
652,189
653,191
653,194
653,196
652,198
650,199
648,200
646,200
643,200
641,200
640,199
638,197
638,195
638,193
end box13
641,191
642,190
642,189
643,189
644,189
645,189
646,189
647,190
647,191
648,192
648,193
647,194
648,196
647,197
646,198
644,198
643,198
642,197
641,196
641,195
end box14
657,190
657,189
658,188
659,188
660,188
661,189
662,190
662,191
663,192
662,193
662,194
662,196
662,197
661,198
659,198
658,198
657,197
656,196
656,195
end box15
670,164
671,164
673,164
674,164
675,164
676,164
677,166
678,167
678,168
678,170
678,171
677,173
675,173
673,174
672,173
670,173
670,171
669,170
end box16
583,162
584,163
585,164
586,165
586,166
586,168
585,169
584,170
583,171
581,171
580,171
579,170
578,169
end box17
643,159
643,158
648,157
649,158
650,159
650,164
649,165
644,165
643,164
end box18
664,175
665,175
666,176
666,177
666,179
666,180
666,181
664,182
663,182
662,182
661,181
660,180
end box19
677,171
678,172
679,173
679,174
679,176
679,178
678,179
677,179
674,179
673,179
672,178
end box20
628,177
629,177
630,178
630,179
630,181
630,182
629,183
628,184
627,184
626,184
625,183
625,182
end box21
564,160
565,161
566,162
566,163
566,164
566,165
566,167
565,168
564,168
562,169
561,168
560,168
559,167
end box22
579,175
582,175
583,175
583,175
584,176
584,177
584,179
584,180
584,181
582,182
581,182
580,182
579,181
end box23
642,143
643,142
645,142
646,143
647,144
648,145
648,148
648,150
647,151
646,152
644,152
643,152
642,151
641,150
end box24
647,176
648,176
649,177
649,178
649,180
649,181
649,182
647,183
646,183
645,183
644,182
end box25
599,144
600,145
601,146
602,147
601,150
601,151
600,152
599,153
596,153
595,152
594,151
end box26
613,139
614,140
615,141
615,146
614,147
613,148
610,148
609,147
608,146
end box27
598,178
599,179
600,179
600,180
600,181
600,182
600,183
599,184
598,184
597,185
596,184
595,184
end box28
642,130
643,129
644,129
645,129
647,129
648,129
649,130
650,131
650,133
650,136
650,138
649,139
647,140
645,140
644,140
642,139
641,138
end box29
end total30boxes
