508,191
509,187
514,182
518,180
523,180
536,181
541,180
545,182
549,187
553,191
554,198
553,205
550,209
543,210
537,209
522,210
516,210
511,209
508,204
508,198
end box0
58,238
98,197
144,169
190,164
228,167
256,169
280,170
309,167
341,169
386,175
430,200
473,241
491,299
475,336
413,359
353,355
183,356
124,359
66,334
50,297
end box1
914,280
948,249
979,229
1010,222
1037,220
1058,220
1078,219
1101,218
1127,221
1158,229
1190,248
1222,280
1234,322
1222,350
1179,370
1136,373
1104,371
1079,364
1058,362
1035,366
1004,370
962,366
917,350
904,322
end box2
605,178
606,176
608,175
609,174
611,173
619,173
621,174
623,176
624,178
624,181
624,184
623,187
620,187
617,187
610,187
607,188
605,186
604,183
604,181
end box3
724,218
727,208
736,197
745,188
757,187
768,187
779,187
789,188
803,189
813,194
819,207
819,218
809,253
797,255
777,261
768,265
756,265
740,265
727,262
725,247
726,233
end box4
651,189
651,186
653,183
655,180
658,178
662,177
665,176
670,176
675,176
678,179
680,183
673,203
669,204
665,205
661,206
656,207
652,205
650,202
650,196
650,192
end box5
669,195
671,189
674,184
679,180
684,179
690,179
695,179
700,179
708,179
714,181
716,188
717,194
716,201
714,206
711,212
706,214
700,216
695,216
689,218
683,219
675,219
670,215
668,208
669,201
end box6
637,182
638,180
639,178
640,177
642,176
650,176
652,177
654,179
654,181
654,184
653,186
652,189
650,189
648,190
645,190
643,190
641,191
639,190
637,188
637,186
637,184
end box7
697,203
699,197
703,192
707,188
713,187
719,187
724,187
730,187
738,186
744,189
745,196
746,203
744,210
742,215
739,220
735,223
729,225
724,226
718,227
712,229
704,228
699,224
697,217
697,210
end box8
576,175
577,174
577,174
578,173
578,173
582,173
583,173
583,174
584,175
584,176
584,177
584,179
583,179
581,180
580,180
579,180
578,179
577,179
576,178
576,177
576,176
end box9
593,175
593,175
594,174
594,174
595,173
596,173
597,173
598,173
599,174
600,175
600,176
600,177
600,178
600,180
599,181
597,181
596,181
595,181
594,181
593,180
592,179
592,177
end box10
607,177
607,176
608,175
608,174
609,174
613,174
615,174
615,176
616,177
616,178
616,180
616,182
614,182
613,183
611,183
610,183
608,183
607,182
606,181
607,179
607,178
end box11
766,234
777,219
793,207
809,202
823,201
836,201
847,200
859,202
875,202
895,204
913,215
917,234
915,254
911,272
894,281
846,282
835,286
821,289
803,290
780,288
764,276
763,256
end box12
621,181
621,179
622,178
624,176
625,176
627,175
628,175
630,175
632,175
634,176
636,178
636,180
636,183
636,185
635,187
633,188
631,189
629,189
626,189
624,189
622,188
621,187
621,184
621,182
end box13
660,193
661,189
663,186
666,183
669,181
673,181
676,181
680,181
686,181
690,182
693,187
672,210
667,211
662,210
659,207
659,201
659,197
end box14
624,177
625,176
626,175
627,175
628,175
629,176
630,177
631,178
631,179
631,180
631,181
631,183
630,184
629,185
627,185
626,185
625,184
624,183
623,182
end box15
559,175
559,175
560,174
562,174
563,175
564,175
564,176
565,177
565,178
565,179
565,181
564,181
562,182
561,182
560,182
559,181
558,181
557,180
end box16
652,192
653,190
654,188
655,186
656,184
658,183
661,182
664,182
667,183
669,185
666,201
664,203
661,203
658,204
654,204
652,202
652,199
652,196
652,194
end box17
544,188
545,186
547,185
549,185
552,185
554,185
556,187
557,188
558,190
559,192
559,195
559,197
559,200
558,203
555,204
552,204
549,202
547,202
end box18
653,180
653,178
654,176
655,175
657,174
659,174
662,174
665,174
667,175
668,177
669,179
667,186
658,189
656,189
654,188
652,186
652,184
652,182
end box19
552,180
552,178
553,176
554,175
556,175
561,175
563,175
564,176
566,178
567,179
567,182
567,184
566,186
564,187
562,188
559,187
558,187
556,187
554,186
552,185
552,183
551,181
end box20
542,177
542,175
543,173
544,172
546,172
551,172
552,172
554,173
556,175
557,176
558,179
558,181
556,183
554,184
552,185
549,184
542,182
542,180
541,178
end box21
656,159
657,158
663,158
664,159
665,160
665,161
665,163
665,164
663,165
662,165
658,165
657,164
656,163
end box22
642,159
644,159
645,159
646,160
646,161
646,164
645,165
644,165
643,166
642,165
641,165
641,164
end box23
655,150
656,148
657,147
659,146
662,146
664,146
666,146
668,147
669,149
670,151
670,154
670,156
670,159
668,161
665,161
663,161
660,161
658,161
656,160
655,158
655,153
end box24
517,141
518,141
523,140
524,141
525,142
525,144
525,147
525,149
524,150
522,150
519,150
517,150
516,149
end box25
632,159
633,160
634,165
633,165
631,166
629,165
628,165
end box26
611,160
612,161
612,161
613,162
613,164
613,165
612,166
611,166
610,166
609,166
608,166
end box27
658,151
658,150
659,149
665,148
666,149
667,150
668,152
668,153
668,155
667,157
666,158
664,159
662,159
661,159
659,158
658,157
657,156
end box28
679,161
680,161
680,162
681,167
680,168
678,168
677,168
676,168
675,168
674,167
end box29
657,170
661,170
662,171
663,172
663,177
662,178
658,178
657,178
656,177
end box30
550,145
551,145
551,146
552,147
552,148
552,149
552,151
551,152
549,152
547,152
546,151
545,151
end box31
600,161
601,162
602,162
602,163
602,164
602,165
602,166
601,167
600,167
599,167
598,167
597,167
end box32
654,155
655,153
656,152
658,151
663,151
665,151
667,152
669,154
669,156
669,159
669,161
668,164
667,165
664,166
659,166
657,166
655,164
654,162
654,160
654,158
end box33
end total34boxes
