457,209
457,203
459,194
464,190
472,191
479,191
484,191
490,193
496,194
500,198
504,204
507,209
509,217
509,224
508,233
501,236
492,235
485,234
479,234
472,234
465,234
461,229
459,222
459,215
end box0
563,191
566,185
574,181
580,179
607,179
612,181
619,186
625,192
627,200
625,208
617,213
609,214
578,214
571,213
564,207
562,200
end box1
407,133
407,131
408,129
409,127
411,126
412,126
415,126
417,126
419,127
420,128
421,130
422,132
422,135
422,137
421,139
420,142
417,143
415,143
412,143
410,141
409,140
408,138
407,136
407,134
end box2
465,140
469,139
470,140
471,141
472,149
471,150
469,151
467,151
466,151
464,150
end box3
580,164
581,165
582,166
583,167
583,168
583,170
582,171
581,173
580,173
578,174
577,173
576,172
575,171
end box4
502,140
508,137
551,137
560,140
561,150
557,154
504,153
500,150
end box5
599,160
600,159
602,159
604,160
604,160
604,169
603,170
601,170
600,169
599,169
end box6
574,169
579,169
580,169
580,170
581,177
580,178
575,178
573,178
end box7
633,161
634,158
636,158
639,158
641,158
643,159
644,162
643,174
642,176
639,177
636,177
634,176
633,173
end box8
607,176
608,175
610,175
611,176
612,177
613,178
613,183
612,185
611,185
609,185
608,185
606,184
end box9
568,148
568,146
590,145
591,147
591,155
570,156
568,154
end box10
478,127
479,126
481,126
482,127
483,128
484,130
484,132
484,134
483,135
482,136
480,137
479,137
478,135
end box11
411,137
412,135
414,134
416,134
418,134
420,134
422,135
423,136
424,138
424,147
422,149
420,150
418,150
415,150
413,149
412,148
411,146
end box12
661,192
662,191
663,191
664,192
665,192
665,193
666,194
666,197
666,198
665,199
664,200
663,201
662,201
661,199
661,198
end box13
465,158
466,158
467,160
467,165
466,166
465,167
462,167
460,166
460,165
end box14
564,147
565,145
592,144
593,147
593,156
564,155
end box15
end total16boxes
