578,191
579,188
581,185
583,182
587,182
590,182
593,182
596,182
600,182
601,185
605,188
606,190
606,195
607,199
606,204
602,205
597,204
586,204
582,204
579,202
578,198
578,194
end box0
642,174
643,172
644,172
646,172
647,172
648,173
648,174
649,175
648,176
648,178
647,178
646,178
645,178
644,178
643,178
642,177
642,177
642,176
642,175
end box1
319,179
321,176
324,173
327,172
330,172
337,172
341,172
344,173
348,175
350,179
352,183
351,188
348,191
343,192
338,192
335,191
332,191
329,191
325,191
320,191
317,187
317,183
end box2
460,172
461,171
461,171
462,170
462,170
466,169
467,170
468,171
468,172
468,173
468,174
468,176
467,176
465,177
464,177
463,177
462,177
461,176
460,175
460,174
460,173
end box3
608,173
608,173
609,172
611,172
612,173
612,173
613,174
613,175
614,176
613,177
613,179
612,179
611,180
610,180
609,180
608,179
607,178
607,178
end box4
410,174
411,172
412,171
413,170
414,169
419,169
421,169
422,170
424,172
425,173
425,176
425,178
424,180
422,181
419,181
417,181
416,181
413,181
412,181
410,179
410,177
410,175
end box5
628,172
629,172
629,172
630,172
631,172
631,172
632,173
633,173
633,174
633,175
633,176
633,177
632,178
631,178
630,179
629,178
628,178
627,177
627,176
end box6
458,173
458,171
460,170
461,169
462,169
468,169
470,169
472,171
473,172
474,175
474,177
472,179
470,180
462,180
459,180
458,179
457,177
457,175
end box7
357,170
357,168
359,167
361,165
362,165
371,164
373,165
375,168
376,170
377,173
376,176
375,179
373,180
361,181
359,180
357,179
356,176
356,173
end box8
573,176
573,174
575,173
576,172
577,171
579,170
582,171
584,171
586,172
587,174
588,175
588,178
588,180
587,183
585,183
576,184
574,183
573,182
572,180
572,177
end box9
589,175
589,174
590,172
592,170
594,170
596,169
598,169
599,170
601,170
603,171
604,173
606,175
606,178
606,181
606,184
603,185
600,185
593,184
591,184
589,182
589,180
588,178
end box10
414,173
414,172
415,171
416,171
418,171
419,171
420,172
421,173
421,174
421,175
421,176
421,178
420,179
418,179
417,179
416,179
415,179
414,178
413,177
end box11
576,172
577,171
577,171
578,170
579,170
580,170
581,171
582,171
582,172
583,173
583,174
583,175
583,177
582,177
580,178
579,178
578,178
577,178
576,177
576,176
end box12
327,178
328,176
329,175
331,173
333,173
339,172
341,173
343,174
344,176
346,178
346,181
346,184
345,187
342,188
339,188
337,188
334,188
332,188
329,188
327,186
327,183
326,181
end box13
659,173
660,173
660,173
661,172
662,172
663,173
663,173
664,174
664,175
664,176
664,177
664,178
663,179
662,180
661,180
660,179
659,179
658,178
658,177
end box14
496,171
496,171
497,171
498,171
499,171
499,171
500,171
501,172
501,173
501,174
501,175
501,176
500,177
499,177
498,178
497,177
496,177
495,176
495,176
end box15
594,171
595,170
596,170
598,170
599,170
600,171
600,172
601,173
601,174
601,175
601,177
600,178
599,178
597,178
596,178
595,178
594,177
end box16
480,172
481,172
481,172
482,172
483,172
483,172
484,172
485,173
485,174
485,175
485,176
485,177
484,178
483,178
482,179
481,178
480,178
479,177
end box17
561,165
562,165
562,164
563,164
564,164
564,164
565,165
565,165
566,166
566,167
566,168
566,169
565,170
564,170
563,170
562,170
561,169
561,169
end box18
597,165
598,166
599,166
599,167
599,168
599,169
599,171
598,171
597,171
596,171
595,171
594,171
594,170
end box19
675,158
679,158
680,158
680,159
680,160
680,162
680,163
679,164
678,165
677,165
676,165
675,164
674,163
end box20
497,145
498,145
500,145
501,145
502,146
502,147
503,148
503,149
503,150
503,152
502,153
501,154
499,154
498,154
497,153
end box21
530,160
530,160
531,160
532,160
532,160
533,160
534,161
534,162
534,163
534,164
534,165
533,166
532,167
531,167
530,167
529,166
529,165
end box22
511,160
512,160
513,160
514,160
514,160
515,160
516,161
516,162
516,163
516,164
516,165
515,166
514,167
513,167
512,167
511,166
511,165
end box23
317,157
321,156
322,157
322,158
323,159
323,160
323,161
323,163
322,164
320,164
319,164
318,164
317,164
316,163
end box24
497,159
497,159
498,159
499,159
499,159
500,160
500,160
501,161
501,162
500,163
501,164
500,165
499,166
498,166
497,165
496,165
end box25
1007,196
1008,196
1008,197
1009,202
1008,203
1006,203
1005,203
1004,203
1003,203
end box26
660,161
660,161
661,161
662,161
662,161
663,161
664,162
664,163
664,165
664,166
663,167
662,168
661,168
660,168
659,167
end box27
511,172
511,172
512,171
513,171
514,171
515,172
515,172
516,173
516,174
516,175
516,176
516,177
515,178
514,179
513,179
512,179
511,178
510,177
end box28
480,159
480,159
481,159
482,159
482,159
483,160
483,160
484,161
484,162
484,163
484,164
483,165
482,165
481,166
480,165
479,165
end box29
544,163
545,162
545,162
546,161
547,162
547,162
548,163
549,163
549,164
549,165
549,166
549,167
548,168
547,169
546,169
545,169
544,168
544,167
end box30
531,170
531,170
532,169
533,169
533,170
534,171
534,171
535,172
535,173
535,174
535,175
534,176
533,177
532,177
531,176
530,176
530,175
end box31
403,159
404,160
404,161
405,166
404,167
403,167
401,168
400,167
399,167
end box32
612,165
613,166
613,166
614,167
614,168
614,169
614,170
613,171
612,171
611,171
610,171
609,171
609,170
end box33
480,143
484,142
485,143
485,144
486,149
485,150
484,150
482,151
481,150
480,150
end box34
563,170
563,170
564,169
565,169
566,169
567,170
568,170
568,171
569,172
569,173
568,174
569,176
567,176
566,177
565,177
564,177
563,176
562,176
562,175
end box35
562,188
563,187
564,187
566,187
567,187
568,188
568,189
569,194
568,195
566,195
565,196
564,196
563,195
562,194
end box36
497,159
497,159
498,159
499,159
499,159
500,160
500,160
501,161
501,162
500,163
501,164
500,165
499,166
498,166
497,165
496,165
end box37
end total38boxes
