619,191
641,181
656,176
666,174
674,174
686,174
693,174
702,173
715,174
734,178
750,190
756,208
748,219
724,224
706,222
659,225
641,225
615,220
611,210
end box0
601,180
603,177
605,174
608,172
611,172
623,172
626,174
629,176
631,179
632,184
632,189
630,192
625,193
620,192
611,192
607,192
602,192
600,188
601,184
end box1
552,170
552,170
556,169
557,170
558,171
558,172
558,173
558,174
558,176
557,177
555,177
554,177
553,177
552,177
551,176
550,175
end box2
120,191
120,187
120,182
120,175
122,164
129,152
136,151
143,163
145,175
146,182
146,187
146,191
146,194
146,198
145,202
144,209
143,223
139,237
128,234
124,217
123,205
122,201
121,197
120,194
end box3
205,180
205,177
205,173
205,168
208,160
213,150
219,148
224,158
227,166
228,172
228,176
228,180
228,183
228,187
227,191
227,197
225,207
220,216
211,216
207,205
206,194
206,189
205,186
205,183
end box4
174,181
174,179
174,175
175,172
178,167
182,160
186,157
191,163
193,169
194,174
195,178
195,181
196,184
196,188
195,191
194,197
192,204
187,209
180,209
176,203
174,195
174,190
173,187
173,184
end box5
222,178
223,176
223,173
223,168
225,161
229,152
235,150
239,158
241,166
242,171
242,175
242,178
242,181
242,184
241,187
241,193
240,203
236,210
228,210
223,201
224,190
224,186
223,183
222,181
end box6
265,203
265,199
265,194
265,185
268,175
275,161
284,161
291,173
294,185
295,194
295,199
295,203
295,208
294,212
294,217
296,229
295,246
287,250
273,251
266,241
267,223
268,215
267,211
266,207
end box7
323,175
323,173
323,171
323,169
325,165
327,159
330,157
334,162
335,166
336,170
336,172
336,174
335,176
335,178
335,180
334,183
334,191
331,195
326,194
325,186
324,181
324,179
324,178
323,176
end box8
523,171
523,170
524,169
525,169
526,169
527,170
528,171
528,172
528,173
528,174
528,175
528,176
527,177
527,179
525,180
524,179
523,178
523,176
end box9
504,172
505,171
506,169
507,169
509,169
510,170
510,172
511,173
511,174
511,175
511,176
511,178
510,179
509,181
508,182
506,181
505,179
504,178
end box10
888,124
889,123
903,123
904,126
903,137
902,138
888,138
887,135
end box11
681,105
682,104
685,104
686,105
686,115
685,116
683,117
682,116
680,115
end box12
end total13boxes
