756,242
786,208
819,182
854,175
886,176
911,179
932,180
957,178
982,181
1014,190
1051,210
1079,242
1092,287
1081,318
1042,342
998,344
959,334
888,328
848,341
803,339
761,318
749,287
end box0
176,246
205,214
234,189
267,180
298,182
323,182
345,179
372,173
401,178
438,186
468,210
492,245
502,289
492,323
450,344
407,350
374,351
321,344
294,347
257,352
212,347
171,325
165,291
end box1
497,192
497,189
500,185
502,183
506,183
516,183
520,183
523,186
526,189
528,192
528,197
528,202
527,207
523,208
517,207
507,206
503,205
499,204
498,200
497,196
end box2
719,202
725,191
733,179
743,171
756,170
768,171
779,170
790,171
805,171
819,175
828,187
828,202
826,217
824,232
817,243
802,245
788,245
778,247
768,249
756,250
739,251
722,249
718,235
718,218
end box3
522,188
522,186
524,184
526,184
533,184
535,185
536,186
538,188
538,190
539,193
539,196
539,199
537,200
534,201
531,200
528,200
526,199
524,198
end box4
535,182
535,180
536,178
537,177
539,176
544,177
546,177
547,178
548,180
549,182
550,184
550,186
549,189
547,190
545,190
543,190
541,190
538,190
537,189
536,187
535,183
end box5
end total6boxes
