168,250
195,225
222,204
246,195
270,193
292,194
311,194
334,192
356,195
381,204
415,223
436,250
446,288
441,318
410,339
372,342
335,331
235,336
196,336
166,316
158,287
end box0
-9,244
-6,222
-2,196
15,184
40,186
63,193
79,199
97,201
115,204
133,212
147,227
151,248
157,271
154,296
151,316
127,321
102,320
81,317
63,319
41,325
12,331
-9,325
-9,296
-9,269
end box1
501,202
505,195
514,186
518,179
528,178
537,178
546,178
555,179
564,180
569,186
579,195
583,202
583,214
582,226
579,238
570,241
555,237
545,236
538,235
529,236
514,239
506,237
502,226
501,215
end box2
385,192
386,185
390,179
397,178
404,178
409,178
414,179
419,179
425,179
430,181
434,187
438,192
440,200
440,208
436,213
427,214
420,214
414,213
409,213
404,213
398,212
390,211
387,206
386,199
end box3
964,357
968,353
976,351
999,351
1006,353
1013,357
1015,364
1012,368
1002,370
973,370
965,368
963,363
end box4
582,191
584,185
592,182
599,181
621,180
626,182
632,186
638,191
640,199
639,206
631,210
623,211
595,211
588,211
581,206
581,199
end box5
593,190
596,187
600,184
604,183
619,183
623,184
628,186
631,190
633,196
632,201
627,204
621,205
602,204
597,203
593,200
592,195
end box6
725,165
726,164
726,163
727,163
728,163
728,164
729,165
729,165
730,166
730,167
729,168
730,169
729,170
728,171
727,171
726,171
725,170
725,169
end box7
657,162
658,161
659,161
660,161
661,162
661,162
662,163
662,164
662,165
662,166
662,167
661,168
660,169
659,169
658,169
657,168
657,167
end box8
686,170
687,169
688,168
689,168
690,168
691,169
692,170
693,171
693,173
693,174
693,176
692,177
691,178
689,178
688,178
687,177
686,176
end box9
643,160
644,160
647,160
647,160
648,161
648,162
648,164
648,165
647,166
646,167
645,167
644,167
643,166
642,165
end box10
end total11boxes
