500,194
502,191
504,188
507,187
510,188
517,188
520,188
522,189
526,191
528,194
529,198
529,202
526,205
522,206
518,205
515,204
510,204
507,204
503,203
501,201
500,197
end box0
576,179
577,177
583,177
584,178
585,179
585,180
585,182
585,184
583,184
581,184
579,184
578,184
576,184
575,183
576,181
575,180
end box1
592,178
594,176
597,176
598,176
599,177
600,178
600,179
600,180
600,182
598,182
597,182
596,182
595,182
594,182
593,182
592,181
592,179
end box2
559,178
559,178
564,177
565,178
566,179
567,180
567,181
567,183
567,185
565,185
564,185
561,185
559,185
558,185
558,184
end box3
554,181
555,179
556,178
557,176
559,176
566,176
567,177
569,178
570,180
571,183
571,186
570,188
567,188
564,188
558,189
556,188
554,187
554,185
554,183
end box4
524,190
524,188
524,186
526,184
528,184
533,184
535,185
537,186
538,188
539,189
540,192
540,194
539,197
537,198
534,198
532,198
530,197
528,197
526,197
524,195
523,191
end box5
437,190
439,187
441,183
444,182
447,182
459,182
462,183
465,186
468,189
468,194
467,198
465,202
461,203
443,202
440,201
438,197
438,193
end box6
459,179
459,177
460,176
462,174
472,174
474,175
476,177
477,179
477,182
477,185
476,188
473,189
470,189
463,188
460,188
459,187
458,184
458,182
end box7
609,176
611,174
615,174
616,175
617,176
617,177
617,178
617,180
615,180
614,180
613,181
612,180
611,180
610,180
609,179
end box8
545,179
549,179
550,179
550,180
551,181
551,182
551,183
551,185
550,186
548,186
546,186
545,185
544,185
543,184
end box9
507,194
507,191
508,190
510,188
512,188
517,188
519,189
521,190
522,191
523,193
524,196
524,199
523,201
521,202
518,202
516,202
514,201
511,202
509,201
508,200
507,198
506,196
end box10
627,173
627,173
628,172
629,172
630,172
631,173
631,173
632,174
632,175
632,176
632,177
632,178
631,179
630,180
629,180
628,180
627,179
626,178
end box11
818,5
835,3
836,6
836,15
835,18
819,19
817,17
end box12
644,175
644,175
645,175
646,175
646,175
647,176
648,176
648,177
648,178
648,179
648,180
647,181
646,181
645,182
644,181
643,181
643,180
end box13
644,126
647,125
648,126
649,126
650,128
651,129
650,132
650,133
649,134
648,135
646,135
645,135
644,134
643,133
end box14
774,78
775,76
776,75
785,75
787,77
787,89
786,91
776,91
774,89
end box15
708,131
708,130
709,129
710,129
711,129
712,130
713,131
713,132
714,133
714,134
714,135
714,137
713,138
712,139
710,140
709,139
708,138
707,137
end box16
600,141
601,140
603,140
604,140
605,141
605,148
604,148
602,149
601,148
600,148
end box17
486,153
487,152
488,152
489,152
490,153
491,154
491,161
490,162
488,163
487,162
486,161
end box18
490,154
491,153
492,153
493,153
494,153
494,154
494,160
493,161
492,162
491,161
490,161
end box19
end total20boxes
