335,217
340,207
346,197
356,194
367,194
376,194
384,193
393,193
402,194
412,198
421,207
426,217
428,230
429,244
421,251
402,251
393,253
384,253
376,250
369,249
359,248
342,249
336,242
335,229
end box0
204,238
211,223
222,212
238,208
253,208
264,209
275,208
286,209
298,210
312,215
325,226
336,240
339,258
337,276
323,282
299,284
287,287
276,287
264,285
254,283
243,281
220,282
209,272
204,256
end box1
8,263
19,241
41,217
60,204
86,203
109,204
129,203
153,202
176,208
195,220
219,241
231,263
238,296
232,326
217,351
189,356
153,347
84,350
51,357
25,348
8,326
4,296
end box2
422,207
423,201
426,195
432,192
439,193
444,193
449,193
454,194
460,193
465,196
468,202
473,207
475,215
475,223
472,229
463,230
455,229
449,228
444,227
439,228
432,229
425,227
423,221
422,214
end box3
521,191
521,189
523,187
524,186
527,186
535,186
537,187
539,189
540,191
540,194
540,197
539,200
536,201
533,201
528,200
526,201
523,200
521,199
521,196
520,194
end box4
968,168
997,150
1023,144
1043,143
1054,142
1064,142
1073,141
1082,143
1094,144
1110,147
1135,153
1167,169
1176,194
1162,205
1125,214
1013,214
976,206
965,193
end box5
661,191
662,188
663,185
665,182
668,180
672,180
675,180
679,180
684,180
688,181
689,186
686,202
683,204
679,205
675,207
671,207
667,208
662,207
660,204
660,198
660,194
end box6
678,191
679,187
681,184
683,182
686,180
690,180
693,180
697,179
702,179
706,181
708,185
708,190
700,204
697,205
693,207
689,207
685,208
680,207
677,204
676,199
677,195
end box7
651,189
651,186
653,183
655,180
658,179
662,178
669,178
673,178
677,180
679,184
679,188
678,192
678,197
676,201
673,203
669,203
665,204
661,204
657,204
653,204
650,201
650,196
650,192
end box8
694,193
698,186
704,181
711,177
717,176
723,177
733,178
741,177
749,178
755,184
759,192
759,201
756,209
749,213
740,215
734,216
728,217
722,218
716,219
707,218
698,217
692,211
692,202
end box9
508,193
508,191
509,189
511,187
513,187
515,186
518,186
520,187
522,188
524,190
525,192
525,195
525,198
524,200
522,202
519,202
517,202
514,201
512,201
510,201
508,199
508,197
508,195
end box10
500,191
501,188
504,185
506,183
509,183
517,184
521,183
524,185
527,187
529,191
530,195
530,199
527,203
523,204
518,203
515,202
509,203
505,202
502,202
500,198
500,194
end box11
517,190
518,187
521,184
524,183
527,183
534,183
537,183
540,184
543,187
546,190
547,194
547,198
544,201
539,202
535,202
526,201
523,201
519,200
517,197
516,194
end box12
601,179
602,177
604,176
605,175
614,175
616,175
618,177
620,179
620,182
620,185
619,188
616,188
606,188
603,188
601,187
600,184
601,182
end box13
634,180
634,178
635,177
637,175
639,175
647,174
650,175
651,178
651,180
651,183
651,186
650,188
648,189
638,190
635,190
634,188
633,185
633,183
end box14
655,191
655,189
656,187
657,185
658,184
660,183
663,182
665,183
668,184
670,185
671,188
670,198
668,200
665,201
663,201
660,202
657,202
655,200
654,197
654,195
654,193
end box15
867,174
883,164
893,158
902,153
911,152
919,153
926,152
934,152
946,151
960,152
974,158
979,173
979,187
973,199
958,205
934,207
926,208
918,210
908,212
896,212
878,211
862,203
861,190
end box16
590,179
590,177
592,175
593,174
595,174
602,174
604,175
606,176
607,178
607,181
607,184
606,186
603,187
601,187
594,187
592,187
590,185
589,183
589,181
end box17
636,163
637,164
638,165
638,169
638,170
637,172
636,172
633,172
632,171
631,170
end box18
492,193
493,192
494,192
495,192
496,193
497,194
498,200
497,201
496,202
494,203
493,202
492,201
end box19
629,172
634,171
635,172
636,173
636,178
635,179
634,180
631,180
630,179
629,178
end box20
578,173
578,173
579,173
581,173
582,173
582,173
583,174
583,175
583,176
583,177
583,178
582,179
581,180
580,180
579,180
578,179
577,178
end box21
675,158
676,159
677,160
677,161
677,164
677,165
676,166
675,167
672,167
671,166
670,165
end box22
end total23boxes
