471,195
472,189
475,183
482,181
488,181
493,181
498,182
502,182
508,183
513,185
517,190
522,195
523,203
524,210
519,216
511,217
504,217
498,216
493,216
488,216
482,215
476,213
472,208
471,202
end box0
559,191
563,185
573,181
580,179
605,179
611,181
619,186
627,191
629,201
627,208
616,213
608,214
577,214
569,213
560,208
558,200
end box1
467,192
468,189
470,185
473,183
477,183
487,183
491,183
495,185
499,188
500,192
501,197
500,202
498,206
493,208
488,208
484,208
473,206
470,204
468,201
467,197
end box2
408,208
410,198
417,190
426,185
437,186
446,186
453,185
462,186
472,186
478,192
485,201
491,209
495,222
495,235
492,246
478,248
464,246
454,246
445,246
435,247
424,246
414,243
409,232
408,220
end box3
280,96
280,94
298,94
299,96
299,99
299,102
297,104
281,103
280,101
end box4
638,157
639,155
649,156
649,158
649,172
647,174
638,174
637,171
end box5
500,140
506,137
554,136
561,139
563,151
559,155
501,155
499,150
end box6
577,164
579,164
580,164
581,164
582,165
583,166
584,167
583,168
583,170
583,171
582,172
581,173
579,173
578,173
577,172
576,171
end box7
676,192
677,191
678,191
679,191
680,192
681,193
682,194
682,197
682,199
681,200
680,201
678,202
677,201
676,200
675,199
end box8
292,112
293,110
293,109
294,107
296,106
298,105
300,105
302,105
304,106
305,107
306,109
306,111
306,113
306,116
306,118
304,120
302,122
300,122
297,121
295,120
294,119
293,116
293,115
293,113
end box9
end total10boxes
