332,220
339,208
350,193
359,182
374,180
389,182
402,180
416,182
432,183
445,191
459,205
463,219
461,238
458,257
452,269
432,272
415,270
401,268
390,268
376,271
356,274
336,272
330,258
331,239
end box0
448,193
449,189
450,185
453,183
457,182
461,183
464,183
467,183
471,183
474,186
477,189
478,192
479,197
479,201
478,206
474,208
468,208
457,207
453,207
450,204
449,200
449,196
end box1
791,92
794,88
826,88
831,91
831,109
828,112
792,112
790,108
end box2
784,60
784,55
786,48
791,45
797,44
803,44
808,44
813,45
819,46
825,48
828,54
829,60
829,67
828,74
827,79
821,83
815,85
808,84
803,84
796,84
789,83
785,79
784,73
785,66
end box3
end total4boxes
