568,194
569,191
570,188
572,185
575,185
588,185
590,187
591,191
592,194
592,197
592,201
592,206
590,208
573,208
570,208
568,205
568,200
568,197
end box0
608,189
608,188
609,187
609,187
615,187
616,188
617,189
617,190
617,192
617,193
615,194
610,194
608,193
608,193
608,191
end box1
641,188
642,187
642,187
643,186
644,186
644,187
645,188
645,188
646,189
646,190
646,191
646,192
645,193
644,194
643,194
642,194
641,193
641,192
end box2
483,171
485,170
490,169
492,169
495,170
497,172
498,186
496,188
493,190
490,190
484,188
482,187
end box3
627,187
627,187
628,187
629,186
630,186
631,187
631,187
632,188
632,189
632,190
632,191
632,192
631,193
630,194
629,194
628,194
627,193
626,192
end box4
end total5boxes
