192,207
198,202
205,198
210,196
215,196
233,196
239,197
247,201
253,207
255,216
252,223
243,226
234,226
228,225
214,227
207,227
198,227
190,223
190,216
end box0
445,216
466,192
486,171
513,163
537,162
557,162
575,164
594,165
617,168
647,172
669,191
684,217
693,251
686,278
660,293
621,294
595,296
576,295
558,292
540,290
513,293
474,293
446,278
440,250
end box1
305,215
322,201
341,191
357,187
370,186
381,187
391,187
402,188
416,188
432,191
455,198
469,215
472,237
465,253
444,264
417,260
369,262
351,266
328,265
305,256
302,238
end box2
32,193
32,191
34,190
36,189
38,188
45,188
48,189
50,191
51,193
52,196
52,199
50,202
47,202
37,202
34,202
32,201
31,199
31,196
end box3
29,193
32,190
35,188
38,187
40,187
49,187
52,188
56,190
59,193
61,197
60,201
56,204
51,204
39,204
36,204
31,203
29,201
28,197
end box4
139,191
141,188
143,186
145,184
148,184
158,184
160,186
163,188
165,191
166,194
165,198
163,202
160,203
147,203
143,202
141,201
139,198
139,194
end box5
64,191
65,189
67,188
68,187
77,187
79,187
81,189
83,191
84,194
83,197
82,199
78,199
69,200
67,200
64,199
63,196
63,194
end box6
165,196
165,194
166,193
168,191
176,191
178,191
180,193
180,195
180,198
180,200
179,202
177,203
168,203
166,203
165,202
164,200
164,197
end box7
68,191
69,190
69,189
70,188
75,188
76,189
77,189
78,191
79,192
78,194
78,196
76,196
75,196
70,196
69,196
68,195
68,193
end box8
-2,204
-2,201
-1,198
0,195
3,194
6,194
9,194
12,195
15,195
17,198
19,201
19,204
20,207
20,211
19,215
17,217
13,218
9,218
6,218
2,218
-1,217
-2,214
-1,210
-2,207
end box9
48,193
48,190
49,189
51,188
60,188
62,189
64,190
65,192
66,195
66,198
64,200
62,201
59,201
53,200
50,200
48,199
47,197
47,195
end box10
168,190
175,190
176,191
176,193
176,194
176,196
176,198
174,198
168,198
167,198
166,197
end box11
385,192
393,186
400,182
406,181
428,180
436,180
445,184
452,191
453,200
449,206
437,209
395,209
383,207
381,200
end box12
0,193
1,191
3,191
5,190
6,190
8,191
10,192
11,193
12,195
12,197
13,198
13,200
12,203
11,205
9,205
7,206
4,206
2,206
1,204
0,202
end box13
182,192
183,191
184,190
188,190
189,190
189,191
190,192
190,193
190,194
190,196
188,196
185,197
184,196
183,196
182,195
182,194
end box14
56,189
57,189
60,189
61,189
62,190
63,191
64,192
64,193
64,195
64,197
62,197
61,198
59,198
58,197
57,197
56,196
55,195
end box15
230,163
230,161
231,159
232,158
234,157
236,157
237,156
239,156
241,157
244,158
244,160
245,162
245,165
245,167
244,170
243,171
240,172
238,173
235,172
233,172
231,170
230,168
230,166
230,164
end box16
235,160
236,160
237,160
239,159
240,160
241,161
242,162
243,164
243,165
243,167
242,169
241,170
239,171
237,172
236,171
234,170
233,169
232,168
232,166
end box17
88,176
89,176
90,177
90,178
90,180
90,181
89,182
88,183
87,183
86,182
85,182
end box18
202,175
206,175
206,175
207,176
207,180
207,181
205,182
204,182
203,182
202,181
end box19
132,174
133,173
135,173
136,174
136,174
136,180
135,181
134,182
133,181
132,180
end box20
59,176
60,177
60,177
61,178
61,180
61,181
60,182
59,182
58,182
57,182
56,182
end box21
71,176
72,177
72,177
73,178
73,179
73,180
73,181
72,182
71,182
70,182
69,182
68,182
end box22
end total23boxes
