0,220
9,208
22,201
36,201
46,202
53,202
60,202
67,203
74,204
83,207
97,212
114,222
121,237
116,248
97,253
77,251
67,249
60,251
37,251
21,250
5,245
0,235
end box0
290,201
314,187
331,180
347,179
357,178
366,177
374,177
382,178
392,179
406,181
429,185
450,201
455,221
446,232
417,239
394,236
343,238
321,240
292,233
286,221
end box1
978,189
1005,173
1028,167
1046,167
1056,166
1065,165
1074,165
1082,166
1093,167
1111,168
1137,171
1163,189
1166,211
1154,223
1118,229
1044,226
1021,229
984,224
975,212
end box2
458,178
458,176
459,175
461,173
470,174
472,174
474,176
476,178
476,181
476,184
475,187
472,187
469,187
462,187
460,187
457,186
457,183
457,181
end box3
556,174
556,172
558,171
559,170
561,169
569,169
571,170
573,172
574,174
574,177
574,180
572,182
570,183
560,184
557,183
555,182
555,179
555,177
end box4
480,173
480,173
481,172
482,172
483,172
484,173
485,173
485,174
486,175
486,176
486,177
486,179
485,180
483,180
482,180
481,180
480,180
479,179
478,178
end box5
475,176
475,174
476,173
477,171
479,171
486,171
488,172
489,173
490,175
490,178
491,180
490,183
487,183
485,183
479,183
476,183
475,182
474,180
474,177
end box6
464,176
465,176
469,176
470,177
471,178
472,179
472,180
472,182
472,184
470,184
469,185
467,185
466,185
464,184
463,184
463,183
end box7
740,53
743,52
759,64
760,69
758,73
758,79
743,83
727,72
726,68
end box8
784,214
786,208
792,204
798,202
804,204
807,211
812,254
809,260
799,255
790,256
782,258
782,247
end box9
757,125
758,123
760,122
763,121
765,122
767,123
768,125
768,128
768,133
768,136
767,138
766,141
763,142
760,141
758,139
757,137
end box10
757,143
761,143
762,144
763,145
763,150
762,151
761,152
759,152
758,152
757,151
end box11
735,79
736,77
751,77
752,79
752,81
752,84
752,87
752,89
744,92
735,88
end box12
511,175
511,174
512,174
514,174
515,174
516,175
516,176
517,177
517,178
517,179
517,181
516,182
515,182
513,183
512,182
511,182
510,181
end box13
496,176
496,175
497,175
498,175
499,175
500,175
501,176
501,177
502,178
502,179
502,180
502,182
501,183
500,183
498,184
497,183
496,183
495,182
end box14
766,75
767,72
769,71
772,71
774,72
776,74
777,76
776,79
777,81
776,84
777,86
776,89
775,92
772,93
769,94
766,92
end box15
390,99
391,96
394,96
400,96
402,97
402,116
401,118
394,119
391,118
end box16
32,165
32,164
33,161
33,157
35,155
38,154
42,151
46,151
49,154
49,181
47,185
42,184
38,182
34,179
33,175
33,172
33,169
32,167
end box17
803,140
804,140
807,140
808,140
808,142
808,149
807,151
805,151
804,151
802,150
end box18
733,99
734,93
738,92
743,91
748,92
750,96
749,122
748,129
743,130
738,129
734,126
734,119
end box19
806,109
807,108
810,108
811,109
812,119
810,120
809,121
807,120
805,119
end box20
end total21boxes
