842,201
848,195
855,189
861,186
867,185
883,187
890,186
897,188
906,193
912,200
914,211
912,219
903,223
891,223
884,223
878,222
873,222
867,223
860,223
848,223
840,219
841,210
end box0
829,174
830,171
832,167
835,164
839,164
855,164
858,166
861,170
862,174
862,179
862,184
859,188
855,190
850,190
839,190
835,189
831,187
829,183
829,179
end box1
859,159
860,159
864,159
866,159
866,161
867,162
867,163
867,165
867,167
866,168
864,168
861,168
860,167
859,166
end box2
758,174
759,173
760,173
761,173
762,174
763,174
763,175
763,176
763,177
763,178
763,179
763,181
761,181
760,181
759,181
758,180
757,179
end box3
772,171
773,171
774,170
775,171
776,171
777,172
777,173
777,177
777,179
776,180
774,180
773,180
772,179
end box4
end total5boxes
