176,227
176,220
176,211
178,201
182,181
194,156
203,154
215,180
222,197
222,211
221,220
222,226
221,232
219,238
216,243
214,251
214,274
207,303
188,307
181,281
182,252
180,244
176,239
175,233
end box0
364,236
364,228
364,219
367,208
372,188
383,168
393,177
404,199
410,212
411,222
412,230
414,236
414,243
412,249
409,255
408,264
405,282
397,304
379,313
368,300
368,269
367,257
364,250
363,243
end box1
240,221
240,215
240,207
243,198
247,183
255,168
265,175
274,190
278,201
281,209
282,216
283,222
283,227
281,233
279,238
278,247
275,261
268,278
253,284
243,274
243,250
242,240
240,234
239,227
end box2
25,101
29,96
91,96
96,101
96,112
92,118
29,117
26,111
end box3
end total4boxes
