434,208
441,199
450,189
459,184
470,184
479,183
488,183
497,183
508,184
518,188
528,198
534,208
536,223
535,238
529,245
509,246
497,245
488,244
479,244
471,243
459,245
441,244
435,236
434,223
end box0
506,192
506,185
510,179
516,176
523,176
540,177
546,177
551,180
555,187
558,192
560,200
560,208
556,214
548,216
541,215
534,214
529,214
524,213
519,212
512,210
510,205
508,199
end box1
589,178
589,176
590,174
591,172
593,172
595,171
598,171
601,172
603,173
604,175
604,177
605,180
605,182
604,185
602,187
599,187
597,187
594,187
592,187
590,186
589,184
588,182
588,179
end box2
563,181
564,178
567,175
569,173
572,173
581,173
585,172
587,174
590,177
592,180
592,185
592,189
590,193
586,194
581,193
571,194
567,194
564,193
563,188
563,184
end box3
606,187
607,184
610,180
612,178
616,178
631,178
634,180
637,184
639,187
639,192
639,197
638,203
633,203
610,203
607,202
606,196
606,192
end box4
636,176
636,174
637,172
638,171
640,170
642,170
645,170
647,170
649,171
650,173
651,175
651,178
651,180
650,183
649,184
646,185
644,184
641,184
639,184
638,183
636,181
636,179
636,177
end box5
593,174
594,173
595,173
597,173
599,173
600,174
601,175
601,177
601,178
601,180
601,182
600,183
598,183
596,184
595,183
593,183
592,182
592,180
end box6
620,176
620,174
622,173
623,172
625,172
632,171
634,172
636,174
637,176
638,179
638,182
636,184
634,185
622,184
620,183
620,181
619,179
end box7
641,173
642,172
643,172
644,172
645,171
646,172
647,173
647,174
648,175
648,176
648,177
648,179
647,180
646,181
644,181
643,181
642,180
641,179
end box8
579,157
580,157
581,157
582,156
583,157
583,157
584,158
584,159
584,160
584,161
584,162
583,163
582,164
581,164
580,164
579,163
end box9
556,174
556,174
557,173
558,173
559,173
560,174
561,174
561,175
561,177
561,178
561,179
560,180
559,181
558,181
557,181
556,180
555,179
end box10
653,171
654,170
655,170
656,170
657,171
657,171
658,172
658,174
658,175
658,176
657,177
656,178
655,178
654,178
653,177
end box11
end total12boxes
