7,207
32,192
54,186
69,184
79,184
88,184
95,183
103,186
113,186
127,188
148,193
175,207
183,228
171,239
141,247
119,245
63,245
43,246
13,239
3,230
end box0
897,215
942,186
977,173
1009,172
1030,172
1046,171
1059,172
1076,172
1093,174
1124,176
1164,186
1204,215
1222,255
1203,274
1148,287
1107,287
998,286
958,287
904,273
883,255
end box1
512,176
516,176
517,176
517,177
518,178
518,179
518,180
518,182
517,183
515,183
514,183
513,183
512,183
511,182
510,181
end box2
298,160
299,159
300,159
302,159
303,160
304,161
305,169
304,171
302,172
301,173
299,172
297,171
end box3
148,193
148,191
149,189
150,188
152,187
154,186
156,186
157,187
159,188
161,189
162,190
163,192
163,195
163,197
162,199
160,201
158,202
156,202
153,202
151,201
150,200
149,198
148,196
148,194
end box4
603,183
603,181
604,179
605,178
607,177
608,176
611,175
613,176
615,177
617,178
618,180
619,182
619,185
619,187
618,190
616,192
613,193
611,193
608,193
606,193
604,191
603,189
602,187
602,185
end box5
365,0
368,-1
394,0
395,5
395,18
394,23
391,26
382,28
end box6
19,160
21,159
23,158
25,158
26,158
28,159
30,161
31,162
31,165
31,167
31,169
31,171
29,173
27,174
25,175
22,175
20,174
19,172
18,170
end box7
854,173
855,173
856,173
857,173
858,173
859,174
859,179
859,181
857,181
856,182
855,181
854,181
end box8
608,177
609,176
610,175
611,175
613,175
614,176
615,177
616,178
617,180
617,181
617,183
616,185
615,186
613,187
611,188
610,187
608,186
607,185
606,184
end box9
313,92
317,89
355,89
361,92
361,100
358,103
315,103
312,99
end box10
804,153
805,152
807,152
809,153
809,154
810,160
809,161
808,162
806,162
805,162
804,161
end box11
22,160
23,160
24,159
26,159
27,160
28,161
29,162
29,164
29,165
29,167
29,169
28,170
26,171
24,171
23,171
21,170
20,169
20,167
end box12
18,172
18,170
19,169
21,168
23,167
25,167
27,167
29,168
30,169
31,171
32,173
32,176
32,178
31,180
29,182
27,184
25,184
22,183
20,183
19,181
18,179
end box13
320,144
321,143
322,143
323,143
324,144
325,145
326,146
326,147
326,149
326,151
325,152
324,153
322,154
321,154
320,152
end box14
285,141
288,141
290,141
291,142
292,143
292,148
292,149
291,151
289,152
287,152
286,152
284,151
283,150
end box15
1131,189
1132,186
1135,185
1138,184
1142,185
1144,188
1145,209
1143,213
1139,213
1135,212
1132,209
1131,205
end box16
320,161
321,160
322,160
323,160
325,161
325,162
326,168
325,169
324,170
322,171
321,170
320,169
end box17
152,143
153,143
156,143
157,143
158,144
158,146
158,151
158,153
156,154
154,154
153,154
151,153
end box18
598,144
599,144
601,143
602,144
603,145
603,152
602,153
600,153
599,153
598,152
end box19
1019,139
1020,139
1023,138
1024,139
1025,140
1024,149
1023,150
1021,150
1020,150
1018,149
end box20
49,139
50,137
50,135
52,133
54,133
57,132
59,132
62,132
64,135
63,148
63,151
60,153
57,153
54,152
52,151
50,149
49,146
49,144
end box21
607,143
608,142
609,142
610,142
611,143
612,144
612,151
611,152
609,153
608,152
607,151
end box22
1016,142
1016,140
1017,138
1018,137
1021,137
1022,137
1024,137
1027,137
1028,139
1028,142
1029,144
1029,145
1028,147
1028,150
1027,152
1025,153
1023,154
1020,153
1018,153
1017,151
1016,149
end box23
152,143
153,143
156,143
157,143
158,144
158,146
158,151
158,153
156,154
154,154
153,154
151,153
end box24
end total25boxes
