214,204
219,196
226,192
234,192
254,192
261,191
267,193
273,198
281,204
285,213
283,221
272,224
261,224
255,224
250,224
245,224
240,224
235,224
224,223
215,220
213,213
end box0
384,190
387,187
389,184
393,183
407,182
410,184
414,186
416,189
417,194
417,199
413,202
408,202
395,202
391,202
386,202
384,198
383,194
end box1
666,184
667,182
669,181
670,180
679,180
681,180
683,182
685,184
686,187
685,190
684,193
681,193
671,193
668,193
666,192
665,189
665,187
end box2
561,176
561,176
564,175
565,176
566,176
566,177
567,178
567,179
567,180
567,182
566,183
564,183
563,183
562,183
561,182
560,182
560,181
end box3
339,192
341,188
344,185
347,183
350,183
363,183
366,185
369,188
372,191
373,196
373,201
369,205
364,205
349,205
345,205
340,204
338,200
338,196
end box4
586,178
587,176
588,174
589,173
591,172
598,172
600,173
601,175
602,177
602,180
602,182
602,185
599,186
597,186
590,186
588,185
587,184
586,182
586,179
end box5
524,190
524,188
525,186
526,185
528,185
534,185
536,186
538,188
539,189
540,192
540,194
539,197
536,197
533,197
528,197
526,197
524,195
523,193
523,192
end box6
539,182
539,180
541,178
542,177
544,176
549,176
551,176
553,177
555,179
556,181
556,184
556,187
555,189
553,190
550,191
548,190
545,190
543,190
541,190
539,188
539,186
539,184
end box7
544,179
544,179
545,178
546,178
547,178
548,179
549,179
549,180
550,181
550,182
550,183
550,185
549,186
548,186
546,187
545,186
544,186
543,185
end box8
656,177
661,176
662,177
663,178
663,179
663,180
663,182
663,183
662,184
660,184
658,184
657,184
656,183
655,182
end box9
411,193
415,189
420,187
442,188
448,189
454,193
455,199
452,203
412,203
409,199
end box10
496,178
496,178
499,177
500,178
501,178
501,179
502,180
502,181
502,182
502,184
501,185
499,185
498,185
497,185
496,185
495,184
494,183
end box11
663,131
664,130
665,130
666,130
667,131
667,131
667,132
667,133
667,134
667,135
668,136
667,137
666,138
665,139
664,138
663,137
663,136
end box12
612,178
613,177
614,177
616,177
617,177
618,178
619,179
619,180
619,181
619,182
619,184
618,185
617,186
615,186
614,186
613,185
612,184
end box13
581,185
582,184
584,184
586,184
587,185
588,186
588,193
587,194
585,194
583,195
582,194
580,194
579,193
end box14
716,148
718,146
739,148
740,150
740,158
738,161
719,161
716,160
715,157
end box15
580,175
583,176
585,176
585,177
586,179
586,180
586,182
586,184
585,185
583,185
581,186
580,185
578,185
577,184
end box16
707,161
708,160
709,160
710,160
711,161
711,161
712,162
712,163
712,165
712,166
711,167
710,168
709,168
708,168
707,167
end box17
612,186
613,186
615,185
616,186
617,187
617,188
618,193
617,194
616,194
614,195
613,194
612,194
611,193
end box18
592,175
596,175
597,175
597,176
598,177
598,178
598,179
598,181
597,182
595,182
593,182
592,182
591,181
590,180
end box19
609,178
609,176
611,175
616,175
618,175
620,177
621,178
621,181
621,183
621,185
621,187
619,189
617,190
615,190
612,190
610,189
609,188
608,186
end box20
513,147
514,146
516,146
517,147
517,147
518,154
517,154
515,155
514,154
513,154
end box21
end total22boxes
