293,203
311,189
324,178
337,173
349,171
361,172
371,170
382,171
396,170
413,174
429,184
443,201
444,221
442,239
422,247
397,249
383,249
371,247
360,246
349,246
335,246
308,247
288,239
285,223
end box0
461,189
462,184
464,179
467,176
472,175
482,176
486,176
491,177
493,181
498,185
499,189
500,194
500,201
500,208
495,210
488,209
472,207
467,206
465,204
463,198
462,194
end box1
459,176
459,170
462,165
468,162
474,163
479,163
484,163
489,163
494,163
498,166
502,172
506,176
507,183
507,190
504,197
498,199
490,198
467,197
463,194
461,188
460,182
end box2
465,173
466,169
469,166
472,164
476,164
483,164
486,164
490,164
493,167
497,170
499,173
501,178
501,184
498,188
493,190
488,189
472,187
468,185
466,182
466,178
end box3
486,177
486,173
487,170
490,167
494,168
497,168
500,168
503,168
506,168
508,171
511,174
512,177
513,181
513,185
512,189
509,192
504,192
500,191
497,190
494,189
491,188
489,186
487,180
end box4
384,174
388,166
394,161
402,159
409,158
426,159
434,158
442,160
449,166
454,174
455,184
454,193
444,197
391,198
383,193
382,184
end box5
626,139
627,138
628,138
630,138
631,139
632,140
632,149
630,150
628,150
627,150
625,149
end box6
513,111
514,110
515,110
516,110
517,110
519,110
520,111
521,112
521,114
521,117
521,118
520,120
518,121
516,121
515,121
513,120
512,119
end box7
515,144
516,143
518,143
520,143
520,144
520,153
519,154
517,154
516,153
515,153
end box8
164,110
165,109
166,109
167,109
168,110
169,111
170,112
170,113
170,114
170,115
170,117
169,118
168,119
166,119
165,119
164,118
163,117
end box9
509,122
514,122
515,123
516,131
515,132
513,133
509,133
508,133
end box10
515,144
516,143
518,143
520,143
520,144
520,153
519,154
517,154
516,153
515,153
end box11
550,144
551,144
552,144
553,144
554,144
555,145
555,150
555,152
554,153
552,153
551,153
550,152
end box12
546,156
547,155
548,155
549,155
550,156
550,156
551,161
550,162
549,163
548,163
547,163
546,162
end box13
end total14boxes
