794,218
825,193
850,177
880,175
901,175
917,176
931,177
947,178
964,180
991,183
1022,195
1048,220
1063,255
1054,276
1014,287
974,287
950,286
933,280
918,277
903,277
876,285
832,291
798,275
787,253
end box0
7,249
50,222
81,208
109,204
130,204
146,204
161,204
178,202
197,203
224,209
259,221
298,249
314,287
303,309
250,322
212,327
183,320
161,310
146,308
127,313
99,322
61,319
9,307
-7,287
end box1
452,192
452,188
455,184
458,182
462,183
471,183
475,183
478,185
481,188
483,191
484,196
484,201
482,205
477,207
472,207
468,205
465,205
462,205
458,204
454,203
452,199
452,196
end box2
22,219
26,207
36,198
48,195
59,196
69,197
77,196
85,196
96,196
107,200
115,209
121,220
124,234
123,246
113,255
98,257
86,256
77,258
68,258
58,258
46,258
30,257
23,246
21,234
end box3
403,194
409,189
415,186
420,185
425,185
428,185
431,185
434,186
439,185
444,185
451,189
457,194
461,202
459,208
449,210
441,210
436,210
431,210
428,210
424,210
418,210
410,210
402,207
401,201
end box4
433,193
434,189
437,186
440,184
443,185
452,185
455,185
458,186
461,189
463,193
464,197
464,201
462,206
458,207
453,207
449,206
446,206
443,205
440,204
436,203
434,200
433,197
end box5
514,191
518,187
522,185
525,185
538,185
541,186
546,187
551,191
554,196
552,200
546,203
540,203
536,202
527,202
524,202
518,202
513,200
512,196
end box6
801,121
802,120
816,120
817,123
816,142
802,143
800,141
end box7
786,146
786,145
787,145
788,145
789,145
790,145
791,146
791,147
792,148
792,149
792,150
792,152
791,153
789,153
788,154
787,153
786,153
785,152
785,151
end box8
754,142
755,141
757,139
767,139
769,141
769,155
768,157
756,157
755,155
end box9
790,158
791,158
793,158
793,158
794,158
795,159
795,160
795,162
795,163
794,164
793,164
792,165
791,164
790,164
790,163
end box10
513,158
514,158
516,158
517,158
518,159
519,160
519,165
518,166
517,167
515,167
514,167
513,166
end box11
509,133
507,148
495,147
end box12
868,155
869,155
871,155
873,155
874,156
875,163
874,165
872,166
870,166
869,166
867,165
end box13
775,159
776,159
778,159
779,159
780,160
780,161
781,162
781,163
781,164
781,166
780,167
779,167
777,168
776,167
775,167
774,166
end box14
462,172
466,172
466,172
467,173
467,174
467,176
467,177
466,178
465,179
463,178
462,178
end box15
871,170
872,169
874,169
876,169
877,170
877,177
876,179
875,179
872,179
870,179
end box16
758,144
758,143
765,143
767,144
768,145
768,153
766,154
759,154
757,153
757,151
end box17
360,128
361,127
363,126
365,125
367,125
369,125
371,126
373,127
374,129
374,131
374,134
374,136
374,139
372,140
369,142
367,142
364,142
362,141
360,140
359,138
end box18
646,159
647,158
648,158
649,158
650,159
651,160
652,161
652,166
651,167
650,168
648,168
647,168
646,167
645,166
end box19
764,157
764,158
765,160
765,163
765,165
763,165
762,166
759,166
758,165
756,164
end box20
756,173
757,172
758,171
759,171
760,171
761,172
762,173
762,174
763,175
763,176
763,177
763,179
762,180
761,181
759,182
758,181
757,180
756,179
end box21
804,141
804,140
813,140
815,141
816,142
816,147
815,148
804,149
803,148
end box22
462,160
463,160
464,160
465,160
466,160
467,161
468,167
467,168
466,169
464,169
463,169
462,168
end box23
740,159
741,159
742,159
743,159
744,159
745,160
746,161
746,162
746,164
746,166
745,167
744,168
742,168
741,168
740,167
end box24
610,96
611,95
612,95
614,95
615,96
615,106
614,108
610,108
609,107
end box25
347,173
348,172
349,172
350,172
351,173
352,174
353,180
352,181
351,182
349,183
348,182
347,181
end box26
497,157
498,157
501,157
502,157
502,158
502,167
501,168
499,168
498,168
496,167
end box27
361,106
362,104
363,103
365,102
368,102
370,103
372,103
373,105
374,108
374,110
374,111
374,113
373,116
372,118
370,119
368,120
365,121
363,120
361,117
end box28
end total29boxes
