4,248
26,224
46,207
75,204
97,206
113,208
127,209
142,210
159,212
185,215
208,228
231,251
243,281
233,302
200,312
163,312
144,313
128,314
112,317
96,317
76,316
40,315
9,302
2,279
end box0
499,201
501,196
507,191
511,187
517,187
522,186
527,186
532,187
538,188
542,190
548,196
552,200
552,209
552,216
549,223
542,224
533,222
515,223
506,225
500,224
498,216
499,208
end box1
552,179
553,176
556,174
558,171
560,171
568,172
572,171
574,173
577,176
579,179
579,183
579,187
577,191
574,192
569,191
559,191
556,191
553,190
552,186
552,182
end box2
557,179
557,177
559,176
560,174
562,174
570,174
572,175
573,177
574,179
575,182
575,185
574,188
571,189
568,188
561,189
558,188
557,187
556,184
556,182
end box3
436,174
437,170
440,166
442,163
446,162
464,162
467,165
470,170
472,174
472,179
473,185
470,191
466,193
445,193
440,192
436,190
435,184
435,179
end box4
571,177
572,175
573,173
574,172
583,172
585,172
587,174
588,176
588,179
588,182
587,184
585,185
582,185
575,184
573,184
571,183
571,181
571,179
end box5
595,179
596,176
597,172
599,170
603,169
609,169
612,169
617,169
619,172
621,175
622,179
622,183
622,187
621,191
618,194
613,193
602,194
598,193
595,190
595,186
595,182
end box6
597,187
597,185
599,183
601,182
613,183
615,185
616,187
617,190
617,193
616,196
612,197
599,197
596,196
596,193
596,190
end box7
523,180
523,178
524,176
525,175
527,175
529,174
530,174
532,174
534,175
536,176
537,177
538,179
539,182
539,185
538,187
536,188
533,188
531,188
528,188
526,188
524,187
523,186
522,184
522,182
end box8
620,177
621,175
622,174
623,172
624,172
626,171
627,171
629,171
631,172
633,173
634,175
634,176
635,179
635,181
634,183
632,184
630,185
627,185
625,185
623,185
622,184
620,182
620,180
620,178
end box9
642,159
642,159
643,158
644,158
645,158
646,159
646,159
647,160
647,161
647,162
647,163
647,164
646,165
645,166
644,167
643,166
642,165
642,164
end box10
527,161
531,161
531,161
532,162
532,163
532,164
532,165
532,166
531,167
530,168
529,168
528,168
527,167
526,166
end box11
490,186
491,184
492,183
494,182
497,181
499,182
501,183
503,185
504,187
503,196
502,199
500,200
497,201
494,201
491,201
490,198
489,195
end box12
430,172
431,171
432,170
433,171
434,172
435,173
436,174
436,179
435,180
434,181
432,182
431,182
430,180
429,179
end box13
495,159
495,159
497,159
497,159
498,159
499,160
499,161
499,162
499,163
499,164
498,165
497,166
496,166
495,165
494,165
end box14
494,178
494,177
495,177
496,176
497,177
498,177
499,178
499,179
500,180
500,181
500,182
500,184
499,185
498,186
496,186
495,186
494,185
493,184
end box15
545,186
546,185
547,185
549,185
550,186
550,188
551,189
551,191
551,192
551,194
550,196
549,197
548,198
546,197
545,195
end box16
442,144
446,144
446,144
447,145
447,146
447,148
447,149
446,150
445,151
444,151
443,151
442,150
end box17
493,188
494,187
495,185
496,185
498,185
499,187
500,188
501,189
501,196
500,197
498,199
497,200
494,199
493,198
492,196
492,194
end box18
467,176
468,175
469,175
470,175
471,176
472,177
472,178
473,183
472,185
471,186
469,186
468,186
467,184
end box19
567,113
568,112
571,112
572,112
572,122
571,123
568,122
567,122
end box20
478,157
479,157
480,157
481,157
482,157
483,158
483,159
483,164
483,165
482,166
480,166
479,166
478,165
end box21
end total22boxes
