6,208
15,193
28,184
43,182
56,182
66,182
75,182
85,183
96,183
107,188
120,197
135,209
138,227
136,241
120,249
98,250
86,250
76,252
65,252
55,251
43,250
23,249
9,240
5,226
end box0
766,215
800,193
829,183
854,181
870,181
883,180
894,180
908,179
921,183
944,185
977,193
1009,216
1022,247
1006,262
962,272
931,274
846,273
815,273
775,261
757,246
end box1
788,206
810,189
834,184
852,184
862,183
871,184
878,183
886,186
896,186
912,187
933,192
957,207
964,228
955,240
923,246
901,244
847,245
825,247
794,240
785,228
end box2
512,175
512,175
516,175
517,175
517,176
518,177
518,178
518,179
518,181
517,181
515,182
514,182
513,182
512,182
511,181
510,180
end box3
527,174
531,174
532,174
533,175
533,176
533,177
533,178
533,180
532,181
530,181
528,181
527,181
526,180
525,179
end box4
147,193
148,191
149,189
150,188
152,187
153,185
156,185
158,185
160,187
162,188
163,190
164,192
165,195
165,198
163,200
161,202
159,203
156,204
153,204
151,203
149,201
147,199
147,197
146,195
end box5
1127,195
1128,193
1129,190
1130,188
1132,186
1135,186
1138,185
1141,186
1144,187
1146,189
1147,192
1148,195
1148,198
1147,201
1146,204
1145,207
1142,209
1138,210
1135,210
1132,208
1129,206
1128,204
1127,201
1127,198
end box6
299,161
300,160
301,160
303,160
304,161
305,162
306,170
305,172
303,173
302,174
300,173
298,172
end box7
603,183
603,181
604,179
605,178
607,177
608,176
611,175
613,176
615,177
616,178
618,180
618,182
619,185
618,187
618,190
616,192
613,193
611,193
608,193
606,193
604,191
603,189
602,186
602,184
end box8
804,153
805,153
808,152
809,153
810,154
809,163
808,164
806,164
805,164
803,163
end box9
19,160
20,159
22,159
23,158
25,159
27,159
29,161
29,163
30,165
30,166
30,168
29,171
28,173
26,174
24,174
21,174
19,173
18,172
17,170
end box10
365,0
368,-1
394,0
395,5
395,18
394,23
391,26
382,28
end box11
608,177
609,176
610,175
611,175
613,175
614,176
615,177
616,178
617,180
616,181
616,183
616,185
615,186
613,187
611,188
610,187
608,186
607,185
606,184
end box12
18,173
19,172
20,171
21,170
23,169
24,169
26,169
28,170
30,171
30,173
31,175
31,176
31,179
30,181
29,183
27,184
25,184
22,183
20,183
19,182
18,180
end box13
969,178
974,178
975,178
975,185
974,187
973,187
971,188
970,187
968,187
end box14
313,92
318,89
356,89
363,92
362,100
359,103
316,103
313,99
end box15
20,173
24,171
25,172
26,173
27,174
28,175
27,176
27,178
27,179
26,180
25,181
22,181
21,180
19,179
19,178
end box16
851,169
852,169
854,169
856,169
856,170
856,179
855,179
852,179
850,179
end box17
952,173
953,172
954,172
955,172
957,172
957,173
957,182
956,183
954,183
953,183
951,182
end box18
1019,174
1020,173
1021,173
1023,173
1024,174
1025,175
1025,184
1023,186
1022,186
1020,186
1018,184
end box19
285,141
286,141
288,141
290,141
291,142
292,143
292,145
292,148
292,149
291,151
289,152
287,152
286,152
284,151
283,150
end box20
320,144
321,143
322,143
323,143
324,144
325,145
326,151
325,152
324,153
322,154
321,154
320,152
end box21
320,161
321,160
322,160
323,160
325,161
325,162
326,168
325,169
324,170
322,171
321,170
320,169
end box22
598,144
599,144
601,143
602,144
603,145
603,152
602,153
600,153
599,153
598,152
end box23
151,143
152,143
155,143
156,143
157,144
157,151
157,153
155,154
153,154
152,154
150,153
end box24
50,138
50,136
51,134
52,132
54,132
57,131
59,131
62,132
63,134
63,147
63,150
60,151
57,152
54,151
52,150
50,147
50,145
50,143
end box25
1020,139
1021,138
1024,138
1025,139
1026,140
1026,149
1024,150
1022,151
1021,150
1019,149
end box26
606,143
607,142
608,142
609,142
610,143
611,144
611,151
610,152
608,153
607,152
606,151
end box27
356,44
359,34
367,35
375,38
382,41
387,46
387,54
387,60
387,64
388,69
387,73
387,78
387,88
382,94
376,98
366,100
358,101
357,87
end box28
1043,135
1044,132
1046,131
1049,132
1052,132
1054,133
1057,133
1058,135
1059,137
1059,139
1059,142
1059,144
1058,146
1056,148
1054,149
1052,151
1049,151
1046,151
1044,149
end box29
end total30boxes
