457,178
458,171
462,167
469,167
475,167
480,168
483,168
487,168
492,169
496,171
501,174
506,179
510,186
509,193
502,196
495,197
488,197
484,197
480,196
476,195
465,193
460,190
459,185
end box0
-43,223
-9,183
28,164
75,164
106,168
129,172
147,175
168,174
193,174
231,177
270,194
310,229
331,278
319,306
255,320
207,322
175,320
23,323
-29,301
-46,272
end box1
591,165
591,163
593,161
594,160
606,159
608,160
610,162
610,165
610,168
611,171
610,174
607,175
595,176
593,175
591,173
590,170
591,168
end box2
540,177
540,175
542,173
543,172
545,171
550,171
552,171
554,172
556,174
557,176
557,179
557,182
556,184
554,185
551,185
549,185
546,185
544,185
542,185
540,183
540,181
540,179
end box3
534,176
536,173
538,171
541,169
544,169
551,169
554,169
557,170
560,173
563,176
563,180
563,184
561,187
556,188
552,187
543,187
540,187
536,186
534,183
534,179
end box4
572,174
572,172
573,170
574,169
576,169
583,169
585,170
586,171
588,173
588,176
588,179
587,181
584,182
582,182
575,182
573,181
571,180
571,178
571,176
end box5
545,156
545,156
546,155
548,155
549,156
550,156
550,157
551,158
551,159
550,160
551,162
550,163
548,163
547,163
546,163
545,162
544,161
end box6
545,146
546,146
548,146
549,146
549,146
550,147
550,148
550,149
550,150
550,151
549,152
548,153
547,153
546,153
545,152
end box7
end total8boxes
