75,223
90,211
103,204
116,201
126,201
150,201
162,200
177,201
194,208
204,222
205,239
199,252
181,259
114,259
95,259
77,252
72,240
end box0
569,195
570,190
574,185
579,182
584,182
598,183
604,183
608,185
612,191
615,195
615,202
615,209
612,215
607,217
599,215
583,216
575,218
571,215
569,208
570,202
end box1
324,202
326,196
332,192
338,190
344,190
363,190
370,191
375,196
379,202
380,210
378,217
372,221
364,222
336,223
328,222
323,217
323,209
end box2
702,198
703,196
704,194
705,193
707,193
714,193
716,194
718,195
719,197
719,200
719,203
718,205
715,206
713,206
709,205
706,206
704,206
702,204
701,202
701,200
end box3
688,199
688,197
689,196
690,194
692,193
694,193
695,193
697,193
699,193
701,194
702,196
703,198
703,201
703,203
702,206
700,206
698,207
696,207
693,207
691,207
689,206
688,205
687,203
687,200
end box4
695,197
697,194
700,192
703,191
705,191
714,191
717,192
721,194
724,197
726,201
725,205
721,208
716,208
713,208
704,208
701,208
696,207
693,205
693,201
end box5
571,208
574,205
578,202
581,200
585,199
599,199
602,201
606,204
609,208
610,214
610,219
607,223
601,224
583,224
578,224
573,223
570,219
570,213
end box6
575,193
576,190
579,186
582,184
585,184
600,184
603,186
606,190
608,193
608,198
608,203
606,208
601,209
585,208
580,208
576,207
575,202
575,198
end box7
800,140
801,138
827,138
829,140
828,148
800,148
end box8
464,178
465,178
467,178
468,178
469,179
470,185
469,186
468,187
466,187
465,187
464,186
end box9
564,191
565,191
567,191
568,191
569,192
570,193
570,198
569,199
568,200
566,200
565,200
564,199
563,198
end box10
517,137
519,135
531,135
533,136
534,150
532,152
518,151
517,149
end box11
531,139
532,141
533,147
532,149
531,150
521,149
end box12
698,176
698,176
699,177
699,178
699,180
699,181
698,182
697,183
696,183
695,182
694,182
693,181
end box13
723,157
724,156
728,156
729,157
730,158
730,163
729,164
728,164
725,164
724,164
723,163
end box14
591,125
592,124
594,124
595,124
596,125
596,126
596,131
596,132
594,132
593,132
592,132
591,132
end box15
659,157
660,156
662,155
670,155
672,156
673,158
673,160
673,163
673,165
672,168
671,169
668,170
666,170
661,170
659,169
658,166
end box16
661,158
666,158
668,158
668,159
669,161
669,162
669,164
669,165
667,167
666,167
664,167
663,167
661,167
660,166
660,164
end box17
595,143
596,142
597,142
598,142
599,142
599,143
599,150
599,150
597,150
596,150
595,149
end box18
end total19boxes
