-28,242
-3,213
24,199
60,200
83,201
100,203
113,206
128,206
145,208
173,210
203,222
231,247
245,281
232,300
190,310
151,309
131,309
25,312
-12,298
-26,277
end box0
857,229
910,193
952,172
992,169
1022,173
1043,174
1062,172
1085,169
1112,171
1161,169
1206,185
1245,227
1258,278
1238,307
1170,321
1019,315
984,324
926,325
857,311
839,283
end box1
222,214
241,199
260,191
276,190
288,190
298,191
307,190
316,192
327,192
343,193
365,199
384,215
388,236
380,249
353,256
330,255
253,256
228,249
220,236
end box2
381,196
388,190
397,187
404,187
423,187
429,188
438,191
447,196
451,206
448,212
435,214
425,214
402,214
393,214
381,211
379,205
end box3
1200,271
1201,267
1202,263
1203,256
1206,250
1212,245
1222,235
1229,237
1232,249
1232,260
1234,288
1235,302
1231,314
1222,313
1211,310
1203,305
1201,294
1201,285
1200,280
1200,276
end box4
591,193
592,192
593,192
594,192
595,193
596,194
597,195
597,200
596,201
595,202
593,203
592,203
591,201
end box5
592,203
593,202
594,202
595,202
596,203
597,204
598,210
597,211
596,212
594,212
593,212
592,211
end box6
674,204
675,203
678,203
679,204
680,205
680,214
678,215
677,216
674,215
673,214
end box7
1030,130
1031,129
1032,129
1033,129
1034,130
1035,131
1035,138
1034,139
1032,140
1031,139
1030,139
end box8
end total9boxes
