496,190
502,188
530,188
536,190
539,196
536,200
497,199
494,196
end box0
511,142
516,141
517,142
518,143
518,144
518,146
518,148
517,149
516,149
514,150
513,149
512,149
511,148
end box1
613,124
614,124
615,124
616,124
617,124
618,125
619,126
619,127
619,128
619,129
619,131
618,132
617,133
615,133
614,133
613,132
612,131
end box2
578,178
578,178
579,177
580,177
581,177
582,177
583,178
583,179
584,180
584,181
584,182
584,184
583,185
582,186
580,186
579,186
578,185
577,184
end box3
801,175
801,174
802,174
803,174
804,174
805,174
806,175
806,176
807,177
807,178
807,179
807,181
806,182
804,182
803,183
802,182
801,182
800,181
end box4
186,121
187,116
189,111
193,107
198,105
203,103
208,102
214,103
219,106
224,109
226,115
227,121
227,126
227,132
225,139
221,143
215,145
209,146
203,146
197,145
190,143
187,138
186,132
186,126
end box5
687,159
688,159
689,158
690,158
691,158
692,159
693,159
694,161
694,165
694,166
693,167
692,168
690,169
689,168
687,168
687,166
end box6
689,170
690,169
691,169
693,169
694,170
695,171
695,173
695,178
694,180
693,181
692,182
690,181
688,180
688,178
end box7
579,185
580,184
582,184
583,184
584,185
584,186
584,190
583,191
582,192
581,192
580,192
579,191
578,191
end box8
681,157
682,156
683,156
684,156
685,157
686,158
687,159
687,164
686,165
685,166
683,166
682,166
681,165
680,164
end box9
509,156
510,155
511,155
512,155
513,156
513,156
513,162
512,163
511,163
510,163
509,162
end box10
end total11boxes
