836,197
846,184
859,169
870,160
885,159
900,160
913,159
927,159
945,158
961,165
977,179
979,196
979,217
977,238
969,254
949,256
927,251
912,249
885,252
861,258
841,255
833,239
833,219
end box0
876,108
877,107
880,107
881,108
882,109
883,117
882,118
880,119
878,119
877,119
875,118
874,117
end box1
896,127
898,126
899,126
901,126
903,127
903,129
903,139
902,140
900,141
897,141
896,139
end box2
888,124
889,122
891,122
894,121
896,122
898,123
900,125
900,136
899,139
897,141
894,142
891,141
889,140
887,138
end box3
891,127
892,126
893,126
895,126
896,127
897,128
898,136
897,137
895,139
894,139
892,139
890,137
end box4
838,157
839,156
841,156
842,157
843,158
843,165
842,166
840,167
839,166
838,165
end box5
end total6boxes
