25,251
61,223
89,206
120,202
144,203
162,202
177,202
196,201
215,206
246,209
278,224
310,251
324,290
311,312
264,325
224,328
199,327
179,321
161,319
144,320
116,325
73,327
29,312
15,289
end box0
472,193
471,186
475,179
480,175
488,175
509,175
516,176
521,180
525,187
527,193
528,202
528,211
526,219
518,221
509,220
502,218
496,218
489,219
482,218
476,215
474,208
474,201
end box1
393,220
401,211
411,201
419,196
430,196
439,196
448,195
457,195
468,196
477,201
489,210
497,219
497,235
496,248
488,258
472,260
457,256
448,255
440,255
431,254
417,257
401,257
393,247
392,235
end box2
261,223
268,210
274,199
286,193
301,196
312,198
321,197
331,197
343,197
355,201
365,212
372,224
376,240
375,256
366,265
346,268
334,269
322,269
312,267
301,267
288,267
270,265
263,254
261,239
end box3
555,181
556,179
557,178
559,176
561,176
569,176
571,177
573,179
574,181
574,184
574,187
573,190
570,191
567,190
562,190
560,190
557,190
555,189
555,186
555,184
end box4
617,188
617,185
619,182
621,180
624,179
627,179
630,179
633,179
637,179
640,181
642,184
643,188
642,191
642,195
641,199
637,200
633,200
630,200
627,201
623,201
619,201
616,199
616,195
616,191
end box5
574,179
575,178
575,177
576,176
577,176
581,176
582,177
583,178
584,179
584,180
584,182
584,184
582,184
581,184
579,185
578,184
576,184
575,184
574,183
575,181
574,180
end box6
569,178
569,177
571,175
572,174
574,174
581,174
583,175
585,176
586,178
587,181
587,184
586,187
582,187
579,186
573,186
571,187
569,186
568,183
568,181
end box7
606,181
606,179
607,178
608,177
609,176
611,175
612,175
614,175
616,176
618,176
619,178
619,181
619,182
619,185
618,187
616,188
614,188
612,189
610,189
608,189
607,188
606,186
605,184
605,182
end box8
559,178
559,177
560,176
561,176
565,176
567,176
567,177
568,179
568,180
568,182
568,184
566,184
565,185
563,185
562,185
560,184
559,184
558,183
end box9
591,178
592,177
592,177
593,176
593,176
594,175
595,175
596,175
597,176
598,176
599,177
599,178
599,179
599,180
599,182
598,182
596,183
595,183
594,183
593,183
592,182
591,181
591,180
591,179
end box10
517,204
516,200
517,195
519,192
523,191
528,191
531,192
535,192
539,193
541,197
543,200
544,204
545,208
545,212
545,218
542,221
537,221
532,221
527,220
523,220
519,219
518,215
517,211
517,207
end box11
638,190
641,185
645,180
650,178
655,177
660,178
669,179
675,178
681,179
686,184
689,190
689,197
687,203
681,207
669,209
665,209
660,210
655,211
648,211
642,209
637,204
637,197
end box12
544,176
544,176
545,175
546,175
547,175
548,176
549,176
549,177
549,178
549,179
549,180
550,182
549,182
547,183
546,183
545,183
544,182
543,181
543,181
end box13
608,188
608,186
609,185
610,184
611,183
613,182
614,181
616,182
618,183
620,184
620,186
621,188
621,189
620,191
620,193
618,195
616,196
614,196
612,196
610,196
609,195
608,193
608,191
608,189
end box14
607,177
607,177
608,176
608,176
609,175
610,175
611,175
612,175
613,176
613,177
614,178
614,179
614,180
614,182
612,182
611,183
610,184
609,183
608,183
607,182
607,181
607,180
607,179
end box15
539,180
539,178
540,177
542,175
543,175
545,174
546,174
548,174
550,175
552,176
553,178
553,179
554,182
554,184
553,186
551,187
549,188
547,188
545,188
543,187
541,186
540,185
539,183
539,181
end box16
529,174
529,173
530,173
531,173
532,173
533,173
534,174
534,175
535,176
535,177
535,178
535,180
534,181
533,182
531,182
530,182
529,181
528,180
end box17
641,144
642,144
647,144
648,144
648,145
649,151
648,153
646,153
644,153
643,153
641,153
641,151
end box18
677,157
682,156
683,157
684,158
685,159
685,162
685,163
683,164
682,165
678,164
677,163
676,162
end box19
443,153
449,152
450,153
451,154
451,161
450,162
448,162
443,162
442,161
end box20
563,159
565,159
566,160
566,160
567,161
567,164
566,165
565,165
564,166
563,165
562,165
end box21
647,156
647,156
648,157
648,161
647,162
646,163
645,163
644,163
643,162
end box22
271,234
274,222
279,211
289,205
302,207
312,208
321,208
330,209
341,209
350,214
357,223
361,234
364,248
366,262
360,272
346,276
334,278
322,276
312,275
301,275
290,273
275,271
272,260
271,247
end box23
806,224
815,212
826,205
833,198
843,197
853,196
862,193
873,194
886,192
894,201
900,212
908,224
912,238
914,254
906,265
891,270
874,268
863,267
852,270
839,272
823,272
808,267
801,254
801,239
end box24
817,235
827,224
839,217
847,210
857,210
867,211
875,209
884,210
896,208
903,215
910,225
922,235
928,250
929,265
920,276
903,279
885,273
875,271
866,271
854,276
838,279
822,276
813,265
813,250
end box25
848,210
850,204
853,197
856,189
861,181
869,169
880,165
888,174
893,187
896,195
899,203
902,210
902,217
900,225
898,233
895,244
890,256
880,259
868,258
859,250
856,238
854,229
850,223
849,217
end box26
563,159
565,159
566,160
566,160
567,161
567,164
566,165
565,165
564,166
563,165
562,165
end box27
end total28boxes
