213,208
235,194
253,189
267,188
276,188
284,189
291,189
298,190
306,190
318,192
338,195
363,208
370,227
361,238
332,242
309,239
298,237
291,238
284,239
277,238
267,238
246,240
218,237
210,227
end box0
452,190
460,182
472,178
481,178
487,177
508,178
515,179
524,184
537,191
543,203
539,211
523,213
508,211
502,212
487,211
482,210
468,211
454,210
450,202
end box1
371,187
376,182
382,177
388,177
393,176
406,176
411,176
418,177
424,181
429,187
432,196
430,203
421,205
411,205
406,205
402,205
397,206
393,206
387,206
378,205
370,202
369,195
end box2
5,208
6,197
12,189
22,186
33,187
41,188
48,188
55,189
63,190
70,194
78,200
84,209
88,221
87,232
82,239
66,240
56,239
48,239
41,238
34,238
23,240
13,237
9,229
6,219
end box3
515,179
517,175
520,172
524,171
538,172
541,173
546,175
549,178
551,183
550,188
546,191
541,192
536,192
516,187
515,183
end box4
751,175
752,173
753,171
754,170
756,169
763,169
766,170
767,172
768,174
768,177
768,180
767,182
764,183
762,183
757,183
755,183
753,182
751,181
751,179
750,177
end box5
1179,158
1184,155
1189,153
1210,153
1216,154
1222,158
1225,164
1223,169
1216,172
1184,171
1178,169
1176,164
end box6
703,177
704,175
705,174
706,173
707,172
709,172
710,172
712,172
714,172
715,173
716,175
717,177
717,179
717,181
717,183
715,184
713,184
710,184
709,184
707,184
705,184
703,182
703,180
703,178
end box7
813,165
815,161
819,159
822,158
835,158
838,159
843,161
846,164
847,169
847,174
842,176
837,177
820,176
815,176
812,173
812,169
end box8
1031,165
1031,163
1033,161
1034,160
1036,160
1041,159
1043,160
1046,160
1047,162
1048,164
1049,167
1049,170
1047,172
1044,173
1042,173
1040,173
1037,173
1035,173
1033,173
1031,171
1030,169
1030,167
end box9
572,178
574,173
580,169
585,168
590,169
594,169
597,169
601,169
606,168
611,169
617,174
621,179
623,186
622,192
616,196
608,197
602,196
598,196
593,196
589,196
583,197
576,196
571,192
571,185
end box10
582,179
584,175
588,172
591,171
594,171
606,171
610,172
614,175
616,178
618,183
617,188
614,192
608,192
603,192
594,192
590,191
585,191
582,187
581,183
end box11
597,178
597,174
600,171
603,170
606,170
615,170
618,170
621,172
624,174
626,178
627,182
627,186
625,190
620,191
616,191
612,190
609,190
606,190
603,189
599,188
597,185
597,181
end box12
742,174
742,174
743,173
744,173
745,173
746,174
746,174
747,175
748,176
748,177
747,178
747,180
746,180
745,180
744,181
743,180
742,180
741,180
741,179
end box13
557,178
557,176
558,174
559,173
561,173
566,173
568,173
569,174
571,176
572,177
572,180
572,182
571,184
569,185
567,185
564,185
563,185
561,185
558,185
557,183
557,181
556,179
end box14
719,175
719,173
720,172
721,171
723,171
724,170
725,170
727,170
728,171
730,172
731,173
731,175
732,176
732,178
731,181
729,181
727,181
725,181
724,181
722,182
720,181
719,180
719,178
719,176
end box15
996,164
996,162
998,160
1000,159
1002,159
1009,159
1012,160
1014,162
1015,164
1015,167
1015,170
1014,173
1011,174
1008,174
1006,174
1003,173
1001,173
999,173
997,171
996,169
995,167
end box16
688,177
688,175
689,173
691,172
692,172
699,172
700,173
702,174
703,176
704,179
704,181
703,184
700,184
698,184
695,184
694,184
692,184
689,184
688,183
687,181
687,179
end box17
1044,163
1044,161
1045,160
1047,159
1049,159
1056,159
1058,159
1060,161
1062,163
1062,166
1062,169
1061,172
1058,172
1055,172
1048,172
1046,172
1044,170
1043,168
1042,166
end box18
739,177
739,175
741,174
742,173
743,172
750,172
751,173
753,175
754,176
754,179
754,181
753,183
751,184
748,184
745,184
743,184
740,184
739,183
738,180
738,178
end box19
540,179
540,177
541,175
542,174
544,174
549,174
551,174
553,175
554,177
555,178
555,181
555,183
554,185
552,187
550,187
548,187
546,186
544,186
542,185
541,184
540,182
540,180
end box20
606,177
606,174
607,173
609,171
611,171
613,170
616,171
618,171
620,172
621,174
623,176
623,179
623,182
622,184
620,186
617,186
615,185
612,185
610,185
608,184
607,183
606,181
605,179
end box21
981,164
981,161
983,160
984,159
986,159
993,159
995,159
997,161
999,163
999,166
999,169
998,171
995,172
992,172
989,172
985,172
983,172
981,170
980,168
979,166
end box22
973,162
976,159
980,157
983,156
994,156
997,157
1002,158
1006,162
1008,166
1006,171
1002,173
996,173
993,173
990,173
976,172
972,170
972,166
end box23
723,175
723,175
724,174
724,174
725,174
726,174
726,174
727,175
727,175
728,176
727,177
727,178
727,179
727,179
726,180
725,180
724,180
723,180
723,179
722,178
end box24
760,91
764,88
796,88
804,89
805,96
802,124
796,127
790,130
783,131
778,130
end box25
710,157
711,158
711,158
712,159
712,160
712,161
712,162
711,163
710,163
709,163
708,163
707,163
707,162
end box26
1,161
2,161
5,160
6,161
7,162
8,166
8,168
7,169
6,170
4,170
3,170
2,169
1,168
end box27
776,144
777,144
779,144
780,144
781,145
782,151
781,152
780,153
778,153
777,153
776,152
end box28
774,159
775,158
777,158
778,158
779,159
779,160
780,165
779,166
777,166
776,167
775,166
774,166
end box29
611,157
611,157
612,157
613,157
613,157
614,158
614,158
615,159
615,160
615,161
615,162
614,163
613,163
612,164
611,163
610,163
end box30
657,172
657,172
658,171
659,171
660,171
661,171
662,172
662,173
662,174
662,175
662,176
662,177
661,178
660,179
659,180
658,179
657,178
656,177
end box31
808,141
809,140
811,140
812,141
813,142
814,148
813,149
812,150
810,150
809,150
808,149
end box32
565,127
566,126
568,126
569,127
570,135
569,136
567,137
566,136
565,135
end box33
728,115
729,114
730,114
731,114
732,114
732,115
732,121
731,122
730,122
729,122
728,121
end box34
692,127
693,126
694,126
695,126
696,127
696,127
696,133
695,134
694,134
693,134
692,133
end box35
776,144
777,144
779,144
780,144
781,145
782,151
781,152
780,153
778,153
777,153
776,152
end box36
end total37boxes
