17,223
38,190
70,171
111,173
140,175
160,177
176,179
195,181
214,184
241,190
272,204
304,230
319,268
305,291
261,303
220,304
198,304
114,305
74,307
34,291
21,265
end box0
417,188
417,180
423,174
431,173
439,174
455,175
462,175
467,178
473,183
479,189
482,198
481,207
474,211
463,211
456,212
450,212
445,212
440,211
426,207
421,204
419,196
end box1
258,203
279,189
299,183
314,182
323,181
332,181
339,181
347,183
357,183
369,185
389,190
411,203
418,222
409,234
381,240
360,238
311,238
291,239
262,234
254,223
end box2
502,179
503,175
505,172
508,170
512,170
521,171
524,171
527,172
531,175
533,179
535,183
534,188
531,192
527,193
522,192
518,191
512,192
508,191
504,190
502,187
501,183
end box3
490,175
491,169
496,164
503,164
508,164
520,165
526,164
531,166
536,170
540,176
543,183
542,189
535,194
528,195
522,194
517,194
512,194
508,194
502,194
496,193
491,188
490,182
end box4
516,176
517,172
519,170
522,168
526,169
533,169
536,169
539,170
542,173
545,176
547,180
546,184
543,187
538,189
534,189
531,188
528,188
519,186
516,183
515,180
end box5
677,193
678,192
682,192
683,193
684,194
684,198
684,199
683,200
682,201
680,201
679,201
678,200
677,199
676,198
end box6
197,171
198,170
199,170
200,170
201,170
203,170
204,171
204,173
204,178
203,180
202,180
199,180
197,180
196,179
end box7
674,193
675,192
676,191
681,190
683,190
685,192
685,194
685,202
684,204
682,205
677,205
675,204
674,203
673,200
end box8
end total9boxes
