108,220
123,203
140,194
159,193
172,193
183,194
192,192
202,194
215,194
232,196
251,205
268,220
271,242
266,257
241,265
219,267
205,267
193,265
183,264
172,264
157,265
134,265
112,256
106,242
end box0
322,218
331,203
345,189
358,181
375,181
389,181
402,181
416,182
432,181
447,188
464,202
472,217
474,239
472,259
461,276
439,277
416,271
353,276
331,275
319,260
320,240
end box1
1,203
4,185
13,170
30,164
48,164
62,164
75,164
88,166
104,167
120,173
130,186
135,203
135,221
133,239
123,251
102,254
88,256
75,257
61,258
47,259
31,257
12,254
3,240
1,222
end box2
404,172
404,166
408,161
413,158
441,159
447,161
450,167
452,172
452,179
452,186
449,192
443,194
436,193
413,193
408,191
405,185
405,178
end box3
539,195
541,189
547,184
553,182
558,182
563,182
568,183
572,183
578,183
584,184
589,190
593,195
595,203
595,211
590,217
581,217
573,215
563,215
558,216
550,217
543,215
539,210
539,202
end box4
430,222
430,217
430,211
431,201
435,189
443,178
451,180
459,192
463,203
465,210
467,216
468,222
467,227
465,232
463,236
463,246
461,261
454,270
441,271
435,260
435,242
434,235
431,231
431,227
end box5
700,207
700,205
701,201
703,198
706,196
709,199
710,203
710,206
710,208
710,210
710,211
710,213
710,215
710,218
710,224
707,226
703,225
701,220
701,215
end box6
622,173
627,172
628,173
629,174
629,179
628,180
627,180
624,180
623,180
622,179
end box7
624,162
630,161
631,162
632,163
632,170
631,171
629,172
626,172
624,171
623,170
end box8
577,166
577,166
578,166
579,166
579,166
580,166
581,167
581,168
581,169
581,170
581,171
580,172
579,173
578,173
577,173
576,172
576,171
end box9
619,163
620,161
622,160
631,160
633,161
634,174
633,177
630,178
621,177
619,176
619,173
end box10
446,173
447,172
448,171
449,171
450,171
451,172
452,173
453,174
453,175
453,176
453,177
453,179
452,180
451,181
449,181
448,181
447,180
446,179
end box11
464,189
465,188
466,188
467,188
468,189
469,190
470,191
470,192
470,194
470,196
469,197
468,198
466,198
465,198
464,197
463,196
end box12
462,178
467,177
468,178
469,179
470,180
469,181
469,183
469,184
468,185
466,185
464,185
463,185
462,184
461,183
end box13
577,172
580,171
581,172
582,172
582,173
583,174
583,175
583,176
583,178
582,179
580,179
578,179
577,179
576,178
end box14
458,188
459,187
461,186
463,185
465,185
466,185
468,186
470,188
470,190
471,192
471,193
471,196
471,198
470,200
467,202
465,201
462,201
460,200
459,199
end box15
474,147
475,147
477,147
478,147
479,148
479,155
478,155
476,156
475,155
474,155
end box16
end total17boxes
