405,206
411,199
417,189
424,184
434,185
442,185
449,185
457,185
466,186
475,189
483,197
488,206
487,218
487,230
481,238
469,239
457,238
449,238
442,237
434,237
421,240
409,239
405,229
404,218
end box0
392,194
392,192
394,190
395,189
397,189
404,188
407,189
408,191
409,193
409,196
409,199
408,201
406,202
396,202
394,202
392,200
391,198
391,196
end box1
479,173
480,172
481,172
482,172
483,172
484,172
485,173
486,174
486,175
486,176
486,177
486,179
485,180
484,181
482,181
481,181
480,180
479,179
end box2
384,174
385,174
385,175
386,176
386,177
386,178
386,180
385,180
383,181
382,181
381,181
380,180
379,180
end box3
476,176
476,174
477,173
478,171
479,171
481,170
482,170
484,170
486,171
487,172
488,174
489,176
489,178
489,180
488,182
487,183
485,185
483,185
480,184
479,184
477,182
476,181
476,179
476,177
end box4
404,174
404,174
405,175
405,180
405,180
403,181
402,181
401,181
400,180
end box5
477,159
478,158
480,158
481,159
481,159
482,160
482,161
482,163
482,164
481,165
480,166
479,166
478,166
477,165
end box6
477,159
478,158
480,158
481,159
481,159
482,160
482,161
482,163
482,164
481,165
480,166
479,166
478,166
477,165
end box7
end total8boxes
