446,196
448,189
454,181
460,177
468,177
475,177
482,177
489,177
497,178
501,182
508,190
512,196
513,206
514,216
511,225
501,226
489,223
482,221
476,220
468,222
459,224
450,222
448,214
447,205
end box0
571,179
572,177
573,176
575,174
577,174
585,173
588,174
590,176
590,179
591,182
590,185
589,188
586,189
575,189
572,189
571,187
570,184
570,182
end box1
537,189
537,187
538,186
539,184
541,183
547,184
550,184
551,185
553,187
554,189
554,192
554,195
554,198
551,199
548,199
546,198
543,198
541,199
538,198
537,197
537,194
536,192
end box2
585,190
588,186
591,180
595,177
600,177
605,177
610,177
615,177
620,178
624,180
628,186
631,190
632,197
632,204
630,211
624,213
616,211
610,209
605,210
599,211
590,214
586,211
584,204
585,197
end box3
555,180
555,178
556,177
558,175
560,175
567,175
570,176
571,178
572,180
573,183
573,186
572,189
569,189
566,189
559,189
557,189
555,187
554,185
554,183
end box4
575,176
576,175
582,174
583,175
584,176
585,178
585,179
585,181
585,184
583,184
581,184
578,185
576,184
575,184
574,182
end box5
415,186
416,183
419,180
422,178
426,178
439,177
443,179
446,182
448,186
448,191
448,196
445,200
440,200
425,200
421,200
417,199
415,195
414,191
end box6
560,176
565,176
566,176
567,177
568,179
568,180
568,182
568,184
567,185
565,185
562,184
560,184
559,184
558,183
end box7
518,189
520,186
522,183
525,182
528,182
535,183
538,182
540,184
544,186
546,189
548,193
547,197
544,200
540,201
536,200
533,200
528,199
525,199
521,198
519,196
518,192
end box8
706,173
706,172
707,171
708,171
712,171
713,171
714,172
714,173
715,174
714,176
714,177
713,177
711,178
710,178
709,178
708,178
707,177
706,176
706,175
706,174
end box9
502,191
502,187
503,184
506,182
510,182
519,183
522,183
524,185
527,188
529,191
530,195
530,199
527,203
524,204
520,204
516,203
end box10
523,191
523,189
524,187
526,185
528,185
530,185
533,185
535,186
537,187
538,188
540,190
540,193
540,195
539,198
537,199
534,199
532,199
529,199
527,199
525,198
524,197
523,195
523,193
end box11
703,172
704,170
706,169
707,168
708,168
714,168
716,168
718,169
720,171
720,174
720,177
719,179
716,179
708,179
705,179
703,178
702,176
702,174
end box12
539,181
539,179
540,177
541,176
543,176
545,175
546,175
548,175
550,176
552,177
553,179
554,180
554,183
554,185
553,188
551,189
549,189
547,189
545,189
542,189
540,188
539,186
539,184
538,182
end box13
690,173
690,173
691,171
692,171
692,171
694,171
694,171
695,171
696,172
696,173
696,174
696,175
696,176
695,177
694,177
693,177
692,177
691,177
690,176
690,176
690,175
690,174
end box14
647,174
648,173
649,173
650,173
651,174
652,175
652,176
652,179
652,180
652,182
651,183
649,183
648,183
647,181
646,180
end box15
630,158
631,159
632,160
633,161
633,162
633,164
632,165
631,166
630,166
628,167
627,166
626,166
625,165
624,164
end box16
301,97
302,96
303,96
306,95
308,95
309,96
309,97
310,103
308,105
307,105
305,106
304,105
302,105
301,104
end box17
644,157
645,157
646,157
647,157
648,157
649,158
649,159
650,160
650,161
650,162
650,164
649,165
648,166
646,166
645,165
644,165
643,164
end box18
806,159
806,158
807,158
808,158
809,158
810,158
811,159
811,160
812,161
812,162
812,163
812,165
811,166
810,167
808,167
807,167
806,166
805,165
end box19
547,163
548,163
549,164
549,165
549,166
549,167
549,168
548,169
547,170
546,170
545,169
544,169
end box20
772,158
772,158
773,157
774,157
775,157
776,158
776,158
777,159
777,160
777,161
777,162
777,163
776,164
775,165
774,165
773,165
772,164
771,163
end box21
652,147
653,148
654,149
654,150
654,151
654,153
654,154
653,155
652,155
649,155
648,155
647,154
end box22
645,176
645,175
646,173
648,172
650,172
651,172
653,173
654,175
654,177
655,179
655,180
655,182
654,184
653,186
652,188
650,189
647,188
646,187
645,184
644,183
end box23
622,176
623,175
624,174
625,174
626,174
627,175
628,176
628,177
629,178
629,179
629,180
629,182
628,183
627,184
625,184
624,184
623,183
622,182
end box24
471,162
472,163
473,164
473,165
473,166
473,167
473,169
472,170
471,170
469,170
468,170
467,170
466,169
end box25
end total26boxes
