547,176
549,173
552,170
555,168
558,168
571,168
574,169
578,173
580,176
580,181
579,185
577,190
572,190
557,191
552,191
548,190
546,185
546,181
end box0
432,178
439,173
447,169
452,168
457,168
462,168
465,168
469,168
475,168
480,169
486,173
495,179
500,188
498,195
488,197
476,197
470,196
466,196
461,196
456,197
451,198
440,197
430,194
430,187
end box1
101,244
140,207
179,186
220,182
251,185
274,184
294,185
317,183
343,184
383,189
420,209
458,245
474,293
458,322
402,342
354,343
212,342
163,342
107,323
90,293
end box2
562,176
564,172
567,169
570,168
585,168
588,169
592,172
595,175
596,180
595,185
593,189
588,190
569,188
564,188
562,184
561,180
end box3
621,173
622,172
622,172
623,171
623,171
624,170
626,170
627,171
628,171
629,172
629,173
629,174
629,175
629,177
628,177
626,178
625,178
624,178
623,178
622,177
621,176
621,175
621,174
end box4
618,172
619,170
620,169
621,168
622,168
628,168
630,168
632,170
633,171
633,174
633,176
632,179
630,179
627,179
624,179
622,179
619,179
618,178
617,176
617,173
end box5
536,174
537,172
538,171
539,170
540,169
542,169
547,169
549,169
550,171
551,173
551,176
550,178
549,180
547,180
545,181
543,181
541,182
539,182
537,181
536,180
536,177
536,175
end box6
609,169
609,169
611,169
612,169
613,169
613,169
614,170
615,171
615,172
615,173
614,175
613,175
612,175
611,176
610,175
609,175
608,175
608,174
end box7
716,-2
718,-5
745,-7
748,-3
748,24
746,28
718,26
715,22
end box8
774,95
777,94
791,106
790,109
790,119
777,123
765,120
763,117
763,109
end box9
713,55
716,52
749,52
753,55
754,73
752,77
714,77
712,72
end box10
658,176
658,176
659,175
660,175
661,175
662,175
663,176
663,177
664,178
663,179
663,180
663,182
663,183
661,183
660,184
659,184
658,183
657,182
end box11
213,96
217,96
221,97
225,99
228,101
228,106
227,109
228,111
228,114
228,116
228,119
228,124
225,127
222,130
217,131
212,131
end box12
198,101
199,97
202,95
207,93
212,93
213,98
213,123
212,130
207,130
202,129
199,125
198,119
end box13
end total14boxes
