924,176
928,169
934,163
941,162
948,163
953,163
958,163
962,164
968,164
974,166
980,170
988,176
993,186
991,195
982,197
970,197
964,198
958,198
953,198
948,197
942,196
932,196
925,192
924,184
end box0
972,172
976,164
981,159
989,158
996,158
1001,158
1006,158
1011,159
1017,159
1023,161
1029,166
1036,172
1040,181
1039,190
1029,193
1019,194
1012,195
1006,194
1001,194
996,193
991,191
982,190
975,187
973,180
end box1
588,187
600,180
610,176
618,175
623,174
636,175
642,175
649,176
660,179
673,187
677,198
671,205
655,207
615,208
604,208
587,206
585,198
end box2
858,178
862,171
868,166
875,165
881,165
895,166
902,165
908,167
913,172
920,179
923,187
921,195
912,197
901,198
896,199
891,199
886,200
881,199
876,197
867,196
860,193
857,186
end box3
753,183
764,173
777,167
789,166
798,166
812,166
819,166
827,166
838,168
851,174
865,184
869,199
864,210
846,214
828,213
818,212
812,213
805,213
799,213
790,213
774,213
757,209
752,198
end box4
683,219
687,206
699,193
710,185
724,185
738,185
749,184
763,185
778,185
790,192
800,206
804,219
804,237
804,254
798,267
779,270
762,269
749,269
737,270
723,273
704,275
686,272
682,256
682,237
end box5
1038,164
1040,160
1042,158
1046,157
1059,158
1062,159
1065,160
1068,164
1070,168
1070,173
1066,175
1061,176
1057,176
1054,176
1041,174
1038,171
1037,168
end box6
762,105
779,105
779,113
778,115
762,114
end box7
700,107
702,106
712,106
713,109
712,124
710,125
701,125
700,122
end box8
689,79
691,74
694,71
718,71
722,72
724,78
724,100
720,103
692,102
689,99
end box9
571,161
572,160
576,159
577,160
578,161
579,162
580,167
579,169
578,170
576,171
574,172
573,171
571,171
570,169
end box10
0,11
0,9
0,7
2,5
4,5
6,4
8,4
9,4
12,5
14,6
15,8
15,10
15,13
15,15
14,18
12,19
10,20
8,21
5,21
3,20
1,19
0,17
0,14
0,12
end box11
569,159
570,158
572,158
575,157
577,157
579,158
580,160
581,172
580,174
578,176
575,176
572,175
570,175
568,173
567,170
end box12
end total13boxes
