751,189
752,187
753,186
755,184
756,184
763,184
765,185
767,186
768,188
768,191
768,193
767,196
764,196
755,197
753,197
751,195
751,193
751,191
end box0
768,189
768,187
769,185
770,184
772,184
779,184
781,184
783,186
784,188
784,191
783,193
783,196
780,196
777,196
771,197
769,197
767,195
767,193
767,190
end box1
653,191
654,188
656,185
659,182
662,182
677,182
680,184
683,187
685,191
685,196
686,201
684,206
679,207
661,207
656,207
653,206
652,200
652,196
end box2
739,177
742,177
743,177
744,178
744,179
745,180
744,181
744,183
743,183
742,183
741,184
740,183
739,183
738,182
738,182
end box3
722,186
723,186
724,185
726,185
727,185
728,186
729,187
729,188
729,189
729,190
729,192
728,193
726,193
725,193
724,193
723,193
722,192
721,191
end box4
754,182
755,181
756,180
760,180
761,180
761,181
762,182
762,183
762,184
762,186
761,186
759,186
756,186
755,186
754,185
754,184
754,183
end box5
708,188
709,187
710,187
712,187
713,187
714,188
715,189
715,190
715,191
715,192
715,194
714,195
712,195
711,195
710,195
709,195
708,194
707,193
end box6
773,179
777,179
778,179
778,180
779,181
779,182
779,183
779,185
778,186
776,186
774,186
773,186
772,185
771,184
end box7
739,188
739,187
740,186
740,186
741,185
745,185
746,186
747,186
748,188
748,189
748,191
748,193
746,193
745,193
742,193
740,193
739,193
738,192
739,190
end box8
753,189
754,188
754,187
755,186
756,186
761,186
762,186
763,187
764,189
764,190
763,192
763,194
762,195
760,195
757,195
755,195
754,194
753,193
753,191
753,190
end box9
659,159
659,158
660,158
661,157
662,157
663,157
664,158
666,158
666,159
667,161
667,162
667,164
667,165
665,167
664,167
662,168
661,167
659,166
659,165
658,164
end box10
1112,150
1113,149
1124,148
1127,149
1128,152
1127,163
1125,164
1115,164
1113,163
end box11
832,159
833,160
834,161
834,166
833,167
832,167
829,167
828,167
827,166
end box12
657,161
657,159
658,158
659,157
660,155
662,155
663,154
665,155
667,155
669,157
670,159
670,161
670,162
670,165
669,167
668,169
666,170
664,170
661,170
659,169
658,167
657,165
657,164
657,162
end box13
791,163
792,163
792,164
793,167
793,169
792,170
790,170
788,170
787,170
786,169
end box14
827,145
828,144
829,144
830,144
831,144
833,144
834,145
835,146
835,153
834,154
832,155
830,155
829,155
827,154
826,153
end box15
626,179
627,178
628,178
629,178
630,179
631,180
632,186
631,187
630,188
628,189
627,188
626,187
end box16
891,156
894,155
895,156
896,156
896,157
896,161
895,162
894,163
893,163
892,163
891,162
end box17
723,145
727,145
728,146
728,147
729,152
728,153
727,153
725,154
724,153
723,153
end box18
657,173
660,173
661,173
662,174
663,175
663,176
663,178
663,180
662,181
661,182
658,182
657,181
656,180
end box19
725,159
727,159
728,160
729,160
729,161
729,163
729,164
728,165
727,165
726,166
725,165
724,165
end box20
191,80
194,74
200,73
207,70
216,69
219,75
218,119
216,127
208,127
200,125
194,122
191,115
191,107
end box21
707,158
708,158
710,158
711,158
712,159
712,160
713,165
712,166
711,167
709,167
708,167
707,166
end box22
end total23boxes
