231,207
241,198
250,189
260,187
270,186
278,186
285,186
293,187
301,188
311,191
323,197
333,207
337,221
335,234
323,239
302,239
294,241
286,240
277,239
271,238
263,237
244,237
232,233
230,221
end box0
535,196
536,191
540,186
544,182
550,182
555,182
560,182
565,183
571,183
574,186
578,192
581,196
582,203
581,210
579,217
574,219
566,217
549,218
541,219
537,217
535,209
535,203
end box1
48,199
55,180
69,169
90,169
106,171
118,173
127,172
137,175
147,177
161,181
176,188
195,202
201,222
198,236
174,244
153,246
140,246
128,244
118,243
107,244
77,242
61,232
53,218
end box2
372,205
377,194
388,182
399,176
413,178
424,178
433,178
444,178
457,177
468,183
480,194
486,205
487,222
488,240
482,254
465,255
445,249
395,251
379,252
373,238
372,222
end box3
321,196
322,188
328,183
336,182
343,182
359,182
367,182
374,183
380,189
384,197
386,206
386,215
378,220
368,220
360,220
354,220
343,220
336,220
326,219
320,214
320,205
end box4
7,224
8,207
16,196
34,197
50,202
61,204
71,209
82,211
90,219
96,229
100,240
104,253
105,267
103,283
92,290
75,290
62,291
50,290
16,294
10,283
end box5
391,174
392,166
398,161
405,159
411,159
434,159
441,161
446,167
450,174
452,182
451,190
444,196
436,197
403,198
396,195
391,190
391,181
end box6
318,191
319,187
321,184
324,182
328,182
343,181
347,183
350,186
352,191
351,196
351,201
348,205
343,206
339,207
335,207
332,207
328,207
324,206
320,204
318,200
318,196
end box7
451,208
451,206
450,201
450,196
453,188
458,181
463,182
468,190
470,197
471,201
472,205
472,208
472,211
471,214
470,217
470,223
469,232
465,239
457,238
453,229
453,220
453,216
452,213
451,211
end box8
597,172
597,174
597,179
596,180
595,181
592,181
590,181
590,179
end box9
550,164
551,164
551,165
552,166
552,168
552,170
551,171
549,171
548,171
547,171
546,171
545,170
end box10
592,164
597,164
598,165
599,166
599,171
598,173
597,173
594,173
592,172
592,171
end box11
-2,121
1,117
36,118
42,121
41,157
37,162
30,165
23,166
16,166
8,165
2,162
0,156
end box12
643,191
644,190
645,190
646,190
647,191
648,192
648,197
648,199
647,200
645,201
644,200
643,199
end box13
545,172
548,171
549,171
550,172
550,173
551,174
551,178
550,179
548,179
546,179
545,179
544,178
end box14
502,160
503,161
503,162
503,164
502,165
501,166
end box15
529,178
529,178
533,178
534,178
534,179
535,180
535,181
535,182
535,184
534,185
532,185
531,185
530,185
529,184
528,184
end box16
462,154
465,153
466,154
467,155
468,156
468,161
467,162
466,163
464,163
463,163
462,162
end box17
496,178
496,177
497,176
498,176
499,176
500,177
501,178
501,179
501,182
501,183
501,185
500,186
498,187
497,186
496,185
end box18
446,175
447,174
448,173
449,173
450,173
451,174
452,175
453,176
453,177
453,178
453,179
453,181
452,182
451,183
449,183
448,183
447,182
446,181
end box19
462,154
465,153
466,154
467,155
468,156
468,161
467,162
466,163
464,163
463,163
462,162
end box20
end total21boxes
