728,181
730,178
733,175
736,175
748,175
752,176
756,177
759,181
761,185
760,190
756,192
750,192
747,192
744,192
741,192
739,192
735,191
730,191
727,189
727,185
end box0
737,181
737,179
739,178
740,177
742,177
749,177
751,177
753,179
754,181
755,184
755,187
753,189
751,190
748,190
746,190
743,190
741,190
739,190
737,188
736,186
736,184
end box1
147,193
148,191
149,189
150,188
152,186
153,185
156,185
158,185
160,187
162,188
163,190
165,192
165,195
165,198
163,200
161,202
159,204
156,204
153,204
151,203
149,201
147,199
147,197
146,195
end box2
1127,194
1128,189
1130,187
1132,185
1135,184
1138,184
1141,184
1144,186
1146,188
1148,194
1149,197
1148,200
1147,204
1145,207
1142,208
1138,209
1135,209
1131,208
1129,206
1127,203
1127,200
1126,197
end box3
298,161
299,160
300,160
302,160
303,161
304,162
305,170
304,172
302,173
301,174
299,173
297,172
end box4
603,183
603,181
604,179
605,178
607,177
608,176
611,175
613,176
615,177
616,178
618,180
618,182
619,185
618,187
617,190
616,192
613,193
611,193
608,193
606,193
604,191
603,189
602,186
602,184
end box5
854,172
855,172
856,172
857,172
858,172
859,173
859,174
859,178
859,180
858,180
856,181
855,180
854,180
end box6
804,153
805,152
807,152
809,152
809,153
810,160
809,161
808,162
806,163
805,162
803,162
end box7
969,177
974,177
975,177
975,178
976,183
976,184
975,186
973,186
971,187
970,186
968,186
967,185
end box8
1019,174
1020,173
1021,173
1023,173
1024,174
1025,175
1025,184
1023,185
1022,186
1020,185
1018,184
end box9
365,0
368,-1
395,0
395,4
395,18
394,23
391,26
382,28
end box10
18,161
20,160
22,159
24,159
25,159
28,160
29,161
30,163
30,165
30,168
30,170
30,172
28,174
26,175
24,176
21,176
19,175
17,173
17,171
16,169
16,167
end box11
911,189
912,188
913,188
915,188
916,189
917,190
918,191
918,197
917,199
915,200
914,201
912,200
910,199
909,198
end box12
608,177
609,176
610,175
611,175
613,175
614,176
615,177
616,178
617,180
616,181
617,183
616,185
615,186
613,187
611,188
610,187
608,186
607,185
606,184
end box13
22,161
23,161
24,160
26,160
27,161
28,162
29,163
29,165
29,166
29,168
29,170
28,171
26,172
24,173
23,172
21,171
20,170
20,169
end box14
313,92
318,89
354,89
361,92
360,100
357,103
315,103
313,99
end box15
953,174
954,173
955,173
956,173
958,173
958,174
958,183
957,184
955,184
954,184
952,183
end box16
16,170
16,168
17,167
19,166
21,165
23,165
24,165
26,166
28,167
29,169
30,171
30,174
30,176
29,178
27,180
25,181
23,181
20,181
18,180
17,179
16,177
15,173
end box17
20,171
23,170
25,170
26,171
27,172
27,174
27,175
27,177
27,178
25,179
24,180
22,181
21,180
19,180
18,179
18,177
end box18
299,170
300,170
303,170
304,170
305,171
305,180
303,181
300,181
298,180
end box19
598,144
599,143
601,143
602,144
603,145
603,152
602,153
600,153
599,153
598,152
end box20
151,143
152,143
155,143
156,143
157,144
157,151
157,153
155,154
153,154
152,154
150,153
end box21
50,138
51,136
51,134
53,132
55,132
58,131
60,131
63,131
65,134
65,147
64,150
61,152
58,152
55,151
53,150
51,148
50,145
50,143
end box22
1019,139
1020,138
1023,138
1024,139
1025,140
1025,149
1023,150
1021,151
1019,151
1018,150
end box23
607,143
608,142
609,142
610,142
611,143
612,144
612,151
611,152
609,153
608,152
607,152
end box24
356,45
359,34
367,35
375,38
382,41
387,45
387,54
387,60
387,64
388,69
387,73
386,78
387,88
382,94
376,98
366,100
358,101
357,87
end box25
end total26boxes
