454,194
457,187
462,181
469,179
476,179
491,181
497,181
503,183
509,188
515,194
518,203
517,211
510,216
499,217
492,217
486,216
481,216
476,215
470,214
462,213
456,209
454,202
end box0
735,210
741,202
748,193
755,187
764,185
773,185
782,185
791,185
802,185
812,189
821,199
822,209
821,221
820,234
815,242
800,243
790,243
781,244
773,245
764,246
751,247
738,245
733,235
733,222
end box1
331,201
340,187
356,180
373,179
385,179
394,180
402,179
410,181
419,181
432,185
448,191
463,203
467,220
461,233
441,239
422,239
410,239
402,241
358,237
341,231
334,219
end box2
505,187
505,181
510,176
516,175
522,175
535,176
540,176
545,178
549,183
553,187
555,194
554,201
549,206
543,208
536,207
531,207
516,206
511,204
507,199
506,193
end box3
512,180
514,175
516,172
520,172
536,172
539,174
543,176
546,179
547,184
547,189
543,192
538,193
534,193
514,188
513,184
end box4
572,177
572,175
574,173
575,172
577,172
584,172
586,172
588,174
589,176
589,179
589,182
588,184
586,185
583,185
576,185
574,185
572,183
572,181
572,179
end box5
683,194
684,191
686,187
689,185
692,185
705,185
708,187
711,190
713,193
713,198
713,202
711,206
706,208
702,207
691,208
687,207
683,206
682,201
682,197
end box6
end total7boxes
