258,223
273,207
287,195
304,191
318,191
330,192
341,190
352,191
366,192
383,196
401,206
416,223
419,244
414,262
394,268
366,269
353,270
341,269
330,268
319,268
305,268
277,270
260,261
255,244
end box0
130,206
141,195
152,189
163,186
173,185
189,184
196,185
206,185
216,189
230,195
241,206
243,221
238,233
223,238
205,238
196,239
188,241
181,241
174,238
165,237
148,238
134,232
130,221
end box1
588,206
592,199
602,190
607,180
616,179
627,179
636,179
646,180
658,181
662,188
673,199
676,206
676,220
676,233
674,248
665,250
597,251
592,248
589,232
589,220
end box2
598,191
602,185
610,180
615,177
621,178
644,177
650,179
658,185
664,191
664,200
662,209
655,215
646,215
612,216
604,215
598,208
598,200
end box3
700,190
701,187
702,184
705,182
707,182
710,182
713,182
716,182
719,182
722,184
724,187
725,190
725,193
725,197
724,201
720,202
716,203
713,203
710,202
707,202
704,201
701,200
700,197
700,193
end box4
613,176
616,173
619,170
642,170
646,172
650,176
651,181
650,186
645,189
617,189
613,186
612,181
end box5
529,189
530,189
531,188
532,188
533,188
534,189
535,190
536,191
536,192
536,193
536,194
536,196
535,198
534,198
532,199
531,198
530,197
529,196
end box6
624,157
629,157
630,158
631,159
631,164
630,165
629,166
624,165
624,164
end box7
529,178
530,177
531,177
532,178
533,178
534,179
535,180
535,185
534,186
533,187
531,188
530,187
529,186
end box8
671,191
672,190
673,189
674,189
675,189
676,190
677,191
677,192
678,197
677,198
676,199
674,200
673,199
672,198
671,197
end box9
759,138
760,138
763,137
764,138
765,139
764,148
763,149
761,149
760,149
758,148
end box10
end total11boxes
