601,203
602,197
605,189
610,184
617,183
624,183
631,182
638,183
646,184
652,187
655,196
656,202
657,211
656,219
655,228
648,231
638,230
631,229
624,229
616,231
606,232
601,228
600,219
601,210
end box0
774,130
776,130
777,130
778,130
779,131
780,132
780,133
780,135
780,137
779,138
778,139
776,139
775,139
774,138
end box1
724,131
725,131
727,131
728,131
729,132
730,133
730,136
730,138
729,139
728,140
726,140
725,140
724,140
end box2
693,158
694,157
695,157
696,157
697,158
698,159
699,160
699,165
698,166
697,167
695,168
694,167
693,166
692,165
end box3
600,172
601,173
602,174
602,179
601,180
600,181
597,181
596,180
595,179
end box4
724,143
725,143
727,143
728,143
729,144
729,145
730,146
730,148
730,150
729,151
728,152
726,152
725,152
724,151
723,150
end box5
791,123
792,122
794,122
796,123
796,124
797,130
796,131
795,132
793,132
792,132
790,132
end box6
end total7boxes
