231,237
244,224
257,209
267,197
282,195
298,195
311,194
327,195
346,194
363,201
379,217
383,235
380,256
377,277
367,292
346,294
325,290
310,290
299,289
285,290
261,295
237,295
228,279
227,259
end box0
448,191
451,188
454,185
458,183
461,184
472,183
475,185
479,187
483,190
484,195
483,200
480,204
474,204
459,203
455,203
450,203
447,200
446,195
end box1
541,177
541,176
543,174
544,173
546,172
551,172
554,172
556,173
557,175
559,177
559,180
559,183
558,186
555,186
552,186
547,186
545,187
542,186
540,185
540,182
540,180
end box2
576,175
576,174
577,173
577,173
582,172
583,173
584,174
585,175
585,176
585,178
585,180
583,180
581,180
580,181
579,180
578,180
576,179
576,179
576,177
576,176
end box3
668,176
668,174
670,172
671,171
673,170
680,170
682,171
684,173
685,175
685,178
685,180
684,183
681,184
679,184
672,184
670,183
668,182
668,180
668,178
end box4
559,173
560,173
561,172
563,172
564,172
565,173
566,174
566,175
566,176
566,177
566,179
565,180
563,180
562,180
561,180
560,180
559,179
558,178
end box5
685,176
685,174
687,173
688,171
689,171
694,170
696,171
698,172
699,173
700,175
700,178
700,180
699,183
697,183
695,184
690,184
688,184
686,183
685,182
685,179
685,177
end box6
543,176
543,175
544,174
544,173
545,173
548,172
549,173
550,174
551,175
552,176
552,177
552,179
552,181
550,181
549,182
547,182
546,182
544,181
543,181
543,180
543,178
543,177
end box7
654,176
654,174
656,173
657,172
659,171
664,171
667,171
669,172
670,174
671,176
671,179
671,182
670,184
668,185
665,186
658,185
656,185
654,183
653,181
653,179
end box8
495,176
496,175
497,175
499,175
500,175
501,176
502,177
502,178
502,179
502,181
502,182
501,183
500,183
498,184
497,183
496,183
495,182
494,181
end box9
512,174
512,174
516,173
517,174
518,175
518,176
518,177
518,178
518,180
517,181
515,181
514,181
513,181
512,181
511,180
510,179
end box10
593,172
594,172
594,172
595,172
596,172
597,172
597,172
598,173
598,174
599,175
598,176
598,178
597,178
596,179
595,179
594,178
593,178
592,177
592,177
end box11
676,171
677,171
681,171
682,172
683,173
684,174
684,175
684,177
684,179
682,179
681,180
679,180
678,179
677,179
675,179
675,177
end box12
489,179
490,177
491,175
492,174
494,173
499,173
501,174
503,174
504,176
506,178
506,181
506,183
505,186
502,187
500,187
498,187
495,187
493,187
491,186
490,185
489,183
489,181
end box13
689,172
689,172
690,171
691,171
693,171
694,171
695,172
696,173
696,174
696,175
696,176
696,178
695,179
694,179
692,180
691,179
690,179
689,178
688,177
end box14
609,171
609,171
610,171
611,170
612,170
613,171
613,171
614,172
615,173
615,174
615,175
615,177
613,177
612,178
611,178
610,178
609,177
608,177
608,176
end box15
650,178
651,175
654,172
657,171
660,171
667,171
671,170
674,172
677,174
679,177
680,182
680,186
677,190
673,191
668,190
659,190
655,189
652,189
650,185
649,182
end box16
528,174
528,173
529,173
530,173
531,173
532,173
533,174
533,175
534,176
534,177
534,178
534,180
533,181
532,181
530,182
529,181
528,181
527,180
526,179
end box17
506,176
506,175
508,173
509,172
511,172
518,172
520,173
522,174
523,176
524,179
524,182
523,184
519,185
517,184
510,185
508,185
506,184
505,181
505,179
end box18
440,196
440,194
441,192
442,191
444,190
446,190
449,190
451,191
453,192
454,193
455,195
455,198
455,200
454,202
452,204
450,204
448,204
445,204
443,204
441,203
440,201
440,199
440,197
end box19
476,180
476,178
477,177
478,175
480,175
482,174
483,174
485,174
487,175
488,176
489,178
490,179
491,182
491,184
490,186
488,188
486,188
484,188
482,188
480,187
478,186
477,185
476,183
476,181
end box20
455,191
456,189
458,187
460,186
471,186
473,186
476,188
478,191
479,194
479,198
477,201
473,201
462,200
458,201
456,200
454,197
454,194
end box21
650,159
651,159
652,160
652,161
652,162
652,163
652,165
651,166
650,166
648,166
647,166
646,166
645,165
end box22
642,176
643,175
644,174
645,174
646,174
647,175
648,176
649,177
649,178
649,179
649,180
649,182
648,183
647,184
645,184
644,184
643,183
642,182
641,181
end box23
708,161
709,162
710,163
710,164
710,167
710,168
709,169
708,170
705,169
704,169
703,168
end box24
561,162
562,162
563,162
564,163
564,163
565,164
565,165
565,166
565,167
564,168
563,168
562,168
561,168
560,167
end box25
549,160
550,161
550,161
551,162
551,163
551,164
551,165
550,166
549,166
548,166
547,166
546,166
end box26
218,62
218,60
218,58
220,56
224,55
226,55
227,55
230,56
232,56
233,59
234,61
233,64
233,66
233,69
231,70
228,71
226,72
223,72
221,71
219,70
218,68
217,65
217,63
end box27
532,163
533,164
534,164
534,165
534,166
534,167
534,168
533,169
532,169
531,170
530,169
529,169
end box28
629,173
629,173
630,172
632,172
633,172
634,173
634,174
635,175
635,176
635,177
635,179
634,180
632,180
631,180
630,180
629,180
628,179
627,178
end box29
659,160
660,161
660,161
661,162
661,163
661,164
661,165
660,166
659,166
658,166
657,166
656,166
end box30
639,179
640,177
641,176
641,174
643,173
645,173
647,172
648,172
650,173
652,175
653,176
654,178
654,181
654,183
653,185
651,187
649,188
647,188
644,188
642,188
640,186
639,184
639,182
639,180
end box31
691,96
692,95
695,95
696,95
697,96
698,97
698,98
698,99
698,100
698,102
697,103
696,104
694,104
693,104
692,103
691,102
end box32
705,171
706,171
707,170
709,170
710,171
711,171
712,173
713,175
713,178
711,179
710,180
708,180
707,180
705,179
704,179
end box33
76,124
81,121
125,121
132,124
131,133
128,137
79,137
76,133
end box34
363,144
364,142
381,142
382,144
381,150
380,152
364,151
363,149
end box35
596,160
597,160
597,160
598,161
599,161
599,161
599,162
599,163
599,164
599,165
599,165
598,166
597,166
596,166
595,165
end box36
867,243
868,238
868,231
867,218
870,202
878,190
892,196
902,206
905,220
904,232
904,238
906,243
906,248
906,254
906,262
907,274
903,288
893,296
878,300
867,298
866,275
866,262
866,254
867,248
end box37
849,192
849,184
853,176
856,166
861,149
873,122
884,121
896,140
904,159
909,170
912,181
916,190
913,200
907,207
903,216
901,228
896,247
886,258
868,264
858,250
857,225
856,213
851,206
850,199
end box38
614,144
614,144
616,144
617,145
617,149
617,150
616,150
615,150
614,150
613,149
end box39
549,146
550,145
551,146
552,145
553,146
553,146
554,147
554,148
554,151
554,153
552,153
551,153
550,153
549,152
end box40
433,176
434,176
435,175
436,176
436,176
437,177
437,177
438,181
437,182
436,183
435,183
434,183
433,182
end box41
end total42boxes
