4,230
23,209
44,197
68,194
86,194
100,195
113,196
127,194
142,197
163,201
187,212
204,232
213,259
206,278
176,288
148,292
131,294
114,288
100,286
86,287
66,290
36,290
7,278
0,258
end box0
266,228
275,206
293,185
313,175
336,175
358,179
375,179
397,175
418,177
438,187
463,205
468,228
473,258
470,286
456,308
430,315
399,306
339,298
307,309
280,307
266,285
264,258
end box1
559,190
561,186
564,183
567,181
586,181
589,183
593,186
596,190
596,195
596,201
593,206
588,206
565,206
561,205
559,200
558,195
end box2
402,175
402,168
406,162
412,160
435,161
441,161
447,163
451,169
454,175
455,183
456,190
451,196
444,198
436,198
413,197
406,195
403,189
403,182
end box3
552,193
554,188
559,183
564,181
589,181
594,183
598,188
602,193
603,200
603,207
598,213
592,215
561,215
556,213
552,207
552,200
end box4
733,212
733,210
734,205
736,200
740,199
742,202
743,208
743,211
743,213
743,215
743,216
742,218
743,220
742,222
743,230
740,234
736,233
734,226
734,220
734,218
end box5
578,164
583,163
584,164
585,165
585,166
585,167
585,169
585,170
584,171
583,172
581,172
580,172
579,171
578,170
end box6
628,159
630,157
643,157
643,160
643,178
641,181
629,180
628,177
end box7
544,158
545,157
547,157
548,158
549,159
549,166
548,167
546,168
545,167
544,166
end box8
544,177
545,176
546,176
548,176
549,177
550,178
551,185
550,187
548,188
546,189
545,188
543,187
end box9
447,174
448,174
449,174
450,173
451,174
452,175
453,176
453,177
453,178
453,179
453,181
452,182
451,183
449,183
448,183
447,182
446,181
end box10
544,158
545,157
547,157
548,158
549,159
549,166
548,167
546,168
545,167
544,166
end box11
end total12boxes
