751,260
775,224
810,197
847,186
881,184
908,187
932,191
959,193
987,198
1020,206
1053,231
1083,263
1096,309
1084,342
1044,361
996,363
959,357
884,357
846,364
799,362
757,343
749,307
end box0
663,197
667,192
673,186
678,184
684,184
689,183
694,184
699,184
705,184
711,186
716,191
721,197
724,206
722,214
717,219
707,219
700,218
694,217
689,217
683,219
675,220
666,220
661,213
662,205
end box1
-31,250
-3,200
45,172
96,167
139,169
172,176
200,179
231,177
262,182
300,193
351,218
392,257
410,317
399,359
341,383
290,397
242,387
92,384
39,382
-14,354
-31,311
end box2
280,233
289,208
306,193
333,190
357,190
374,190
387,193
403,194
419,197
437,205
457,219
475,237
486,265
481,287
459,300
431,309
409,308
390,303
373,300
358,298
338,298
309,298
288,283
282,261
end box3
537,190
538,188
541,185
544,182
547,182
560,182
563,184
566,187
568,190
569,195
569,200
567,204
562,205
546,204
541,205
538,203
536,199
536,195
end box4
647,190
648,187
651,184
653,182
656,181
659,181
665,181
669,181
673,182
675,185
676,189
675,194
675,197
673,201
669,202
665,203
662,203
659,203
655,204
651,203
648,201
646,197
647,194
end box5
635,189
636,186
638,183
640,181
643,180
646,180
652,180
656,180
659,182
661,185
662,189
662,193
662,197
660,200
656,202
652,202
649,202
646,202
642,203
638,202
635,200
634,196
634,192
end box6
374,181
375,179
375,176
377,174
379,172
382,170
385,170
388,171
391,173
393,175
394,178
395,181
396,184
397,188
398,194
396,197
372,197
371,193
372,187
373,184
end box7
913,75
915,72
952,71
954,75
953,87
914,86
end box8
677,171
680,171
681,171
682,172
683,173
683,174
683,176
683,178
682,179
681,179
678,179
677,179
676,178
end box9
384,122
386,120
402,121
403,137
401,139
385,138
384,136
end box10
386,102
400,102
402,103
402,119
401,121
386,120
end box11
730,143
731,142
732,141
733,141
735,141
736,142
737,143
737,150
737,152
735,153
734,154
732,153
730,152
729,151
end box12
423,146
423,144
425,142
426,141
439,142
441,144
442,146
442,149
442,152
441,154
438,156
425,155
424,154
423,151
end box13
611,176
611,176
612,175
613,175
614,175
615,176
615,176
616,177
616,178
616,179
616,180
616,181
615,182
614,183
613,183
612,183
611,182
610,181
end box14
625,174
626,173
627,173
628,173
629,174
630,174
630,175
630,176
630,177
630,178
630,179
629,180
628,181
627,181
626,181
625,180
624,179
end box15
645,162
646,163
647,164
647,167
646,168
645,169
end box16
631,161
632,161
633,162
633,163
633,165
633,167
632,168
630,168
629,168
628,168
627,168
end box17
644,175
645,175
645,176
646,177
645,179
645,181
645,181
643,182
642,182
641,182
640,181
639,180
end box18
1022,123
1024,122
1026,121
1028,121
1030,122
1031,124
1030,137
1028,139
1026,139
1023,139
1021,138
end box19
426,146
436,143
438,144
439,146
438,149
438,151
436,152
428,152
427,150
end box20
385,103
388,101
393,101
397,101
399,105
399,129
398,134
393,134
388,133
385,130
end box21
593,159
594,159
596,159
597,159
598,160
598,161
598,165
598,167
597,167
595,168
594,167
593,167
end box22
end total23boxes
