548,186
550,182
555,177
559,175
564,174
568,174
572,174
577,175
582,175
587,177
591,182
595,186
596,193
595,200
592,205
585,206
577,204
563,206
555,207
550,206
547,200
548,193
end box0
893,205
909,194
924,188
935,186
944,185
952,185
959,184
966,186
976,185
988,187
1004,193
1020,205
1023,221
1018,234
997,240
979,240
932,239
915,239
895,233
890,222
end box1
601,180
603,176
605,174
608,172
611,172
623,172
626,173
629,176
632,179
632,184
632,189
630,193
626,194
621,193
610,193
606,193
602,192
600,188
601,184
end box2
1037,201
1053,190
1070,186
1082,184
1121,184
1134,185
1153,189
1167,201
1170,218
1162,229
1140,235
1063,236
1040,230
1034,219
end box3
121,191
121,188
120,183
121,176
123,166
130,153
136,153
142,166
145,176
145,182
146,187
146,191
145,194
145,198
144,201
143,207
142,220
138,235
128,234
125,215
124,204
123,200
122,197
121,194
end box4
158,180
159,178
159,175
160,171
162,166
166,159
170,157
174,162
177,169
178,173
179,177
179,180
179,183
179,187
178,190
178,196
176,204
171,208
164,208
160,202
159,193
159,188
158,185
158,183
end box5
286,193
286,191
286,187
287,182
289,176
293,167
298,165
303,173
306,180
307,186
307,190
306,193
306,196
306,199
305,201
304,206
303,216
300,225
292,225
289,213
289,204
288,200
287,198
286,196
end box6
190,179
190,177
190,174
190,169
192,162
197,153
201,150
206,159
209,167
209,172
209,176
209,179
209,182
209,185
208,187
207,193
207,202
203,212
195,212
191,200
191,190
191,186
190,184
190,182
end box7
255,179
256,176
256,173
257,169
259,162
263,154
269,151
273,159
276,166
277,171
278,175
278,179
277,182
277,185
275,188
275,194
274,204
270,210
262,210
258,202
258,191
257,187
256,184
256,182
end box8
228,179
228,177
228,174
229,170
230,164
235,155
240,151
244,158
247,166
247,172
247,176
247,179
247,182
247,185
246,188
246,193
245,203
241,211
233,211
229,201
229,190
229,186
229,184
228,182
end box9
213,179
212,177
212,175
213,172
214,167
217,160
221,158
224,164
226,170
226,173
226,176
226,178
226,181
225,182
225,185
225,188
224,196
222,202
216,201
214,192
214,186
213,183
213,182
213,180
end box10
228,177
228,175
228,172
229,167
232,159
236,157
239,163
241,169
241,173
241,176
241,178
241,181
240,182
240,185
240,188
240,197
237,204
231,202
229,192
229,185
229,183
228,182
end box11
359,206
360,202
360,196
359,187
362,177
370,165
378,163
386,172
389,185
389,196
388,202
387,213
388,219
391,232
389,248
380,250
367,250
360,244
361,226
362,217
361,213
end box12
236,178
236,176
236,172
236,167
238,160
243,152
248,149
253,157
256,165
256,171
257,175
256,178
256,181
256,184
254,186
255,192
254,202
250,211
242,210
238,201
238,190
238,185
237,183
237,181
end box13
259,177
258,175
259,172
259,169
261,164
264,157
268,156
271,161
273,167
274,171
274,174
274,176
274,179
273,181
273,183
273,187
272,195
269,200
263,199
260,192
260,185
259,182
259,180
259,178
end box14
244,174
244,171
245,165
248,158
252,156
255,162
257,168
257,172
257,175
257,177
257,179
256,181
256,184
256,187
256,195
253,202
247,201
245,191
245,185
end box15
536,172
536,172
537,171
538,171
539,171
540,171
541,172
541,173
541,174
541,175
541,176
541,177
540,178
539,179
538,180
537,180
536,178
536,177
end box16
506,172
506,171
507,170
508,170
509,170
510,171
511,172
511,173
511,174
511,175
511,176
511,177
511,179
510,180
508,181
507,180
506,179
505,177
end box17
255,179
256,176
256,173
257,169
259,162
263,154
269,151
273,159
276,166
277,171
278,175
278,179
277,182
277,185
275,188
275,194
274,204
270,210
262,210
258,202
258,191
257,187
256,184
256,182
end box18
681,105
682,104
685,104
686,105
686,115
685,116
683,116
682,116
680,115
end box19
end total20boxes
