770,206
796,188
816,174
834,168
851,169
865,169
878,167
893,165
910,166
938,167
963,178
975,203
978,231
969,250
940,262
912,264
864,261
847,266
825,272
794,266
766,254
758,235
end box0
-1,219
0,203
5,188
20,182
38,184
52,187
63,186
75,188
88,189
101,195
110,207
117,221
119,238
120,256
113,267
92,270
77,271
64,271
52,270
40,269
24,269
6,266
2,252
0,236
end box1
867,228
898,192
930,171
970,168
1002,170
1025,177
1043,180
1065,177
1088,179
1119,185
1154,203
1187,232
1203,276
1195,305
1148,322
1105,330
1072,324
1046,314
967,323
917,327
873,306
862,274
end box2
81,203
86,189
95,179
111,177
124,178
134,179
143,178
152,179
162,180
174,184
185,193
195,204
199,220
198,235
186,243
167,245
154,246
144,244
134,243
125,242
114,241
97,241
87,232
82,219
end box3
559,206
562,196
572,186
580,178
591,177
603,176
612,176
624,177
635,179
642,186
652,197
656,206
656,220
655,235
652,249
640,251
623,247
612,247
603,247
591,248
573,253
563,250
559,235
559,221
end box4
468,181
470,178
473,175
476,174
479,174
486,174
489,174
493,175
496,177
499,181
500,185
500,190
496,193
491,193
487,193
478,193
475,192
470,192
468,189
468,185
end box5
488,118
489,115
511,114
513,116
514,140
512,142
489,141
end box6
690,115
692,112
715,112
718,115
720,141
718,144
691,142
689,139
end box7
463,112
463,109
464,106
466,103
469,102
472,101
475,101
478,102
482,103
483,106
485,109
486,112
485,115
485,118
485,123
483,125
479,127
475,127
472,127
468,127
465,125
464,122
463,118
463,115
end box8
363,154
364,153
367,153
368,154
370,155
370,156
371,163
369,165
367,166
366,166
363,166
362,165
361,164
end box9
362,147
363,146
364,146
365,146
367,147
367,147
368,154
367,156
366,157
364,157
363,157
361,156
end box10
492,162
492,160
493,158
494,157
496,156
498,155
500,154
502,155
504,156
506,157
506,159
507,161
507,164
507,166
506,169
505,171
502,172
500,172
497,172
495,171
493,169
492,167
492,165
492,163
end box11
656,148
657,147
663,147
664,147
665,148
665,150
665,151
665,153
665,155
664,156
662,156
657,156
656,155
656,154
end box12
659,157
663,157
664,158
665,159
665,160
665,162
665,164
664,165
663,165
660,166
659,165
658,164
end box13
497,158
498,157
499,157
500,157
501,158
503,158
504,159
504,161
504,162
504,164
504,166
503,167
501,168
499,168
498,168
496,167
495,166
495,164
end box14
514,158
515,158
517,158
518,158
519,159
520,160
521,161
520,162
520,164
520,165
519,166
518,167
516,167
515,167
514,166
513,165
end box15
554,191
555,190
557,188
559,188
561,187
563,187
565,187
567,188
569,189
570,191
571,193
571,196
571,199
570,201
568,203
566,204
563,204
560,204
558,203
556,202
554,200
554,198
554,196
end box16
545,157
549,157
550,158
551,159
551,160
551,162
551,164
550,165
549,166
547,166
546,166
545,165
544,164
end box17
785,161
786,160
787,160
788,160
789,161
790,162
790,169
789,170
787,171
786,171
785,170
end box18
end total19boxes
