665,207
669,200
676,190
683,183
693,183
702,183
711,183
720,183
730,184
736,190
745,199
750,207
749,220
749,232
746,244
734,245
719,241
710,240
702,242
692,243
679,245
669,243
667,231
666,220
end box0
471,212
472,206
479,200
484,196
491,196
510,196
518,196
524,198
530,205
533,212
533,221
532,231
529,238
519,239
510,236
490,238
480,240
472,238
470,230
471,221
end box1
538,196
539,193
541,190
543,187
546,186
556,186
560,187
562,189
565,192
568,195
567,200
568,205
566,209
563,211
557,210
546,210
542,210
539,208
537,203
537,199
end box2
604,191
605,189
606,188
608,186
609,186
616,186
618,187
619,188
620,190
620,193
620,195
620,198
617,198
608,198
606,198
604,197
604,195
604,192
end box3
648,193
649,190
651,187
654,184
657,183
671,182
675,184
678,188
677,192
655,208
650,208
648,205
647,201
647,197
end box4
577,188
578,187
579,187
584,187
585,187
586,188
586,190
586,191
586,193
586,195
585,196
583,196
581,196
580,196
578,196
577,195
576,194
end box5
588,188
589,186
590,185
596,184
597,185
598,186
599,188
599,189
599,191
599,193
597,194
595,194
592,194
590,194
589,194
588,192
end box6
646,204
647,200
649,196
653,192
656,189
661,188
666,187
671,188
679,188
683,191
682,199
677,223
671,223
666,224
661,226
654,227
647,227
645,222
644,215
645,209
end box7
555,195
554,193
555,191
557,189
559,189
564,189
566,189
568,191
569,193
570,194
570,197
570,199
570,202
568,204
565,204
560,203
558,203
556,202
555,201
555,198
554,196
end box8
574,189
574,187
576,185
577,184
579,183
586,183
589,184
590,186
591,188
592,191
592,194
591,197
588,197
585,197
578,197
576,197
574,196
573,193
573,191
end box9
781,255
813,212
855,181
900,170
939,169
971,170
1001,172
1033,169
1070,173
1119,180
1159,210
1195,254
1207,314
1192,356
1137,383
1082,388
1035,380
972,372
940,377
896,383
844,374
787,354
774,313
end box10
609,180
613,180
614,180
615,181
615,182
616,183
615,185
615,186
614,187
612,187
610,187
609,187
608,186
607,185
end box11
608,190
608,189
609,188
609,188
614,187
615,188
616,189
617,190
617,191
617,193
617,195
615,195
613,195
611,195
610,195
608,195
608,194
608,192
608,191
end box12
583,189
584,187
585,185
586,184
595,184
597,184
599,186
600,188
600,191
600,194
599,196
596,197
587,197
585,197
583,195
583,193
583,191
end box13
1088,141
1089,142
1090,143
1091,144
1090,147
1090,148
1089,149
1088,150
1085,150
1084,149
1083,148
end box14
930,24
931,19
967,19
970,23
969,42
968,47
936,48
931,46
end box15
1091,124
1092,125
1093,127
1093,130
1092,132
1091,133
1084,133
1083,132
1083,131
end box16
626,189
627,188
628,188
629,188
630,188
631,188
632,189
633,190
633,191
633,192
633,193
633,195
632,196
631,197
629,197
628,197
627,196
626,195
end box17
513,156
516,156
517,156
518,157
519,158
519,159
519,160
519,161
519,163
518,164
517,165
515,165
514,165
513,164
512,163
end box18
544,175
548,175
548,175
549,176
550,177
550,178
550,179
550,181
549,181
547,182
545,182
544,181
543,181
543,180
end box19
527,193
528,192
529,191
530,191
531,191
532,192
533,193
534,194
534,195
534,196
534,197
534,199
533,200
532,201
530,201
529,201
528,200
527,199
end box20
640,190
640,189
641,189
642,189
643,189
644,189
645,190
645,191
645,195
644,196
643,197
642,198
641,198
640,197
639,195
639,194
end box21
339,151
332,151
end box22
1067,4
1070,1
1093,3
1094,43
1090,44
1069,44
1066,41
end box23
786,215
786,212
787,209
787,204
790,198
794,191
800,189
805,194
807,202
809,207
810,211
810,215
810,218
809,222
808,225
807,231
805,239
801,244
793,243
789,236
788,228
787,224
786,221
786,218
end box24
791,227
790,225
791,223
791,220
792,215
795,209
799,208
803,211
804,217
805,221
804,224
804,226
804,229
804,231
804,233
804,238
803,245
799,248
794,247
792,240
791,234
791,232
791,230
791,228
end box25
1023,120
1024,120
1027,120
1028,120
1028,130
1027,131
1025,131
1024,131
1022,130
end box26
end total27boxes
