55,254
53,229
63,213
89,212
111,212
127,215
141,213
155,216
168,219
182,229
196,242
211,257
217,279
215,300
201,309
170,312
158,318
142,315
127,314
114,311
78,305
end box0
2,269
5,249
13,231
30,229
51,237
66,246
82,247
95,251
104,261
112,275
116,288
120,305
119,323
119,343
109,354
88,355
69,351
52,353
30,361
8,363
4,346
end box1
332,202
335,199
338,197
341,195
344,195
353,194
357,194
359,196
364,199
367,202
368,207
368,213
365,216
359,216
354,215
343,216
339,216
333,216
331,212
331,207
end box2
506,201
509,196
515,191
519,187
525,187
530,187
540,188
547,187
552,189
557,195
560,201
561,209
559,216
555,221
547,221
524,223
516,223
509,222
505,216
506,209
end box3
612,223
632,209
651,198
666,194
678,192
690,192
701,191
712,192
727,192
744,196
766,205
780,222
782,244
775,261
752,271
727,268
677,271
657,276
634,275
610,264
607,247
end box4
355,197
355,193
357,190
359,188
363,188
369,188
372,188
375,188
377,191
380,193
382,197
382,201
383,205
381,209
378,211
373,211
369,210
366,209
363,209
360,208
357,206
356,203
355,200
end box5
375,192
376,190
377,188
379,188
381,187
384,188
386,188
388,189
389,190
390,192
391,194
391,197
391,199
391,202
389,204
387,205
384,204
381,204
379,203
377,202
376,200
end box6
793,220
830,174
875,135
919,118
965,120
1002,124
1036,125
1074,122
1118,125
1173,132
1218,168
1248,219
1256,284
1242,334
1194,369
1133,372
963,363
904,379
845,367
792,336
781,286
end box7
491,192
492,190
493,189
494,188
495,187
497,186
503,186
505,187
506,189
506,191
505,193
505,196
504,198
502,199
498,199
496,200
494,200
492,200
491,198
491,195
491,193
end box8
505,195
506,192
508,190
510,187
513,186
516,186
522,186
527,185
530,187
532,190
532,194
530,198
528,205
525,207
512,209
507,209
505,206
505,202
505,198
end box9
440,187
441,186
443,184
445,183
453,183
455,183
457,185
459,187
459,190
459,193
457,195
454,195
445,195
443,196
441,195
440,192
440,190
end box10
442,188
443,187
444,186
445,185
451,185
452,185
454,186
455,188
455,190
454,191
454,194
452,194
445,194
443,194
442,193
442,191
442,189
end box11
409,189
410,188
412,186
413,185
422,185
424,186
426,187
428,189
428,192
428,195
426,197
423,197
414,197
412,197
410,197
409,194
409,192
end box12
461,180
465,180
466,180
466,181
467,182
467,183
466,185
465,185
464,185
462,185
461,185
460,184
460,184
end box13
424,189
425,188
425,187
426,186
427,186
431,186
432,187
433,187
434,189
434,190
434,192
434,194
432,194
431,195
429,195
428,194
426,194
425,194
424,193
425,191
424,190
end box14
412,190
413,189
413,188
414,187
419,187
421,187
422,188
423,190
423,191
423,193
422,195
420,195
419,195
414,196
413,195
412,194
412,192
412,191
end box15
361,196
362,194
363,192
365,192
367,191
370,191
372,192
374,193
375,194
376,196
377,198
378,201
378,203
377,206
375,208
373,209
370,209
367,208
365,207
363,206
end box16
707,180
717,174
771,174
783,180
788,190
781,196
723,198
707,196
703,190
end box17
446,180
451,180
451,181
452,182
452,183
452,184
452,186
451,187
449,187
447,187
446,187
445,186
end box18
483,179
484,179
485,180
486,181
486,182
486,183
486,185
484,185
483,185
482,185
481,185
480,185
479,184
end box19
312,191
313,189
314,187
315,186
317,186
324,186
326,186
328,188
329,190
329,193
329,196
328,198
325,199
323,199
317,198
314,198
312,197
312,195
311,193
end box20
496,179
500,179
501,179
502,180
502,181
503,182
502,184
502,185
501,186
499,186
497,186
496,186
495,185
494,184
end box21
457,188
458,187
459,186
459,186
464,185
465,186
466,186
467,188
467,189
467,191
467,193
465,193
464,193
461,193
459,193
458,193
457,192
457,190
457,189
end box22
493,191
493,190
494,189
494,189
495,188
499,188
500,188
501,190
502,191
502,192
501,194
501,195
500,196
498,196
497,197
496,197
495,196
493,196
493,194
493,193
493,192
end box23
479,189
479,188
480,187
480,187
485,186
486,187
487,188
488,189
488,190
488,192
488,193
486,194
484,194
482,194
481,194
479,193
479,192
479,191
479,190
end box24
502,203
502,200
504,197
506,194
509,191
513,190
516,190
521,190
526,190
529,193
530,198
529,202
527,215
525,218
520,218
516,219
512,220
507,221
503,219
501,215
501,210
501,206
end box25
507,194
507,192
508,191
510,189
511,188
513,188
516,188
519,188
521,188
522,191
522,193
512,203
510,203
508,202
507,200
506,198
507,195
end box26
491,183
491,182
493,180
494,179
496,179
504,178
506,179
508,181
509,183
509,186
508,189
507,191
504,192
495,192
492,192
490,191
490,188
490,186
end box27
420,189
421,187
422,186
424,185
425,184
432,184
434,185
436,186
437,188
437,191
437,193
436,196
433,196
430,196
425,196
422,196
420,195
420,193
420,191
end box28
547,158
548,157
549,157
552,157
553,157
554,158
555,159
555,161
555,162
555,164
555,166
554,167
552,168
550,168
549,168
547,167
546,166
546,164
end box29
315,173
319,173
320,174
321,175
321,176
321,177
321,178
321,180
320,181
319,181
317,182
316,182
315,181
end box30
535,172
536,172
536,173
537,174
537,178
536,179
534,179
532,179
531,178
530,178
end box31
250,175
251,174
252,174
254,174
255,174
256,175
257,176
257,177
257,179
257,181
256,182
255,183
253,183
252,183
251,182
250,181
end box32
542,172
545,172
546,172
547,173
547,174
548,175
548,177
548,179
547,180
546,180
544,181
543,180
542,180
541,179
end box33
561,159
562,158
563,158
564,158
565,159
566,160
567,161
568,162
567,163
567,165
567,166
566,167
565,168
563,168
562,168
560,168
560,166
end box34
197,106
198,100
235,101
238,105
239,144
239,150
196,149
196,142
end box35
567,148
568,149
569,150
570,151
570,152
570,154
569,155
568,156
567,157
565,157
564,157
562,156
562,155
end box36
545,158
545,156
546,155
548,154
550,153
552,153
553,153
556,154
558,155
558,157
559,159
558,162
558,164
558,166
557,169
554,169
552,170
549,170
547,169
545,167
545,165
544,163
545,161
end box37
362,158
363,158
365,158
367,158
367,160
367,167
366,168
364,169
363,168
361,168
end box38
687,157
690,156
691,156
692,157
693,163
692,164
691,164
689,165
688,164
687,164
end box39
594,156
598,156
599,156
600,157
601,158
601,165
600,166
598,167
596,167
595,167
593,166
592,165
end box40
128,160
129,161
130,163
129,166
129,168
127,170
120,170
119,169
end box41
136,160
137,159
140,159
141,160
142,161
143,162
143,169
142,170
140,171
139,172
137,172
135,171
134,169
end box42
285,157
289,157
290,158
291,159
291,160
291,161
291,162
291,164
290,165
289,166
287,166
286,165
285,165
284,164
end box43
end total44boxes
