562,173
562,172
564,170
565,169
567,169
574,169
576,169
578,171
579,173
579,176
579,179
578,181
576,182
566,182
564,182
562,181
561,178
561,176
end box0
496,175
497,174
499,172
500,171
509,171
511,172
513,173
515,175
516,178
516,181
514,184
511,184
501,184
498,184
496,183
495,180
495,178
end box1
468,180
468,178
470,177
472,175
482,175
484,176
486,178
488,180
489,183
489,187
488,190
484,190
473,190
469,190
467,189
467,186
466,183
end box2
631,170
632,169
632,169
633,168
634,168
635,168
636,168
637,169
637,170
638,171
638,172
638,173
638,175
636,175
635,176
634,176
633,176
632,175
631,175
630,174
end box3
518,172
519,171
519,171
520,170
521,170
522,170
523,171
524,171
524,172
525,173
525,174
525,175
525,177
524,178
522,178
521,178
520,178
519,178
518,177
517,176
end box4
502,175
503,174
503,173
504,172
509,172
511,172
512,173
513,175
513,176
513,178
513,180
511,180
509,180
504,181
503,180
502,179
502,177
502,176
end box5
613,164
614,162
615,161
621,162
623,162
623,164
624,165
623,167
623,169
621,169
615,169
614,169
613,168
613,166
end box6
487,172
488,171
489,171
490,171
491,171
492,171
493,172
494,173
494,174
494,175
494,177
494,178
493,179
492,180
490,180
489,180
488,179
487,178
486,177
end box7
565,174
565,173
565,172
566,171
567,171
571,171
573,171
573,173
574,174
574,175
574,177
574,179
572,179
571,179
568,179
566,179
565,179
564,178
565,176
565,175
end box8
610,164
610,163
612,161
614,160
622,160
624,161
626,162
627,164
628,167
628,170
626,172
623,172
614,173
612,173
610,172
609,169
609,167
end box9
534,174
535,172
536,171
537,170
538,169
540,169
541,168
543,169
545,169
547,170
548,172
549,173
549,176
549,178
548,181
546,181
544,182
541,181
539,182
537,182
535,181
534,180
534,177
534,175
end box10
551,172
552,171
552,171
553,170
554,170
555,170
556,171
557,171
557,172
558,173
558,174
558,175
558,177
557,177
555,178
554,178
553,178
552,177
551,177
550,176
end box11
633,161
637,161
638,161
638,162
639,163
639,164
639,165
639,167
638,167
636,168
635,168
634,168
633,167
632,167
632,166
end box12
536,173
536,173
537,172
537,171
538,171
539,171
540,171
541,171
542,172
542,173
543,174
543,175
543,176
543,178
542,178
540,179
539,179
538,179
537,179
536,178
536,177
536,176
536,175
end box13
483,175
483,173
484,172
486,170
487,170
492,169
494,170
496,171
497,172
498,174
498,177
498,179
497,181
495,182
493,183
490,183
489,183
487,182
485,182
483,180
483,178
483,176
end box14
583,170
583,170
584,169
585,169
586,169
587,169
588,170
588,171
589,172
589,173
589,174
589,176
588,177
586,177
585,178
584,177
583,177
582,176
582,175
end box15
601,160
606,160
607,161
607,162
608,163
607,165
607,166
606,167
604,167
602,167
601,167
600,166
599,165
end box16
472,178
473,176
474,175
480,174
481,175
482,176
483,178
484,180
483,181
483,184
481,184
479,184
474,184
472,184
471,183
472,181
end box17
583,170
583,170
584,169
585,169
586,169
587,169
588,170
588,171
589,172
589,173
589,174
589,176
588,177
586,177
585,178
584,177
583,177
582,176
582,175
end box18
310,108
310,106
311,103
313,100
315,99
318,99
321,99
324,99
327,100
330,102
331,105
332,108
332,111
332,115
331,119
329,121
325,122
314,121
311,120
309,118
309,114
309,111
end box19
541,158
542,158
542,159
542,160
542,161
542,162
541,163
540,163
538,163
537,163
537,162
end box20
523,162
524,163
525,163
525,164
525,165
525,166
525,167
524,168
523,168
522,168
521,168
520,168
520,167
end box21
587,122
588,122
591,121
592,122
592,132
591,133
588,133
586,132
end box22
634,124
635,123
636,123
637,123
638,123
638,124
638,131
638,131
636,132
635,131
634,131
end box23
end total24boxes
