870,216
912,189
944,174
976,173
997,173
1013,171
1028,170
1044,172
1062,175
1095,176
1130,188
1167,217
1179,255
1159,273
1105,281
1065,280
997,280
972,284
931,285
879,274
861,256
end box0
395,212
399,206
404,199
411,196
417,196
436,196
444,195
449,198
455,206
459,212
461,222
460,231
455,238
446,240
437,239
430,238
423,239
415,241
405,242
396,240
393,231
395,221
end box1
307,194
307,192
309,190
310,189
313,189
321,189
323,190
325,192
326,194
327,197
327,200
326,203
322,204
319,203
312,203
309,203
307,202
307,199
306,197
end box2
797,207
814,192
830,183
847,181
859,182
868,182
877,182
886,183
898,182
916,183
934,190
948,207
948,226
944,241
920,248
898,247
886,247
877,250
868,251
859,247
845,248
821,250
799,242
795,227
end box3
279,195
279,193
281,191
282,190
285,190
293,190
295,190
298,192
299,195
299,198
299,202
298,204
295,205
284,205
281,205
279,203
278,201
278,198
end box4
332,191
333,190
334,190
335,190
336,190
337,190
338,191
339,192
339,193
339,194
339,195
339,197
338,198
337,198
335,199
334,198
333,198
332,197
331,196
end box5
346,191
347,190
347,190
348,189
348,189
352,189
352,189
353,190
354,191
354,192
354,193
354,195
352,195
351,195
350,196
349,195
348,195
347,195
346,194
347,193
346,192
end box6
363,192
364,191
364,190
365,190
369,190
370,190
371,191
371,192
371,193
371,195
371,196
370,197
368,197
367,197
366,197
365,197
364,196
363,195
363,194
363,193
end box7
505,208
508,203
514,198
519,196
525,196
538,196
545,195
550,197
556,202
559,208
561,216
559,223
553,228
546,229
539,228
534,228
529,228
523,230
516,230
509,229
504,223
504,216
end box8
328,194
328,192
329,190
330,189
332,189
337,189
339,189
341,190
342,191
343,193
344,196
344,198
343,201
340,202
338,202
335,201
334,201
331,202
329,201
328,200
327,198
327,195
end box9
314,191
315,190
316,190
320,190
322,190
323,191
323,193
324,194
324,196
324,198
322,199
320,199
315,199
314,198
313,197
end box10
358,191
359,189
360,188
362,186
363,186
370,186
372,187
374,188
375,190
375,193
375,196
374,198
371,198
368,198
362,198
360,198
358,197
358,195
358,193
end box11
297,191
298,190
302,190
303,191
304,192
304,193
304,194
304,195
304,197
303,198
301,198
300,198
299,198
298,198
297,197
end box12
234,194
236,191
238,188
241,187
244,187
254,187
257,188
260,191
262,194
263,198
263,202
261,205
256,206
252,206
243,206
240,205
236,204
234,201
234,197
end box13
294,196
294,194
295,192
296,191
298,191
305,191
307,192
308,193
309,195
309,198
309,200
308,203
306,203
304,204
298,203
296,203
294,201
293,199
293,197
end box14
343,191
344,189
345,188
347,187
348,187
355,187
357,187
358,188
360,190
360,193
360,196
359,198
356,198
353,198
348,198
345,198
343,197
343,195
343,193
end box15
242,194
242,192
243,191
245,189
247,189
254,189
256,190
258,192
259,194
260,197
260,200
259,203
256,203
253,203
246,203
243,203
242,202
241,199
241,197
end box16
517,174
518,175
519,176
519,177
519,178
519,179
519,181
518,182
517,182
515,183
514,182
513,182
512,181
end box17
2,300
1,284
4,266
8,243
26,238
47,233
67,231
86,240
105,245
107,268
107,287
109,302
112,317
117,337
119,359
107,374
88,386
68,388
44,392
22,391
3,378
-4,361
0,335
2,317
end box18
303,129
304,128
305,128
306,128
307,129
308,137
307,138
305,138
304,138
303,137
end box19
376,175
380,166
383,153
388,144
401,145
434,145
447,145
454,152
458,165
460,175
458,187
457,199
454,211
446,218
435,218
423,216
412,216
399,220
386,222
381,212
378,199
377,187
end box20
376,175
380,166
383,153
388,144
401,145
434,145
447,145
454,152
458,165
460,175
458,187
457,199
454,211
446,218
435,218
423,216
412,216
399,220
386,222
381,212
378,199
377,187
end box21
end total22boxes
