405,206
409,196
415,185
424,180
436,181
446,182
455,182
463,183
473,184
483,188
492,196
497,206
497,220
497,233
492,243
479,247
465,246
456,246
446,244
438,243
424,244
412,243
409,231
407,219
end box0
958,279
991,251
1019,231
1045,222
1070,220
1090,218
1110,217
1132,217
1158,220
1197,222
1226,241
1247,276
1252,315
1240,343
1202,361
1160,362
1132,361
1110,358
1090,359
1067,362
1039,365
997,359
955,346
945,318
end box1
901,235
910,216
926,196
942,183
962,182
982,182
1000,181
1022,178
1047,180
1072,186
1087,208
1083,233
1082,260
1076,285
1069,309
1046,311
959,314
927,323
902,319
897,291
896,263
end box2
753,178
779,167
798,162
809,160
818,160
825,161
830,160
837,161
846,160
859,161
882,164
905,177
915,197
903,209
873,213
851,210
803,212
784,211
751,209
744,199
end box3
478,211
479,205
481,199
484,196
491,196
496,195
501,195
506,196
512,197
516,200
518,206
521,211
522,217
522,224
521,231
515,234
508,234
501,232
496,232
490,232
484,231
480,228
478,222
478,216
end box4
1064,178
1078,169
1089,164
1099,163
1107,163
1124,164
1131,163
1142,164
1157,167
1169,178
1172,192
1166,201
1149,207
1134,206
1106,205
1095,207
1082,207
1063,202
1059,193
end box5
937,177
941,173
944,171
947,170
960,170
964,171
969,173
972,176
972,181
971,185
966,188
945,189
940,189
936,186
936,181
end box6
509,113
510,112
511,111
512,110
513,111
514,112
515,113
515,114
516,115
516,116
516,117
516,119
515,121
514,122
512,122
511,122
509,121
509,119
end box7
506,114
506,113
507,112
508,111
508,109
510,108
511,107
513,108
514,109
515,111
516,112
516,114
516,115
517,117
517,119
516,121
514,123
512,123
509,123
507,122
506,120
506,118
506,116
506,115
end box8
1132,58
1132,51
1136,47
1141,44
1147,42
1152,41
1157,41
1162,42
1168,44
1173,47
1177,51
1179,57
1178,63
1176,70
1173,74
1168,78
1163,80
1157,81
1152,81
1146,80
1141,77
1137,74
1134,69
1134,63
end box9
381,74
382,73
383,73
385,73
386,73
387,74
387,75
387,81
386,83
385,84
383,84
382,84
380,83
380,81
end box10
380,94
381,93
382,93
383,93
384,94
385,95
386,96
386,97
386,99
386,101
385,102
384,103
382,103
381,103
380,102
379,101
end box11
999,141
1000,141
1002,141
1003,141
1004,142
1004,149
1003,150
1001,150
1000,150
999,149
end box12
370,92
371,93
372,94
373,95
372,96
372,98
372,99
371,100
370,101
368,101
367,101
366,100
365,99
364,98
end box13
664,109
668,109
669,110
670,111
670,116
669,117
668,118
666,118
665,118
664,117
663,116
end box14
363,104
364,104
365,104
367,103
368,104
368,105
369,112
368,113
367,115
365,115
364,115
362,114
end box15
end total16boxes
