591,188
593,185
596,182
597,179
601,178
612,178
617,178
618,181
622,185
623,188
623,193
623,198
622,203
618,204
600,204
595,204
592,202
591,197
591,193
end box0
86,260
128,224
169,207
210,204
237,203
258,203
278,204
299,204
323,208
362,211
404,227
446,261
459,309
440,336
378,349
331,351
235,349
201,355
151,356
94,337
78,309
end box1
594,180
595,177
599,174
602,172
605,173
618,172
621,174
625,177
627,180
627,185
627,190
624,194
620,195
600,194
596,193
594,189
594,185
end box2
606,144
609,143
610,144
611,144
611,145
612,146
612,147
611,148
611,149
611,150
609,151
608,151
607,151
606,150
605,149
end box3
546,142
552,142
553,142
554,143
554,145
554,146
554,148
554,150
553,151
551,151
549,151
548,151
546,151
545,150
end box4
625,174
626,173
630,173
631,174
632,175
632,176
632,177
632,178
632,180
631,181
630,181
627,181
626,181
625,180
end box5
581,175
582,174
583,174
584,174
585,174
586,175
586,176
586,181
586,182
585,182
583,183
582,182
581,181
end box6
629,163
630,163
631,164
631,165
631,166
631,167
631,168
630,169
629,170
628,170
627,170
626,169
626,168
end box7
589,176
589,176
590,175
591,175
592,175
593,176
593,176
594,177
594,178
594,179
594,180
594,181
593,182
592,183
591,184
590,183
589,182
589,181
end box8
411,185
412,184
414,184
415,185
416,186
417,192
416,193
415,193
412,194
411,193
end box9
630,141
632,141
633,142
633,142
634,143
634,144
634,145
634,146
633,147
632,147
631,147
630,147
629,147
end box10
669,126
672,121
695,121
699,125
702,174
697,175
671,173
669,168
end box11
643,164
643,163
644,163
644,163
645,163
646,164
646,164
646,165
646,166
646,167
646,168
646,168
645,169
644,169
643,169
642,168
end box12
600,161
600,161
601,162
601,163
602,164
601,165
601,166
600,167
599,168
598,168
597,167
596,167
end box13
609,157
610,156
611,156
612,156
613,157
613,157
614,158
614,162
613,163
613,164
611,165
610,164
609,163
end box14
end total15boxes
