8,190
12,183
19,177
26,176
33,176
43,176
48,177
53,177
61,179
69,183
75,190
79,200
77,208
67,212
56,212
49,212
32,212
25,212
15,211
7,207
7,199
end box0
573,190
573,185
578,178
582,173
588,173
595,173
600,173
606,174
613,174
616,179
620,186
623,190
623,197
623,205
622,213
616,215
606,212
600,211
595,212
588,214
579,215
575,212
574,204
574,197
end box1
73,177
75,173
77,170
81,169
84,169
93,169
96,169
99,170
103,173
106,176
107,181
107,186
104,190
98,190
94,190
90,190
84,189
80,189
75,188
73,185
72,181
end box2
352,175
354,172
356,169
359,167
362,167
371,167
374,167
377,168
380,171
383,175
384,179
383,184
381,187
376,188
371,188
368,187
362,187
358,187
354,186
352,183
352,179
end box3
609,175
610,173
611,171
613,171
615,170
617,170
618,170
621,171
622,173
623,174
624,176
624,179
624,181
624,184
622,186
619,187
617,186
612,185
611,184
end box4
107,179
108,175
110,172
113,170
116,170
119,170
122,170
125,170
128,171
131,172
134,175
136,179
137,183
137,187
135,192
131,193
126,193
122,192
119,193
115,193
111,192
108,190
107,186
106,183
end box5
574,175
574,173
575,172
576,170
577,170
579,169
580,169
582,169
584,169
586,171
587,172
587,174
587,177
587,179
586,181
585,182
583,183
580,183
578,183
576,183
575,182
573,180
573,178
573,176
end box6
361,175
361,173
362,171
363,170
365,169
367,169
370,169
372,169
374,170
376,171
377,173
378,175
379,178
379,181
378,184
375,185
373,186
370,185
367,185
365,185
362,184
361,182
361,180
360,178
end box7
343,177
343,175
345,173
346,171
348,171
350,170
353,170
356,171
358,172
359,174
360,176
360,179
360,182
359,184
357,185
354,186
352,186
349,186
347,186
345,185
343,183
343,181
342,179
end box8
322,177
324,174
326,171
329,170
332,170
342,170
345,171
348,174
351,177
352,181
352,185
349,189
344,189
340,189
331,189
327,189
323,188
321,185
321,181
end box9
582,176
583,173
586,170
589,168
593,168
606,168
609,170
613,173
615,176
615,181
615,186
612,190
608,190
588,189
584,189
582,185
582,181
end box10
338,176
340,173
343,170
346,169
349,169
356,169
360,169
363,170
366,172
369,176
371,180
370,185
367,188
361,189
357,188
354,188
351,188
348,188
344,188
340,187
337,184
337,180
end box11
329,177
329,176
331,174
332,173
334,172
341,172
343,173
345,175
346,177
347,180
347,183
346,186
343,186
340,186
333,186
330,186
329,185
328,182
328,180
end box12
375,175
375,173
376,171
377,170
379,169
381,168
383,167
385,168
386,169
388,171
389,173
389,174
390,177
390,179
389,181
387,183
385,184
383,185
380,184
378,183
377,182
375,180
375,178
375,176
end box13
577,161
577,161
578,160
579,160
580,160
581,161
582,161
582,162
582,163
582,164
582,165
582,167
582,168
581,168
579,169
578,168
577,168
576,166
end box14
432,147
433,146
434,146
435,146
436,146
437,147
437,148
438,149
438,150
438,151
438,153
437,154
436,154
434,155
433,154
432,154
end box15
642,159
643,159
644,160
644,161
644,162
644,163
644,164
643,165
642,165
641,165
640,165
639,165
639,164
end box16
503,142
504,143
504,144
505,149
504,150
503,150
500,150
499,150
498,149
end box17
430,158
431,157
432,157
433,157
434,158
434,158
435,159
435,160
435,162
435,163
434,164
433,165
432,165
431,165
430,164
end box18
464,126
467,126
469,126
470,127
470,128
471,134
470,136
468,137
466,137
465,137
463,136
462,135
end box19
640,184
641,184
642,184
643,183
644,184
645,185
645,192
644,193
642,193
641,193
640,192
end box20
end total21boxes
