666,202
668,198
672,193
676,189
681,189
686,189
691,189
695,190
701,190
705,192
709,198
712,202
712,209
712,216
709,221
704,223
696,222
680,223
672,225
667,222
665,216
666,209
end box0
-26,241
2,200
37,178
84,177
118,178
143,181
164,184
187,183
213,186
252,191
288,211
323,245
339,294
326,324
272,340
226,348
193,346
167,341
143,338
84,342
32,345
-15,323
-28,290
end box1
757,250
769,228
786,212
809,206
830,206
847,211
861,213
877,211
893,214
911,221
929,235
943,253
951,278
946,299
926,313
903,322
883,322
863,317
846,318
827,322
803,325
776,320
758,302
755,278
end box2
656,194
657,189
661,184
666,182
671,181
676,182
681,182
685,182
691,182
696,184
699,189
702,195
702,201
701,207
698,212
692,214
685,213
681,213
676,214
671,215
664,215
659,212
656,207
656,201
end box3
551,191
553,188
555,185
557,184
561,183
572,183
575,185
578,187
580,191
580,195
580,199
577,202
573,204
569,203
560,203
556,202
553,201
551,198
551,194
end box4
651,193
652,190
654,187
656,184
659,183
662,183
665,183
668,183
673,183
676,185
678,189
678,192
677,196
677,200
675,204
672,206
669,207
665,207
662,207
658,207
654,206
652,204
651,200
651,196
end box5
649,179
651,175
653,172
656,170
660,169
674,169
678,170
681,174
682,178
682,183
681,188
678,191
674,192
670,193
663,193
659,193
655,193
651,191
649,187
649,183
end box6
166,147
167,145
167,143
168,142
170,140
171,139
174,139
176,139
178,141
179,142
180,144
181,146
181,149
181,151
180,154
179,156
177,157
174,158
171,157
169,156
167,154
166,152
166,150
166,148
end box7
615,174
619,173
620,174
620,175
621,180
620,181
618,181
616,181
615,181
614,180
end box8
574,190
575,189
576,188
577,188
578,188
579,189
580,190
581,191
581,192
581,193
581,194
581,196
580,197
579,198
577,198
576,198
575,197
574,196
573,195
end box9
741,159
742,159
743,158
745,158
746,159
747,159
748,161
749,162
749,163
749,165
749,166
747,168
746,168
744,168
743,168
741,168
740,167
end box10
end total11boxes
