798,217
802,207
811,197
819,191
830,190
841,189
850,189
861,190
872,191
881,196
891,206
895,217
895,231
896,246
891,256
874,257
860,255
850,254
841,256
830,258
816,258
801,256
798,245
797,231
end box0
267,249
287,225
312,209
338,205
359,207
376,208
389,209
406,206
425,207
448,212
472,227
490,250
501,280
494,302
465,319
434,320
332,317
297,321
270,302
261,280
end box1
622,194
625,189
630,185
634,184
639,184
643,184
646,184
650,184
655,184
659,185
664,189
668,194
670,200
670,207
664,211
657,212
651,211
638,211
632,212
626,211
621,206
621,200
end box2
750,195
751,190
756,185
761,182
766,180
771,181
776,181
781,181
789,180
795,182
798,188
798,195
797,201
771,217
763,220
754,221
750,217
748,210
749,202
end box3
707,190
710,186
713,184
717,183
731,183
734,184
739,186
742,189
743,194
742,199
738,202
732,202
715,202
710,202
706,198
706,194
end box4
772,205
773,200
776,195
780,191
785,188
791,187
796,187
802,188
810,188
815,191
816,199
790,231
782,233
772,234
771,228
771,218
772,211
end box5
573,196
574,189
577,185
583,183
589,183
593,183
598,183
602,183
607,183
612,186
615,191
619,196
621,203
621,209
617,214
610,216
604,217
598,216
593,215
589,215
583,214
578,212
575,207
574,202
end box6
368,195
371,191
374,190
393,189
398,191
401,195
402,199
400,203
371,205
368,203
367,199
end box7
492,191
492,189
493,188
494,186
496,186
498,185
499,185
501,185
503,186
505,187
506,189
507,190
507,193
507,195
506,197
504,199
502,199
500,199
497,199
495,199
493,198
492,196
492,194
492,192
end box8
580,193
581,188
583,185
586,183
591,183
594,183
597,183
600,183
604,184
607,186
610,189
612,192
614,197
613,202
611,207
607,208
601,208
597,207
583,204
581,200
581,197
end box9
120,221
127,214
136,213
168,213
178,215
187,221
192,230
186,236
120,236
116,230
end box10
517,205
523,200
530,194
536,192
541,191
547,192
552,191
557,192
564,191
571,193
579,199
585,205
586,215
585,224
576,229
566,230
540,229
532,231
523,229
515,223
516,214
end box11
348,189
352,189
353,189
354,190
354,199
352,200
349,200
347,199
end box12
281,191
284,191
285,191
286,192
287,198
286,199
285,200
282,200
281,199
end box13
627,157
628,157
630,157
631,157
632,158
632,159
633,160
633,161
633,162
632,164
632,165
631,165
629,166
628,165
627,165
626,164
end box14
810,159
811,160
812,161
812,162
812,163
812,165
812,166
811,167
810,167
807,167
806,167
805,166
end box15
end total16boxes
