648,204
652,196
660,187
666,179
676,178
686,178
695,177
705,178
715,179
722,186
733,195
735,203
734,217
733,229
730,241
719,243
704,239
694,238
686,239
676,240
661,244
651,243
649,229
649,217
end box0
-9,264
20,238
43,220
74,217
97,217
115,216
131,213
149,213
168,218
198,223
229,238
254,265
264,300
252,322
208,330
166,330
149,335
131,332
116,329
101,324
80,326
38,330
0,320
-13,298
end box1
882,198
891,182
907,170
925,167
940,165
953,166
964,165
977,167
991,168
1005,173
1022,184
1034,200
1037,220
1034,240
1019,247
990,246
975,245
964,245
952,248
939,251
925,249
897,250
883,240
880,220
end box2
870,192
871,187
875,182
879,177
884,175
890,175
895,176
901,177
908,176
913,179
915,186
915,192
915,199
913,204
911,210
907,213
895,214
889,216
882,218
872,219
869,214
869,206
870,199
end box3
723,192
724,189
726,185
729,182
733,182
737,182
740,182
744,182
748,183
751,185
754,189
755,192
756,197
756,202
755,208
751,209
745,209
733,208
728,208
725,205
724,201
723,197
end box4
844,189
845,185
847,182
850,179
853,178
857,178
860,177
864,177
869,177
872,180
875,184
875,188
875,193
875,197
873,202
869,204
864,204
856,205
852,206
847,205
844,202
843,197
843,193
end box5
818,179
818,177
819,176
820,174
821,174
823,173
824,172
826,173
828,173
830,174
831,176
831,178
831,181
831,183
831,185
829,186
827,187
825,188
822,188
820,188
818,186
817,184
817,182
817,180
end box6
289,104
298,99
376,98
384,104
384,120
378,125
293,125
290,119
end box7
305,89
314,86
367,86
380,88
379,101
372,104
310,104
304,101
end box8
570,111
571,107
587,106
589,109
590,141
588,146
571,142
end box9
777,146
781,146
782,147
783,148
784,149
783,152
783,153
782,154
781,155
779,155
778,155
777,154
776,153
end box10
741,156
742,156
744,156
745,156
746,157
746,158
747,163
746,164
745,164
743,165
742,164
741,164
end box11
871,140
872,140
873,140
875,140
876,140
876,141
876,150
875,151
873,151
872,151
870,150
end box12
824,160
828,160
828,160
829,161
829,162
829,164
829,165
828,166
827,167
826,167
825,167
824,166
823,165
end box13
870,126
871,125
872,124
873,125
875,126
875,126
876,133
875,134
874,135
872,136
871,136
869,134
869,133
end box14
836,176
837,175
838,175
839,175
840,176
841,177
842,178
842,183
841,184
840,185
838,186
837,185
836,184
835,183
end box15
1050,89
1051,87
1061,87
1062,90
1062,102
1061,104
1050,105
1049,103
end box16
870,112
872,110
873,110
876,110
877,112
878,113
877,124
876,126
874,127
871,126
870,125
end box17
834,143
835,142
837,142
838,143
839,144
840,150
839,151
838,152
836,152
835,152
834,151
end box18
757,161
761,161
761,161
762,162
762,163
762,165
762,166
762,167
760,168
759,168
758,168
757,167
end box19
775,156
776,156
778,156
779,156
780,157
780,163
780,164
779,165
777,165
776,165
775,164
end box20
871,140
872,140
873,140
875,140
876,140
876,141
876,150
875,151
873,151
872,151
870,150
end box21
end total22boxes
