592,181
593,177
597,172
601,170
606,170
610,169
613,170
617,170
622,170
626,172
630,177
632,180
633,187
632,192
630,198
626,200
618,198
609,197
604,199
597,200
594,198
592,192
593,186
end box0
699,174
699,173
701,171
702,169
704,169
710,168
712,169
714,170
715,172
716,174
717,177
716,180
716,183
713,184
710,184
708,184
705,184
703,184
700,183
699,182
698,179
698,177
end box1
621,176
621,174
622,172
623,171
625,171
632,171
634,172
635,173
636,175
636,178
636,180
635,183
633,184
631,183
625,183
623,183
621,181
621,179
620,177
end box2
424,170
425,164
429,159
435,157
441,157
455,158
462,157
467,159
470,165
474,170
475,177
474,184
470,189
463,191
456,190
451,189
446,190
441,190
435,191
428,189
424,184
424,177
end box3
707,97
707,96
708,95
709,94
710,95
711,96
712,97
712,98
712,99
712,100
712,101
712,102
712,104
711,105
709,106
708,105
707,104
707,102
end box4
642,160
643,160
644,159
645,159
646,160
646,160
647,161
647,162
647,163
647,164
647,165
646,166
645,167
644,167
643,167
642,166
642,165
end box5
659,159
659,159
660,159
661,159
661,159
662,159
663,160
663,161
663,162
663,163
663,164
662,165
661,166
660,166
659,166
658,165
end box6
548,138
554,138
555,138
556,139
556,141
556,144
556,146
555,147
553,147
550,147
548,147
547,146
end box7
595,160
595,160
599,160
600,160
600,161
601,162
601,163
601,164
601,166
600,166
598,167
597,167
596,167
595,166
594,165
end box8
553,133
554,134
555,135
556,136
556,137
556,139
555,140
555,142
553,142
550,142
549,141
548,140
end box9
589,173
589,172
590,172
591,172
592,172
593,172
594,173
594,174
595,179
594,179
592,180
591,181
590,180
589,180
588,179
end box10
end total11boxes
