570,194
570,189
574,183
578,179
584,178
601,179
608,179
612,182
615,189
616,194
616,201
616,208
615,216
610,218
601,216
583,217
574,219
571,215
570,207
571,200
end box0
555,179
556,177
557,175
558,174
560,174
567,174
569,174
571,176
572,178
572,181
572,184
571,186
568,186
559,187
557,187
555,185
554,183
554,181
end box1
558,178
559,177
559,176
560,175
565,175
567,175
568,176
568,178
568,179
568,181
568,183
566,183
560,183
559,183
558,182
558,180
558,179
end box2
542,179
543,178
543,177
544,176
549,176
551,176
551,177
552,179
552,180
552,182
552,184
550,184
549,184
546,184
544,185
543,184
542,183
542,181
542,180
end box3
540,180
541,179
543,177
544,176
553,176
556,176
558,178
559,180
559,183
559,186
558,189
555,189
545,189
542,189
540,188
539,185
539,183
end box4
606,179
606,177
607,175
608,174
610,173
612,172
614,172
615,172
617,173
619,174
620,176
621,178
621,181
621,183
620,186
619,187
616,188
614,188
611,188
609,187
608,186
606,184
606,180
end box5
582,116
583,115
584,115
585,115
586,116
587,117
587,122
587,124
586,125
584,126
583,125
582,124
end box6
674,174
675,173
676,173
677,173
678,174
679,175
680,181
679,182
678,183
676,184
675,184
674,182
end box7
610,174
611,174
612,173
613,173
614,173
615,174
617,174
617,176
618,177
618,178
617,180
618,181
616,182
615,183
613,184
612,183
610,182
610,181
end box8
end total9boxes
