779,271
799,231
832,199
868,183
904,173
938,170
972,170
1006,173
1044,184
1086,195
1121,226
1130,269
1130,318
1117,360
1084,380
1031,382
997,386
969,386
941,389
911,390
873,388
819,384
784,364
777,321
end box0
481,200
481,194
489,189
494,185
501,185
518,185
526,185
530,188
536,195
539,200
540,209
539,217
535,224
528,226
500,224
491,226
484,225
482,217
482,208
end box1
711,222
718,205
731,188
745,176
763,174
780,175
796,174
812,176
834,176
855,182
864,200
866,222
864,242
860,263
849,276
824,278
809,281
795,285
780,287
762,290
742,288
715,284
708,268
710,245
end box2
653,194
654,189
658,184
663,181
668,181
673,181
678,181
683,181
689,181
694,183
697,189
699,194
699,201
698,207
695,213
690,215
683,213
673,214
667,216
658,218
654,215
652,208
652,201
end box3
589,179
590,177
591,176
592,174
594,174
603,173
605,174
607,177
608,179
608,182
608,185
607,188
604,189
593,189
591,189
589,187
589,184
589,182
end box4
638,191
638,189
639,187
640,186
642,185
643,184
646,184
648,184
651,184
653,185
653,188
653,190
653,193
652,195
652,198
650,199
648,199
646,200
643,201
640,201
638,200
637,197
637,195
637,192
end box5
620,181
621,179
622,177
623,176
625,175
627,175
633,175
635,176
636,178
637,180
636,183
636,185
636,188
633,189
631,189
629,189
626,190
624,190
622,189
620,187
620,185
620,182
end box6
650,192
650,189
652,186
654,183
657,182
660,182
663,182
666,182
671,182
674,184
676,188
675,192
674,195
672,202
670,204
666,204
663,206
660,206
655,207
651,206
650,203
649,199
649,195
end box7
624,177
625,176
628,175
629,176
630,177
631,178
632,179
631,180
631,182
631,183
630,184
629,185
627,185
626,185
624,184
624,183
623,182
end box8
660,191
661,188
664,185
667,182
670,182
674,182
677,182
681,182
685,181
688,183
692,187
693,191
693,196
692,201
691,205
686,207
669,207
664,207
661,205
659,200
659,196
end box9
611,174
612,174
613,173
615,173
616,174
617,175
618,176
618,177
619,178
618,180
618,181
617,182
616,183
614,183
613,183
612,182
611,181
end box10
603,180
603,177
604,176
606,175
608,174
613,174
616,174
618,175
619,177
620,179
620,182
620,185
619,187
617,188
614,189
612,189
609,189
607,188
605,187
603,186
603,184
603,182
end box11
514,173
514,173
515,172
516,172
517,172
518,173
518,173
519,174
519,175
519,176
519,177
519,178
518,179
517,180
516,180
515,180
514,179
514,178
end box12
678,160
679,161
680,162
680,163
680,165
680,167
679,168
678,168
676,169
675,168
674,168
673,167
end box13
576,172
576,171
577,171
578,171
579,171
580,171
581,172
581,173
582,178
581,179
579,179
578,180
577,179
576,179
575,178
end box14
696,143
697,143
698,143
699,143
700,143
701,144
702,145
702,150
701,151
700,152
698,152
697,152
696,151
695,150
end box15
660,160
661,161
662,162
662,163
662,164
662,165
662,167
661,168
660,169
658,169
657,169
656,168
655,167
end box16
545,173
546,172
549,172
550,172
551,173
551,174
552,175
552,176
552,177
552,179
551,180
549,180
548,180
547,180
546,180
545,179
end box17
643,160
644,159
645,159
646,159
647,160
647,160
648,161
648,162
648,163
648,164
648,165
647,166
646,167
645,167
644,167
643,166
end box18
576,162
577,161
578,161
579,161
580,162
580,162
581,163
581,164
581,165
581,166
581,167
580,168
579,169
578,169
577,169
576,168
576,167
end box19
547,162
547,162
548,161
549,161
550,161
551,162
551,162
552,163
552,164
552,165
552,166
552,167
552,168
550,169
549,169
548,169
547,168
546,167
end box20
531,187
532,186
533,186
534,186
535,187
536,188
536,189
537,194
536,195
535,196
533,197
532,196
531,195
end box21
end total22boxes
