522,190
524,186
528,182
532,179
537,179
550,179
556,178
560,180
563,186
566,190
567,197
566,203
563,209
559,211
551,209
535,211
527,212
524,210
522,203
523,196
end box0
663,192
664,188
666,185
669,182
672,181
676,181
683,181
688,181
692,182
695,186
694,191
692,200
690,204
687,205
683,206
679,207
675,208
671,208
666,207
663,205
662,200
662,196
end box1
604,174
606,171
608,168
610,166
626,165
628,167
631,170
633,174
633,178
633,182
631,186
628,188
612,188
608,187
605,186
604,181
604,177
end box2
607,174
607,172
609,170
610,169
621,168
624,169
625,172
626,174
626,177
627,180
625,183
623,184
611,185
608,184
607,182
606,180
606,177
end box3
629,177
630,177
631,176
632,176
633,176
635,176
636,177
636,178
637,181
637,183
637,185
636,186
634,187
632,187
631,187
629,186
628,185
end box4
641,175
642,175
643,174
644,174
645,174
646,175
647,176
648,177
649,178
649,179
649,181
648,182
647,183
646,184
644,184
643,184
642,183
641,182
640,181
end box5
499,186
500,185
501,185
502,185
504,185
504,187
504,194
503,196
501,196
500,196
499,194
end box6
672,154
673,154
675,154
676,154
677,155
677,156
678,161
677,162
675,162
674,163
673,162
672,162
end box7
557,177
558,176
559,175
560,175
561,175
562,176
563,177
564,178
564,179
564,180
564,181
564,183
563,184
562,185
560,185
559,185
558,184
557,183
end box8
777,266
779,262
783,260
786,262
787,286
786,293
783,294
779,292
777,287
end box9
624,176
625,174
627,174
633,172
635,173
637,175
638,177
638,179
638,182
638,184
638,187
636,189
634,191
631,190
628,190
626,189
624,188
623,185
end box10
557,187
558,186
559,186
560,186
561,187
562,188
563,194
562,195
561,196
559,196
558,196
557,195
end box11
641,188
642,187
643,187
645,187
646,187
647,188
648,189
648,194
647,195
646,195
644,196
643,195
642,195
641,194
end box12
637,179
638,177
639,175
640,174
642,173
644,172
648,172
650,173
652,174
653,176
654,178
654,181
654,184
653,186
651,188
648,189
646,188
643,188
641,188
639,187
637,185
637,183
637,181
end box13
629,184
630,184
633,184
634,184
635,185
636,193
635,194
633,194
630,194
628,194
end box14
end total15boxes
