419,191
440,175
459,167
475,165
488,164
498,164
507,163
517,164
531,163
547,166
568,174
588,191
590,213
584,228
558,235
531,233
517,233
508,234
497,235
487,234
473,235
445,236
419,229
414,214
end box0
1125,220
1129,209
1133,198
1139,187
1150,183
1163,180
1175,179
1189,178
1206,178
1217,187
1218,203
1215,218
1213,246
1211,261
1203,271
1189,273
1175,274
1160,277
1146,277
1131,273
1122,264
1122,247
1122,233
end box1
857,184
858,181
861,178
864,176
868,176
877,176
881,176
884,177
888,180
890,184
891,189
891,194
888,198
882,199
878,198
874,198
871,198
867,198
863,198
858,197
856,194
856,189
end box2
972,183
973,180
975,177
977,176
980,175
992,175
994,177
997,180
999,183
999,186
999,191
997,194
993,195
989,195
980,195
976,195
973,194
972,190
971,186
end box3
174,226
174,220
176,214
182,211
188,209
194,211
198,217
198,224
198,229
198,240
198,245
198,254
195,259
188,260
181,259
174,259
173,251
174,243
173,239
end box4
407,68
411,61
418,63
425,67
430,71
435,74
435,81
436,85
436,89
436,92
436,96
436,101
436,108
431,111
426,117
419,118
410,120
409,111
end box5
end total6boxes
