599,181
600,179
602,175
604,173
608,173
617,173
621,173
624,175
627,178
628,181
628,186
628,190
627,195
624,197
607,196
602,196
599,194
599,189
599,185
end box0
632,180
633,177
636,175
638,173
641,173
651,173
654,174
657,177
659,180
660,184
660,188
657,191
653,192
649,191
640,191
637,191
633,190
631,187
631,183
end box1
88,219
103,207
117,199
129,195
139,195
148,195
157,194
166,194
178,193
194,195
210,202
221,218
220,235
216,250
197,257
178,257
157,258
148,259
139,257
126,258
105,259
89,250
84,237
end box2
654,177
654,175
655,174
656,172
657,172
659,171
660,171
662,171
664,172
665,173
666,175
667,177
667,179
667,181
666,183
665,184
663,185
661,185
658,185
656,185
655,183
654,182
654,180
653,178
end box3
650,175
651,173
652,170
654,168
657,168
659,168
662,168
664,168
668,168
670,169
672,172
672,175
673,178
673,182
672,185
669,187
665,187
662,186
659,186
656,186
653,186
651,184
650,181
650,178
end box4
472,182
473,180
474,178
475,177
477,177
484,177
486,178
487,179
489,181
489,184
489,187
488,189
486,190
483,190
476,190
474,189
472,188
472,186
472,184
end box5
579,174
579,174
580,173
581,173
582,173
583,174
584,174
584,175
585,176
585,177
585,178
585,180
584,181
582,181
581,181
580,181
579,181
578,180
end box6
563,145
564,145
564,146
565,147
565,148
565,149
565,151
564,152
562,152
561,152
560,152
559,152
558,151
end box7
516,144
517,143
518,143
519,143
520,143
521,143
522,144
523,145
523,146
523,148
523,150
522,151
521,152
519,152
518,152
517,151
516,150
end box8
675,157
676,157
678,157
679,157
680,158
680,159
681,164
680,165
679,165
677,166
676,165
675,165
end box9
684,161
685,159
687,159
697,159
699,160
699,174
698,176
686,176
684,175
end box10
628,161
628,161
630,161
630,161
631,161
632,162
632,163
632,164
632,165
632,166
631,167
630,168
629,168
628,168
627,167
627,166
end box11
689,161
696,161
697,162
697,169
696,170
689,170
688,169
end box12
676,174
677,173
678,173
679,173
680,174
681,174
681,175
681,177
681,178
681,180
681,181
679,181
678,181
677,181
676,180
675,179
end box13
707,162
707,162
708,161
710,161
711,162
711,162
712,163
712,164
712,165
712,166
712,167
711,168
710,169
709,169
708,169
707,168
706,167
end box14
641,141
643,141
644,142
644,142
644,146
644,147
643,147
642,147
641,147
640,147
end box15
end total16boxes
