446,192
448,188
453,183
457,179
462,179
467,178
472,178
477,179
483,179
487,182
492,188
495,192
496,199
496,207
493,213
486,214
478,213
461,214
453,215
447,213
446,206
447,199
end box0
652,176
652,174
654,172
655,171
657,170
666,170
669,171
670,174
671,176
671,179
671,182
671,185
668,186
657,186
654,186
652,184
652,181
651,179
end box1
687,177
687,175
688,173
689,172
691,171
693,171
694,170
696,171
698,171
700,172
702,174
703,176
703,179
703,181
702,184
700,185
697,186
695,185
692,185
690,185
688,185
687,183
686,181
686,179
end box2
646,180
648,176
650,173
653,172
656,172
669,171
672,173
675,176
677,179
677,184
677,188
675,192
671,194
655,193
651,193
648,191
647,187
646,183
end box3
430,173
432,169
434,166
437,165
452,165
455,167
458,169
460,173
461,177
460,181
457,184
453,185
449,186
437,184
433,183
431,180
430,176
end box4
577,172
577,172
578,171
579,171
580,171
581,172
581,172
582,173
582,174
582,175
582,176
582,178
581,178
580,179
579,179
578,179
577,178
576,177
576,177
end box5
510,172
510,172
511,171
512,171
513,171
514,172
514,172
515,173
515,174
515,175
515,176
515,178
514,178
513,179
512,179
511,179
510,178
509,177
509,177
end box6
594,173
594,173
595,172
596,172
597,172
598,173
598,173
599,174
600,175
600,176
600,177
600,179
598,179
597,180
596,180
595,180
594,179
593,179
593,178
end box7
488,177
488,174
489,173
491,172
493,171
498,171
500,172
502,172
504,174
505,176
505,179
505,182
504,184
502,185
499,186
497,186
495,185
493,185
491,184
489,183
488,181
488,179
end box8
403,189
403,186
404,181
407,175
410,175
414,179
415,184
415,187
415,193
414,195
414,197
414,201
414,209
411,211
406,212
404,204
404,198
404,196
end box9
529,158
530,157
531,157
532,157
533,158
534,158
534,159
535,160
534,161
534,162
534,164
534,165
532,165
531,166
530,165
529,164
528,163
end box10
646,159
647,159
647,160
648,161
648,162
648,163
648,165
647,166
645,166
644,166
643,166
642,165
641,165
end box11
856,140
857,139
858,139
860,139
861,139
862,140
863,141
864,142
863,143
863,144
863,146
862,147
861,148
859,148
858,148
857,147
856,146
end box12
534,145
535,146
536,147
536,148
536,149
536,150
536,152
535,153
534,154
532,154
531,153
530,153
529,152
end box13
532,111
536,110
537,111
537,112
537,117
537,118
535,118
534,118
533,118
532,117
531,117
end box14
841,95
841,94
842,94
843,94
844,94
845,94
846,95
847,96
847,97
847,98
847,99
847,101
846,102
845,103
843,103
842,103
841,102
840,101
end box15
667,181
669,176
674,176
677,178
679,212
674,212
668,213
666,209
end box16
717,157
718,158
719,159
719,164
718,165
717,165
715,166
714,165
713,165
712,164
end box17
544,158
544,158
545,158
546,158
546,158
547,159
547,159
548,160
548,161
548,162
548,163
547,164
546,165
545,165
544,164
543,164
end box18
642,189
643,188
644,188
645,187
646,187
647,188
648,189
648,190
648,195
648,196
647,197
645,197
644,197
643,196
642,195
end box19
838,108
839,107
842,106
844,107
845,107
846,108
846,110
846,111
846,113
846,114
844,116
843,116
841,116
840,116
838,116
837,115
837,113
end box20
641,176
642,175
643,174
644,174
645,174
646,175
647,176
648,177
648,178
648,179
648,180
648,182
647,183
646,184
644,184
643,184
642,183
641,182
641,181
end box21
481,146
482,145
483,145
484,145
485,146
485,146
486,147
486,148
486,149
486,150
486,151
486,153
484,153
483,153
482,153
481,152
end box22
725,174
725,174
726,173
727,172
728,172
729,172
730,173
731,174
732,175
733,176
732,177
732,179
732,180
731,181
730,182
728,182
727,182
726,181
725,180
724,179
end box23
513,161
513,161
514,161
515,161
515,161
516,162
516,162
517,163
517,164
517,165
517,166
516,167
515,167
514,168
513,167
512,167
end box24
754,160
755,159
759,159
760,160
760,161
761,162
761,164
761,166
760,167
759,167
757,167
756,167
755,167
754,166
end box25
772,161
777,160
778,161
779,162
780,163
779,166
779,167
778,168
777,169
774,169
773,168
772,167
end box26
720,162
724,162
725,162
725,163
726,164
726,165
725,166
725,168
725,169
723,169
722,169
721,169
720,168
719,168
end box27
492,146
493,145
494,145
495,145
496,146
497,146
497,147
498,148
498,150
498,152
497,153
496,154
494,154
493,153
492,153
end box28
614,113
615,113
617,113
618,113
619,121
618,122
616,122
615,122
614,121
end box29
597,143
597,143
599,143
600,144
601,148
600,149
599,149
598,149
597,149
596,149
end box30
751,126
752,125
754,125
755,126
756,127
756,134
755,135
753,135
752,135
751,134
end box31
513,132
514,131
515,131
516,131
517,131
517,132
517,139
517,139
515,140
514,139
513,139
end box32
609,142
611,142
612,143
612,143
613,147
612,148
611,148
610,148
609,148
608,148
end box33
744,126
745,125
746,125
747,125
748,126
749,127
749,134
748,135
746,135
745,135
744,134
end box34
544,158
544,158
545,158
546,158
546,158
547,159
547,159
548,160
548,161
548,162
548,163
547,164
546,165
545,165
544,164
543,164
end box35
end total36boxes
