982,266
1004,235
1025,212
1054,201
1083,199
1105,198
1128,196
1155,191
1189,190
1227,195
1241,225
1253,262
1260,302
1253,337
1232,364
1185,364
1153,364
1128,368
1103,368
1080,363
1049,361
1002,356
976,339
973,304
end box0
5,218
6,187
22,167
50,167
78,176
99,188
118,195
137,200
156,209
168,227
174,248
180,272
176,297
171,317
149,328
124,330
102,329
79,336
51,349
24,347
11,326
end box1
633,201
637,195
642,190
648,187
653,186
659,187
664,187
669,187
676,187
681,189
686,195
691,201
693,209
693,218
687,223
677,223
670,222
664,221
659,221
653,223
646,223
636,222
632,217
633,209
end box2
454,193
455,189
458,186
460,184
463,183
477,183
480,186
483,189
485,192
485,197
485,201
484,207
480,208
463,206
459,206
456,205
455,200
454,196
end box3
811,229
848,202
879,187
909,183
930,183
947,182
963,180
982,180
1003,182
1040,183
1071,197
1099,229
1107,266
1089,287
1043,300
1006,302
929,301
903,304
866,301
818,289
801,268
end box4
468,190
469,186
470,182
473,180
477,180
486,180
490,181
492,183
495,186
497,189
497,194
498,198
497,203
493,205
487,205
483,204
477,203
473,202
470,201
469,197
469,193
end box5
505,180
505,177
506,175
507,174
510,174
515,174
517,175
519,175
521,177
522,179
522,182
522,185
521,188
519,188
516,188
514,188
509,188
507,188
505,186
505,184
504,182
end box6
253,202
270,186
293,182
311,182
321,182
337,181
345,182
355,183
369,185
388,190
410,203
418,224
409,235
380,242
289,242
261,235
252,223
end box7
419,194
419,189
420,185
423,183
428,183
432,182
435,182
439,182
443,183
446,186
449,189
450,193
451,198
451,203
449,208
446,211
440,211
436,210
432,210
424,208
421,205
420,201
419,197
end box8
432,196
433,193
433,190
435,187
439,187
442,186
445,186
448,186
452,187
454,189
455,193
456,196
457,199
457,203
457,208
454,211
449,211
445,210
442,210
438,210
435,209
433,206
432,202
432,199
end box9
559,176
559,175
560,174
560,174
565,174
566,174
567,175
568,176
568,177
567,179
567,180
566,181
564,181
562,181
561,181
560,180
559,179
559,178
559,177
end box10
522,179
522,177
524,175
525,174
534,174
536,175
538,176
539,178
539,181
539,184
538,186
535,187
533,187
526,186
524,186
522,185
522,183
522,181
end box11
543,178
543,177
544,176
544,176
549,176
550,176
551,177
551,178
552,179
552,181
552,182
550,183
548,183
546,183
545,183
544,182
543,181
543,180
end box12
526,176
527,175
528,175
532,175
533,176
534,177
535,178
535,179
535,181
535,183
533,183
532,183
529,183
527,183
526,183
526,182
end box13
589,176
589,174
590,173
591,171
593,170
595,170
596,169
598,170
600,170
602,172
603,173
604,175
603,178
604,180
603,182
601,184
599,185
597,185
594,185
592,184
590,183
589,181
589,179
589,177
end box14
428,211
428,207
429,203
431,198
433,189
439,181
445,181
451,188
453,197
455,202
456,206
456,210
456,214
455,218
454,222
453,229
452,239
446,244
437,242
432,237
432,226
431,221
430,217
429,214
end box15
end total16boxes
