364,223
367,210
374,199
388,196
402,196
413,197
422,195
433,196
444,197
455,203
465,213
473,224
474,240
473,256
466,262
444,264
433,265
423,264
412,264
404,263
394,261
376,261
370,252
367,238
end box0
59,264
94,233
126,213
160,206
187,204
208,201
229,199
252,198
279,203
313,211
346,231
379,264
387,306
372,334
322,347
278,352
253,355
229,351
207,352
185,354
157,352
113,348
63,335
52,307
end box1
459,208
458,200
460,192
466,189
475,190
482,190
487,190
493,191
500,192
505,196
509,202
513,208
514,216
514,225
512,232
504,235
495,235
488,233
482,232
476,232
470,230
465,227
462,221
461,215
end box2
534,195
534,191
535,187
537,185
542,185
545,185
548,185
551,185
555,186
556,189
560,191
560,195
561,199
561,203
560,208
557,210
553,210
548,208
545,207
542,207
535,198
end box3
745,195
756,186
764,178
772,174
781,174
789,174
796,174
803,174
813,174
824,176
836,183
844,194
845,207
842,220
831,226
812,224
803,224
796,226
788,226
781,225
772,225
755,225
743,220
742,208
end box4
512,204
512,200
515,196
518,193
522,192
527,192
530,192
535,192
539,193
541,197
545,200
547,204
548,209
548,215
547,221
542,223
536,223
531,221
522,220
518,220
514,218
513,213
513,209
end box5
654,195
656,191
660,186
664,184
669,184
678,183
682,184
687,184
692,186
696,191
699,195
700,202
700,209
698,215
691,217
683,215
668,215
661,216
656,214
654,208
654,202
end box6
555,193
555,191
556,189
558,188
560,188
562,188
564,189
566,190
567,191
568,193
569,195
569,197
569,199
569,202
568,203
565,204
563,204
561,203
558,203
557,202
end box7
693,191
694,187
696,183
698,181
702,181
709,181
712,181
716,181
719,184
722,187
724,190
724,195
725,200
723,205
719,206
713,206
709,205
702,205
698,204
695,203
694,198
693,194
end box8
608,175
609,174
609,174
610,173
614,173
615,173
616,174
616,175
617,176
616,178
616,179
615,179
613,180
611,180
610,180
609,179
608,178
608,177
608,176
end box9
713,189
714,185
716,182
719,180
723,179
732,179
737,179
740,181
742,185
744,188
744,193
744,198
743,202
738,204
733,204
729,203
726,203
722,203
718,202
715,200
714,196
713,192
end box10
626,176
627,175
628,174
632,174
633,174
634,175
634,176
635,177
634,179
634,180
633,180
631,180
629,180
628,180
627,180
626,179
626,178
626,177
end box11
1212,176
1213,173
1213,170
1214,165
1216,159
1221,154
1228,147
1236,145
1239,156
1239,165
1239,190
1239,200
1237,210
1229,210
1219,209
1212,206
1211,195
1212,187
1212,182
1212,179
end box12
640,179
641,177
646,177
647,177
648,178
648,179
649,180
649,182
649,184
647,184
645,184
643,184
642,184
641,183
640,182
end box13
541,193
542,191
543,189
545,189
547,189
550,189
551,189
553,190
555,192
556,194
557,195
557,198
557,200
557,203
555,205
553,206
550,205
548,204
end box14
716,181
717,178
720,175
722,174
726,174
733,174
736,174
740,175
743,177
745,181
746,185
745,189
742,192
738,193
734,193
725,192
719,191
716,188
716,184
end box15
682,184
683,180
687,178
691,179
702,179
705,179
708,182
711,185
712,189
713,193
713,198
712,202
708,204
703,205
698,204
695,203
692,202
end box16
606,177
607,175
609,174
610,173
611,173
618,172
620,173
621,174
623,176
623,179
623,182
622,184
619,184
610,184
608,184
606,183
605,181
605,179
end box17
495,206
496,200
499,195
504,193
509,192
514,192
519,193
523,193
528,194
532,196
535,201
539,206
541,212
541,219
538,224
531,226
525,226
519,225
514,225
510,225
504,224
499,222
497,217
496,211
end box18
752,181
752,179
753,178
755,176
757,175
765,175
767,176
769,179
770,181
770,184
770,187
769,190
766,191
763,191
758,191
756,191
753,191
751,189
751,186
751,184
end box19
620,177
621,176
622,175
624,174
632,174
633,174
635,175
637,177
638,180
638,183
636,185
633,185
625,185
622,185
620,184
619,182
619,180
end box20
689,182
690,180
691,178
692,177
701,177
703,178
705,179
706,181
706,184
706,186
705,189
702,190
691,189
690,188
689,186
689,184
end box21
561,191
562,190
563,189
564,190
565,190
566,190
566,191
567,192
568,193
567,194
568,195
568,197
567,198
565,198
564,199
563,198
562,197
561,196
end box22
207,174
208,173
209,172
211,173
212,174
213,175
214,176
214,182
213,184
211,185
210,186
208,185
206,184
205,183
end box23
812,155
814,155
814,156
815,163
814,164
812,164
807,164
806,163
end box24
204,191
205,190
206,189
208,189
209,190
210,191
211,192
211,197
210,198
209,199
207,199
206,199
205,198
204,197
end box25
494,176
497,176
498,176
499,177
499,178
500,179
500,181
500,183
499,184
498,185
496,185
495,184
494,184
493,183
end box26
734,140
735,139
747,138
749,139
750,153
748,155
736,155
734,154
733,151
end box27
482,173
486,173
487,174
488,175
488,180
487,181
486,181
483,181
482,181
end box28
end total29boxes
