396,177
397,176
397,176
398,175
402,175
403,175
404,176
404,177
404,178
404,179
404,181
403,181
401,182
399,182
398,182
397,181
396,180
396,179
396,178
end box0
392,178
393,176
395,175
396,174
403,174
405,174
407,175
409,177
409,180
409,183
407,185
405,184
397,185
394,185
392,184
391,182
391,180
end box1
544,172
544,172
548,172
548,172
549,173
550,174
550,175
550,176
550,178
548,178
547,179
546,179
545,178
544,178
543,178
543,177
end box2
557,178
557,176
558,175
559,173
561,173
566,172
568,172
570,174
571,175
572,177
572,180
572,182
571,185
569,186
567,186
560,186
558,185
557,184
557,181
557,179
end box3
413,175
413,175
414,174
415,174
416,174
417,175
417,175
418,176
419,177
419,178
418,179
418,181
417,181
416,182
415,182
414,182
413,181
412,181
412,180
end box4
561,175
562,174
563,174
566,174
567,175
568,176
568,177
568,178
568,179
568,181
567,182
566,182
564,183
563,182
562,182
561,181
560,180
end box5
594,163
594,163
595,162
596,162
597,162
598,163
598,163
599,164
599,165
599,166
599,167
599,168
599,170
598,171
596,171
595,171
594,170
593,168
end box6
710,177
710,177
711,176
712,176
713,176
714,177
714,177
715,178
715,179
715,180
715,181
715,182
714,183
713,184
712,185
711,184
710,183
710,182
end box7
691,178
691,178
692,177
693,176
694,177
695,177
695,178
696,179
696,180
696,181
696,182
696,183
695,184
695,186
693,186
692,186
691,184
691,183
end box8
662,173
662,173
663,172
664,172
665,172
666,172
667,173
667,174
668,175
667,176
667,177
667,179
667,180
666,180
664,181
663,180
662,179
661,178
end box9
723,159
724,158
726,158
727,159
728,159
728,160
728,164
728,166
726,166
725,166
724,166
723,165
end box10
527,159
528,159
529,159
530,159
531,159
531,159
532,160
532,161
532,162
532,163
532,164
531,165
530,166
529,166
528,166
527,165
527,164
end box11
681,157
685,157
687,157
687,159
688,160
687,163
687,164
686,165
685,166
683,166
682,166
681,165
680,164
end box12
431,175
432,174
433,174
434,174
435,174
436,175
436,176
436,177
436,178
436,179
436,181
436,182
434,182
433,183
432,182
431,181
430,181
end box13
716,163
717,163
718,164
718,165
718,167
718,169
717,170
715,170
714,170
713,170
712,169
711,169
end box14
443,176
444,176
445,176
446,176
447,176
448,177
448,178
449,183
448,184
447,185
445,185
444,184
443,184
442,183
end box15
512,159
513,159
514,159
515,159
515,159
516,159
517,160
517,161
517,162
517,163
517,164
516,165
515,166
514,166
513,166
512,165
end box16
427,158
428,157
429,157
430,157
431,158
431,158
432,159
432,163
431,164
430,165
429,165
428,165
427,164
end box17
502,146
503,147
503,148
503,149
503,150
503,152
502,153
501,154
499,154
498,154
497,153
end box18
636,174
636,174
637,173
638,173
639,173
640,174
640,174
641,175
641,176
641,177
641,178
641,179
640,180
639,181
638,181
637,181
636,180
635,179
end box19
675,174
676,173
677,173
678,173
679,174
679,174
680,175
680,176
680,177
680,178
680,179
679,180
678,181
677,182
676,181
675,180
675,179
end box20
496,159
497,158
498,158
499,158
500,158
500,159
501,160
501,164
500,165
500,166
498,167
497,166
496,165
end box21
427,158
428,157
429,157
430,157
431,158
431,158
432,159
432,163
431,164
430,165
429,165
428,165
427,164
end box22
681,157
685,157
687,157
687,159
688,160
687,163
687,164
686,165
685,166
683,166
682,166
681,165
680,164
end box23
512,159
513,159
514,159
515,159
515,159
516,159
517,160
517,161
517,162
517,163
517,164
516,165
515,166
514,166
513,166
512,165
end box24
end total25boxes
