370,189
373,183
379,178
385,177
410,178
417,178
424,182
428,189
429,197
428,205
420,208
411,209
405,209
390,209
384,209
375,208
369,204
369,197
end box0
558,181
558,179
560,177
561,176
564,176
572,176
574,177
576,179
577,181
577,184
577,187
576,190
574,191
570,191
563,191
560,191
558,189
558,186
557,184
end box1
645,176
646,174
647,173
649,172
657,171
659,172
660,173
662,175
662,178
662,180
661,183
658,183
650,183
647,183
645,182
645,180
645,178
end box2
708,192
709,187
713,182
718,178
724,177
729,177
734,178
739,178
746,178
751,180
754,187
756,192
756,199
756,206
753,212
747,214
722,215
715,216
709,213
707,206
708,199
end box3
790,205
799,194
810,186
821,181
831,180
840,180
849,179
858,180
871,179
886,181
899,189
902,203
900,219
897,233
885,241
818,244
800,244
788,235
787,221
end box4
689,186
689,183
690,180
693,177
696,176
699,176
702,176
705,176
709,176
713,178
714,182
714,186
714,189
714,193
713,197
710,199
706,200
702,200
699,200
695,200
691,199
689,197
689,193
689,189
end box5
end total6boxes
