1040,190
1062,176
1081,170
1096,169
1106,168
1115,168
1122,167
1131,168
1142,167
1158,169
1179,175
1199,190
1202,211
1194,223
1166,230
1145,229
1090,231
1070,230
1041,224
1035,212
end box0
242,191
248,184
254,175
261,170
270,169
278,169
285,169
294,169
304,169
311,174
319,182
324,190
324,203
322,214
319,224
306,225
294,223
285,224
278,223
270,223
258,225
247,223
242,214
241,203
end box1
760,194
760,192
760,189
760,184
762,178
767,167
772,163
777,172
779,181
780,186
780,190
780,194
780,197
780,200
779,203
778,209
778,221
773,228
764,228
760,218
761,206
761,202
760,199
759,197
end box2
769,194
769,191
770,188
770,183
772,175
777,165
782,164
787,173
790,181
791,187
791,190
791,194
791,197
790,200
789,203
789,209
789,220
784,228
775,229
771,220
772,207
771,202
770,199
770,197
end box3
867,192
869,190
872,187
876,186
879,186
884,186
887,188
889,191
892,207
891,211
888,214
884,217
880,216
876,216
871,215
868,213
866,210
end box4
end total5boxes
