560,177
565,176
566,177
567,178
568,179
568,180
568,182
568,184
566,184
565,184
563,185
562,184
561,184
559,184
559,183
end box0
628,177
633,176
634,177
635,178
636,179
636,180
636,182
636,184
634,184
633,184
631,185
630,184
628,184
627,184
627,183
end box1
640,177
641,176
645,176
646,177
647,178
647,179
648,180
647,182
647,183
646,184
645,184
643,185
642,184
641,184
640,183
639,182
end box2
576,177
577,175
582,174
583,175
584,176
585,177
585,178
585,180
585,182
583,182
581,182
579,182
578,182
576,182
575,181
576,179
575,178
end box3
539,181
540,179
541,178
543,177
552,177
554,177
556,179
558,181
558,184
558,187
557,190
554,190
551,190
544,190
542,190
540,189
539,186
539,184
end box4
545,176
546,176
550,176
551,177
552,178
553,179
553,180
553,182
553,184
551,184
550,185
548,185
547,184
546,184
545,183
544,182
end box5
660,192
664,188
668,186
671,186
683,186
687,187
692,188
696,191
698,196
696,201
690,203
665,202
660,200
658,196
end box6
623,180
624,178
625,177
627,175
635,175
637,176
639,177
640,179
641,182
641,185
639,187
636,188
627,188
625,188
623,186
622,184
622,182
end box7
590,177
590,177
591,176
592,176
593,176
594,176
595,177
596,178
596,179
596,180
596,181
596,183
595,184
594,185
592,185
591,184
590,184
589,183
end box8
512,177
512,177
516,177
517,177
517,178
518,179
518,180
518,181
518,183
517,184
515,184
514,184
513,184
512,184
511,183
510,182
end box9
636,181
636,179
637,178
639,177
640,176
647,176
649,177
651,178
651,180
652,183
652,185
651,188
648,188
645,188
643,188
642,188
639,188
637,188
635,187
635,185
635,183
end box10
476,181
477,179
477,178
478,176
480,176
482,175
483,175
485,175
487,176
488,177
489,179
490,181
491,183
491,185
490,188
488,189
486,189
484,189
481,189
479,189
477,188
476,186
476,184
476,182
end box11
529,179
529,179
533,179
534,179
534,180
535,181
535,182
535,183
535,185
534,186
532,186
531,186
530,186
529,186
528,185
527,184
end box12
554,179
554,178
556,176
557,175
566,175
568,176
570,177
572,179
572,182
572,185
571,187
567,188
565,187
558,188
556,188
554,187
553,184
553,182
end box13
524,189
525,187
526,185
527,184
529,184
536,184
537,185
539,186
541,188
541,191
541,194
540,196
537,196
534,196
529,196
526,196
525,195
524,193
523,191
end box14
544,159
544,159
546,159
546,159
547,159
547,160
548,164
547,165
546,166
545,166
544,166
543,165
end box15
687,172
688,171
689,171
690,171
691,172
692,173
692,180
691,181
689,181
688,181
687,180
end box16
646,161
647,161
648,162
648,163
648,164
648,165
648,166
647,167
646,167
645,168
644,167
643,167
end box17
597,122
601,122
602,123
602,130
601,131
598,131
597,130
end box18
660,159
661,159
662,160
662,164
661,165
660,165
659,165
658,165
657,165
657,164
end box19
544,143
545,143
547,143
548,143
548,143
549,144
549,145
549,146
549,147
549,148
548,149
547,150
546,150
545,150
544,149
end box20
693,165
694,165
694,166
695,171
694,172
692,172
691,172
690,172
689,171
688,170
end box21
544,159
544,159
546,159
546,159
547,159
547,160
548,164
547,165
546,166
545,166
544,166
543,165
end box22
end total23boxes
