653,178
654,176
655,175
657,173
659,173
667,173
669,174
671,176
672,178
672,181
672,184
671,187
669,188
658,188
655,188
653,186
653,183
653,181
end box0
576,177
577,176
577,176
578,175
579,175
580,175
581,176
582,176
582,177
583,178
583,179
583,180
583,182
582,182
580,183
579,183
578,183
577,182
576,182
575,181
end box1
591,174
591,174
592,173
594,173
595,174
596,174
596,175
597,176
597,177
597,178
597,180
596,180
594,181
593,181
592,181
591,180
590,180
590,179
end box2
671,177
671,175
672,174
674,172
675,172
677,172
680,172
682,172
684,173
685,175
686,176
686,179
686,181
685,183
683,184
681,185
678,184
677,184
674,184
672,184
671,183
671,180
671,178
end box3
563,173
563,172
564,171
565,171
566,171
567,172
567,173
568,174
568,175
568,176
568,177
568,178
567,179
567,181
565,182
564,181
563,179
563,178
end box4
804,164
804,163
805,162
806,162
807,162
808,163
809,164
809,165
809,166
809,167
809,168
809,169
809,171
808,172
806,173
805,172
804,171
803,169
end box5
546,171
546,170
547,169
548,169
549,169
550,170
550,171
551,172
551,173
551,174
550,175
551,176
550,177
550,179
548,180
547,179
546,177
546,176
end box6
640,171
641,170
642,170
643,170
644,171
645,172
646,173
646,178
645,179
644,180
642,180
641,180
640,179
639,178
end box7
642,160
643,159
644,159
645,159
646,159
647,160
647,161
648,162
648,163
648,164
648,166
647,167
646,167
644,168
643,167
642,167
641,165
end box8
627,145
627,145
628,145
629,145
630,144
631,145
631,145
632,146
632,147
632,148
632,149
632,150
631,151
630,152
629,152
628,152
627,151
626,150
end box9
642,124
643,124
645,124
646,124
647,125
648,126
648,127
648,128
648,129
648,131
647,132
646,133
644,133
643,133
642,132
641,131
end box10
627,158
628,158
631,158
631,158
632,159
632,160
632,162
632,163
631,164
630,165
629,165
628,165
627,164
627,163
end box11
591,159
591,159
592,159
593,159
593,159
594,159
595,160
595,161
595,162
595,163
595,164
594,165
593,165
592,166
591,165
590,165
590,164
end box12
702,130
702,128
703,126
704,125
706,124
708,123
710,122
712,123
714,124
716,125
716,127
717,129
717,132
717,134
717,137
715,139
712,140
710,140
707,140
705,139
703,138
702,136
702,133
702,131
end box13
642,141
643,141
644,141
645,141
646,141
647,142
647,143
647,146
647,148
647,149
646,150
644,150
643,150
642,149
end box14
671,158
672,157
673,157
674,157
675,158
675,158
676,159
676,163
676,164
674,165
673,166
672,165
671,164
end box15
end total16boxes
