958,279
985,253
1007,233
1031,223
1056,223
1076,222
1096,219
1120,213
1148,214
1183,219
1207,241
1217,275
1220,312
1213,343
1185,363
1149,368
1120,367
1096,362
1075,359
1052,362
1022,367
981,362
952,345
946,316
end box0
490,180
491,176
493,173
496,172
499,172
507,172
511,173
513,174
517,176
519,180
520,184
520,188
517,192
513,193
508,193
505,192
499,192
495,192
491,191
490,187
490,183
end box1
762,228
784,201
811,183
840,175
863,174
883,172
901,172
922,172
947,175
985,176
1012,193
1026,226
1030,262
1017,289
983,305
881,312
858,316
830,317
794,310
761,293
756,265
end box2
611,175
612,174
614,172
616,171
624,171
626,172
628,173
630,175
630,178
630,181
629,183
625,184
616,183
614,184
612,183
611,180
610,178
end box3
end total4boxes
