126,191
135,182
144,175
153,172
162,171
169,172
176,171
183,172
191,173
201,176
210,182
218,192
221,204
219,215
208,220
191,220
183,220
176,221
169,222
161,223
151,223
136,221
126,216
124,204
end box0
773,153
801,105
844,73
898,69
941,72
974,77
1001,78
1034,73
1068,76
1115,85
1158,113
1189,155
1206,215
1193,256
1137,283
1081,284
895,280
835,285
782,256
767,215
end box1
68,206
67,199
67,191
67,178
71,159
83,136
95,133
106,156
110,178
111,191
110,199
111,205
111,211
110,218
110,225
110,238
110,268
99,284
80,280
72,257
73,230
71,222
69,216
69,211
end box2
end total3boxes
