604,174
604,172
605,170
606,169
608,168
616,168
617,169
618,171
619,173
619,176
619,178
619,181
617,182
614,182
607,182
605,182
603,180
603,178
603,175
end box0
636,174
636,173
637,171
639,169
641,169
647,168
649,168
651,169
653,172
654,174
654,177
654,180
653,183
650,184
647,184
645,184
642,184
640,184
637,184
636,182
635,179
635,177
end box1
648,176
648,174
649,172
650,170
651,169
653,169
658,169
660,169
662,171
663,173
664,175
664,178
663,180
663,183
661,184
658,185
656,185
653,186
651,185
649,184
647,182
647,180
647,178
end box2
629,174
631,171
633,168
635,166
638,166
647,166
650,166
653,167
657,170
659,173
659,178
659,182
656,186
652,187
647,186
638,186
634,186
630,185
628,182
628,178
end box3
502,186
504,183
506,180
509,178
513,178
526,177
530,179
533,182
536,186
536,191
536,196
533,200
528,201
523,200
512,201
508,200
503,200
501,195
501,191
end box4
621,175
621,173
623,172
623,170
625,169
627,169
628,169
630,169
632,169
634,170
635,172
636,174
636,177
636,179
635,181
633,183
631,183
629,183
626,183
624,183
622,183
621,181
621,178
621,176
end box5
606,174
606,173
607,172
608,172
613,172
614,172
614,174
615,175
615,176
615,178
615,180
613,180
612,181
610,181
609,181
607,181
606,180
606,179
end box6
623,172
624,171
625,170
626,170
627,170
628,171
629,172
630,173
630,174
630,175
630,176
630,178
629,179
628,180
626,180
625,180
624,179
623,178
622,177
end box7
608,161
608,161
612,161
613,161
613,162
614,163
614,164
614,165
614,167
613,168
611,168
610,168
609,168
608,167
607,167
607,166
end box8
71,124
70,119
70,112
70,102
74,87
83,65
94,61
103,82
107,100
107,111
106,119
106,124
105,129
104,133
104,139
103,148
102,168
96,191
80,190
73,167
73,146
72,139
71,133
71,129
end box9
660,109
662,109
663,109
664,109
665,110
666,111
666,112
666,113
666,114
666,116
665,117
664,118
662,118
661,117
660,117
659,116
end box10
735,146
736,145
739,145
740,145
741,146
742,147
742,150
742,152
741,153
740,154
738,154
737,154
736,153
735,152
end box11
end total12boxes
