526,179
527,174
530,168
534,163
539,162
546,161
557,162
564,163
567,167
570,174
571,179
571,186
571,192
570,201
567,204
558,202
545,202
537,205
529,206
527,201
526,192
528,185
end box0
491,174
492,171
494,169
496,167
499,167
506,167
510,167
512,168
514,171
516,174
516,177
516,181
515,185
511,186
507,185
498,186
494,185
492,184
491,180
491,177
end box1
516,175
516,173
516,172
518,170
519,170
521,169
524,169
526,169
528,170
529,172
529,174
529,177
529,179
529,181
527,182
525,183
522,183
520,183
518,183
516,182
515,180
515,178
515,176
end box2
518,171
519,170
522,169
523,170
524,171
525,172
525,173
525,174
525,175
525,177
524,178
523,178
521,179
520,179
519,178
518,177
517,176
end box3
402,206
402,203
403,200
403,194
404,182
410,166
417,163
423,176
425,189
425,197
425,202
425,206
425,209
424,212
423,216
424,224
424,241
419,252
406,253
401,242
404,220
404,214
403,211
402,209
end box4
385,208
385,205
385,201
386,196
387,186
393,173
400,170
406,180
408,192
408,199
408,204
408,208
408,211
408,215
407,218
407,225
407,240
402,250
390,250
387,235
387,221
387,216
386,214
385,211
end box5
end total6boxes
