625,174
626,172
629,172
630,172
631,173
632,174
632,175
632,176
632,178
630,178
629,178
628,178
627,178
626,178
625,178
625,177
625,176
624,175
end box0
538,180
538,179
540,177
541,176
550,176
552,177
553,178
555,180
556,183
556,186
554,188
551,189
548,188
543,188
540,188
538,187
537,185
537,183
end box1
559,176
560,175
564,175
565,176
566,177
566,178
567,179
566,181
567,182
565,183
564,183
562,183
561,183
560,183
559,182
558,181
end box2
575,176
576,175
576,174
577,174
583,174
584,175
585,176
586,177
585,179
585,181
583,181
581,181
577,181
576,181
575,180
575,178
575,177
end box3
592,175
593,174
596,173
597,174
598,174
598,175
599,176
598,177
598,178
597,179
596,179
595,179
594,179
593,179
592,178
592,178
592,177
592,176
end box4
613,171
616,171
617,171
618,172
619,173
619,174
619,175
619,177
617,177
616,177
615,177
614,177
613,177
612,177
612,176
end box5
167,205
178,195
189,190
199,187
208,187
229,187
238,186
249,189
263,195
272,205
274,220
269,231
255,236
183,237
168,230
164,220
end box6
544,180
545,178
550,177
551,178
552,179
553,180
553,181
553,183
553,185
551,185
549,185
546,185
544,184
544,183
544,182
end box7
555,179
555,177
556,176
558,174
559,174
566,174
568,175
569,176
570,178
571,181
570,183
570,186
567,186
564,186
558,187
556,186
555,185
554,183
554,180
end box8
529,176
533,176
534,176
534,177
535,178
535,179
535,180
535,182
534,183
532,183
530,183
529,183
528,182
527,181
end box9
659,174
659,174
660,173
661,173
662,173
663,174
664,174
664,175
664,179
663,180
662,181
661,181
660,181
659,180
658,180
end box10
659,160
660,159
663,160
664,160
664,161
664,166
664,167
662,167
661,168
660,167
659,166
658,165
end box11
656,143
657,142
661,142
662,143
663,144
663,149
662,150
661,151
659,151
658,151
657,150
656,149
end box12
642,173
643,173
643,173
644,173
645,173
645,173
646,174
647,174
647,175
647,176
647,177
647,178
646,179
645,179
644,180
643,179
642,179
642,178
end box13
669,140
670,138
680,138
682,139
683,141
683,151
681,153
671,153
669,152
668,150
end box14
675,124
676,123
677,122
678,122
679,122
680,123
681,124
682,125
683,126
682,127
682,128
682,130
681,131
680,132
678,133
677,132
676,131
675,130
end box15
628,144
628,144
629,144
630,144
630,144
631,145
631,149
631,150
630,150
629,150
628,150
627,149
end box16
541,125
542,124
543,124
544,124
545,125
545,125
545,131
544,132
543,132
542,132
541,131
end box17
end total18boxes
