624,174
625,173
625,173
626,172
626,172
630,172
631,172
631,173
632,174
632,175
632,176
632,178
631,178
629,179
628,179
627,178
626,178
625,178
624,177
624,176
624,175
end box0
610,172
610,172
614,172
615,172
615,173
616,174
616,175
616,176
616,178
615,178
613,179
612,179
611,179
610,178
609,178
608,177
608,175
end box1
642,176
642,176
642,175
643,174
643,174
644,174
645,173
646,173
647,174
648,174
648,175
649,176
649,177
649,178
649,180
647,180
646,181
645,181
644,181
643,180
642,180
642,179
642,178
642,177
end box2
594,172
594,172
598,172
598,172
599,173
600,174
600,175
600,176
600,178
598,178
597,179
596,179
595,178
594,178
593,178
592,177
end box3
560,175
561,174
561,174
562,173
563,173
564,173
565,174
565,174
566,175
567,176
566,177
566,178
566,180
565,180
564,181
563,181
562,181
561,180
560,180
560,179
end box4
556,178
556,176
558,175
559,174
560,173
562,173
565,173
567,173
568,174
570,176
571,177
571,180
571,182
570,184
568,185
565,185
563,185
562,185
560,185
558,185
556,183
556,181
555,179
end box5
366,186
368,183
371,180
374,178
391,178
395,179
398,182
401,186
402,191
401,196
398,200
392,201
373,200
369,199
366,195
366,191
end box6
539,179
540,177
541,175
542,174
544,174
549,174
551,174
553,175
554,176
555,178
556,181
556,183
555,186
552,187
550,187
546,186
543,187
541,186
539,185
539,183
539,181
end box7
577,175
579,173
583,173
583,173
584,174
585,175
585,176
585,177
585,179
583,179
582,179
581,180
580,179
579,179
578,179
577,178
end box8
546,175
546,175
547,174
548,174
549,174
550,175
550,175
551,176
551,177
552,178
552,179
552,181
550,181
549,182
548,182
547,182
546,181
545,181
545,180
end box9
601,128
601,128
602,127
603,127
604,127
605,127
606,128
606,129
606,134
606,135
605,135
603,136
602,135
601,134
600,134
end box10
609,94
612,91
653,90
659,92
660,138
656,142
610,142
608,137
end box11
510,171
510,171
511,171
512,171
512,171
513,171
514,172
514,173
514,174
514,175
514,176
513,177
512,178
511,178
510,177
509,177
509,176
end box12
663,162
663,162
664,163
665,164
664,166
664,168
664,169
662,169
661,169
660,169
659,168
658,167
end box13
661,186
662,185
663,185
664,185
665,185
665,186
666,187
666,191
665,192
664,193
663,194
662,193
661,192
661,191
end box14
691,177
691,177
692,176
693,176
694,176
695,177
695,177
696,178
696,179
696,180
696,181
696,182
695,183
694,184
693,185
692,184
691,183
690,182
end box15
804,162
809,161
810,162
811,163
812,164
812,165
811,167
811,168
810,169
809,170
807,170
806,169
805,169
804,168
803,167
end box16
528,173
528,173
529,172
530,172
531,172
532,173
532,173
533,174
533,175
533,176
533,177
533,178
532,179
531,180
530,180
529,180
528,179
528,178
end box17
676,176
676,176
677,175
678,174
679,175
680,175
681,176
681,177
681,178
681,179
681,180
681,181
681,182
679,183
678,184
677,184
676,182
675,181
675,180
end box18
417,141
419,139
439,139
441,140
442,162
441,165
418,163
end box19
676,159
677,158
678,158
679,158
680,159
680,159
681,160
681,161
681,163
681,164
680,165
679,166
678,166
677,166
676,165
675,164
end box20
804,175
808,175
809,175
809,176
810,177
810,178
810,179
810,181
809,182
807,182
806,182
805,182
804,182
803,181
end box21
end total22boxes
