305,238
322,221
340,206
355,197
373,196
389,198
403,196
419,195
435,198
453,204
472,219
482,237
488,263
484,284
468,300
443,305
422,303
403,296
389,293
372,297
349,303
321,299
303,286
299,264
end box0
645,185
646,182
649,179
651,176
654,176
665,175
669,175
671,178
675,182
676,185
676,190
676,195
676,200
671,201
653,200
648,201
645,200
645,194
645,190
end box1
440,205
439,193
440,180
450,175
465,175
475,176
485,175
495,175
504,178
512,186
522,194
524,204
525,217
525,231
522,242
509,247
497,249
485,246
475,244
468,240
end box2
685,163
686,161
687,159
688,158
690,157
695,157
697,158
699,159
700,160
702,162
702,165
702,168
701,170
699,171
696,171
694,171
691,171
689,171
687,171
685,169
685,167
685,165
end box3
506,202
508,195
512,193
519,193
524,193
529,193
534,194
538,195
542,198
545,203
548,208
549,214
548,220
547,226
542,230
535,230
529,229
524,228
520,227
515,226
end box4
675,163
676,162
680,162
681,163
682,164
683,165
683,166
683,168
683,170
681,170
680,170
678,171
677,170
676,170
675,169
674,168
end box5
670,177
670,175
671,173
672,172
674,172
676,171
677,171
679,171
681,172
683,173
684,175
684,176
685,179
685,181
684,184
682,185
680,185
678,185
676,185
674,184
672,183
671,182
670,180
670,178
end box6
691,160
691,160
692,159
695,159
696,159
697,160
698,161
698,162
698,163
698,165
698,166
697,167
696,167
694,168
693,167
692,167
691,166
690,165
end box7
671,165
671,164
673,162
674,161
676,161
683,161
685,161
687,163
688,165
689,168
689,171
688,174
685,174
682,174
675,174
673,174
671,173
670,170
670,168
end box8
674,172
675,171
676,171
677,171
678,171
679,171
680,172
680,173
681,174
681,175
681,176
681,178
680,179
678,179
677,179
676,179
675,178
674,178
end box9
707,158
707,158
708,157
709,157
710,157
711,158
712,158
712,159
713,160
713,161
712,162
713,164
712,164
710,165
709,165
708,165
707,164
706,164
706,163
end box10
725,156
725,156
729,155
730,156
731,157
731,158
731,159
731,160
731,162
730,163
728,163
727,163
726,163
725,163
724,162
723,161
end box11
742,129
744,129
745,129
746,129
747,130
748,131
749,132
748,133
748,135
748,136
747,137
746,138
744,138
743,138
742,137
741,136
end box12
724,142
728,142
729,142
729,143
730,144
729,146
730,148
729,149
727,149
726,149
725,149
724,148
723,147
end box13
721,128
722,127
727,127
729,127
730,128
730,130
730,131
730,133
730,135
729,136
727,136
725,137
724,136
722,136
721,135
721,133
end box14
718,124
719,123
721,122
723,121
725,121
727,121
729,122
731,123
731,125
732,127
732,130
732,132
731,135
730,137
728,138
725,138
722,138
720,137
718,135
717,133
end box15
739,140
740,140
742,140
743,140
744,141
744,142
744,147
744,148
743,148
741,149
740,148
739,148
end box16
719,114
719,113
720,113
721,112
722,112
723,112
724,113
726,113
726,115
727,116
727,117
727,119
726,120
725,121
724,122
722,123
721,122
719,122
718,120
718,119
end box17
711,144
711,144
712,144
713,144
713,144
714,145
714,145
715,146
715,149
714,150
713,150
712,151
711,150
710,150
end box18
645,141
646,141
647,141
648,141
649,141
649,142
649,147
648,148
647,148
646,148
645,147
end box19
663,144
663,144
664,144
665,144
665,144
666,145
666,145
667,149
666,150
665,151
664,151
663,151
662,150
end box20
711,144
711,144
712,144
713,144
713,144
714,145
714,145
715,146
715,149
714,150
713,150
712,151
711,150
710,150
end box21
end total22boxes
