179,208
193,199
206,193
216,192
224,192
231,192
236,191
242,192
250,192
259,195
272,199
289,209
295,223
289,232
271,238
253,237
214,237
200,236
181,232
176,223
end box0
3,263
19,237
39,214
64,204
90,206
113,209
131,210
154,207
177,208
203,218
226,238
243,265
251,299
246,329
223,351
194,362
160,356
133,347
112,347
87,354
53,360
26,351
4,326
0,297
end box1
1011,164
1013,160
1015,158
1018,156
1021,156
1033,156
1037,157
1040,160
1042,164
1043,168
1043,173
1040,176
1035,177
1030,177
1027,176
1024,177
1020,177
1016,177
1012,176
1010,172
1010,168
end box2
326,194
326,193
328,191
329,190
331,190
338,190
340,190
342,192
343,194
344,197
344,200
343,203
340,203
337,203
330,203
328,203
326,202
325,199
325,197
end box3
312,196
312,194
313,192
314,190
316,190
318,189
320,189
321,189
324,190
325,191
327,193
328,195
328,198
328,200
327,203
325,204
322,205
320,205
317,205
315,205
313,204
311,202
311,200
311,197
end box4
318,193
320,190
323,188
325,187
328,187
338,186
340,188
344,190
346,193
348,197
347,201
344,204
340,205
336,204
327,204
324,204
320,203
317,200
317,197
end box5
412,173
413,172
414,172
415,172
416,172
417,173
417,174
417,178
417,180
415,180
414,181
413,180
412,179
end box6
418,162
419,163
420,165
420,168
419,169
418,171
end box7
482,160
486,160
487,161
488,162
488,167
487,168
486,169
484,169
483,169
482,168
end box8
130,175
132,169
137,167
140,173
141,207
138,211
132,209
130,201
end box9
403,160
404,161
405,162
405,167
404,168
403,169
400,169
399,168
end box10
349,178
349,178
351,178
351,178
352,179
352,179
353,180
353,181
353,182
353,183
352,184
351,184
350,184
349,184
348,184
end box11
end total12boxes
