581,187
583,184
585,181
587,179
590,179
603,178
605,180
607,184
609,186
610,190
609,195
608,199
604,200
589,199
585,200
582,199
581,194
581,190
end box0
423,175
423,173
425,171
426,170
428,169
438,169
440,170
442,172
443,175
443,178
443,181
442,185
439,185
427,186
424,186
422,184
422,181
422,178
end box1
587,177
588,175
589,174
591,172
601,172
603,173
605,175
606,177
606,180
606,183
605,186
602,186
592,186
589,186
587,185
587,182
587,180
end box2
508,177
508,175
509,173
510,172
512,172
514,171
517,171
519,171
521,172
522,174
523,176
524,179
524,181
523,184
521,185
518,185
513,185
511,186
509,185
507,183
507,181
507,179
end box3
442,177
442,176
444,174
445,173
447,172
455,172
457,173
458,175
460,177
460,180
460,183
459,186
456,187
453,187
446,187
443,186
442,185
441,182
441,180
end box4
418,175
420,171
423,169
426,167
429,167
441,167
444,168
448,171
451,174
452,179
451,184
448,187
443,188
428,188
424,188
420,187
417,183
417,179
end box5
349,176
349,176
350,175
351,175
352,175
353,176
354,176
354,177
355,178
355,179
355,180
355,182
354,182
352,183
351,183
350,183
349,182
348,182
348,181
end box6
363,175
363,175
364,174
365,174
366,174
367,174
368,175
368,176
368,177
368,178
368,179
368,180
367,181
366,182
365,183
364,183
363,181
362,180
362,180
end box7
952,27
954,21
957,14
962,11
968,8
974,6
981,6
987,7
994,9
1000,13
1004,19
1006,27
1005,34
1003,41
999,46
994,51
988,56
981,58
974,58
967,56
961,52
957,46
953,41
953,34
end box8
713,43
716,26
815,21
817,38
815,131
814,144
712,144
713,129
end box9
950,80
951,73
954,66
959,62
967,61
973,59
980,59
987,60
995,60
1001,64
1003,72
1005,80
1005,87
1004,95
1001,102
995,107
987,109
980,111
973,111
965,110
958,107
954,101
951,94
951,87
end box10
495,175
496,174
497,174
499,174
500,174
501,175
501,176
502,181
501,182
500,182
498,183
497,183
496,182
495,181
end box11
595,161
599,161
600,161
600,162
601,163
601,164
601,165
601,167
600,168
598,168
597,168
596,168
595,168
594,167
end box12
495,163
498,162
499,163
499,163
500,164
501,165
501,166
500,167
500,169
500,170
498,170
497,170
496,170
495,169
494,168
end box13
477,171
478,170
479,170
480,170
481,171
482,172
483,178
482,179
481,180
479,180
478,180
477,179
end box14
526,174
526,174
527,174
528,173
529,173
530,174
530,174
531,175
531,176
531,177
531,178
531,179
530,180
529,181
528,181
527,181
526,180
525,179
end box15
591,110
592,110
593,110
594,110
595,110
596,111
595,118
595,119
593,119
592,119
591,118
end box16
end total17boxes
