941,215
959,201
974,191
988,186
999,184
1011,184
1021,183
1032,185
1044,185
1060,189
1077,198
1092,214
1093,234
1088,249
1065,255
1043,256
1031,258
1021,259
1011,258
1001,256
987,256
960,258
941,250
938,235
end box0
625,147
627,143
630,140
633,138
636,138
649,138
652,140
655,143
657,146
658,151
658,156
655,160
651,161
635,160
631,160
627,159
625,155
625,151
end box1
660,146
660,146
661,145
662,145
663,145
664,146
664,146
665,147
666,148
666,149
666,150
666,152
665,152
663,153
662,153
661,153
660,152
659,151
659,151
end box2
676,144
677,144
677,144
678,144
679,144
679,144
680,145
681,145
681,146
681,147
681,148
681,149
680,150
679,150
678,151
677,150
676,150
676,149
675,148
end box3
634,147
634,145
636,143
638,142
649,142
652,142
654,144
655,147
656,150
656,154
654,157
651,157
640,157
636,157
634,156
633,153
633,150
end box4
732,175
737,167
742,155
750,148
760,148
771,148
780,149
790,149
801,150
811,154
819,164
821,174
819,188
818,200
815,214
806,217
789,212
780,214
771,215
760,215
744,218
736,215
733,200
733,188
end box5
627,174
629,171
633,169
636,168
647,168
650,169
655,171
658,174
659,178
658,182
654,185
649,185
634,184
630,184
627,182
626,178
end box6
635,175
636,173
638,172
639,171
648,171
650,172
652,173
654,175
654,178
654,181
653,183
650,184
647,184
640,183
638,184
636,183
635,180
635,178
end box7
654,149
654,147
655,146
657,145
658,144
660,144
663,144
665,144
666,145
668,147
669,149
669,151
669,153
668,156
666,156
664,157
661,156
660,156
658,156
656,156
654,154
654,152
654,150
end box8
658,153
662,153
663,153
663,154
664,155
664,156
664,157
664,159
663,159
661,160
660,160
659,160
658,159
657,159
657,158
end box9
611,162
612,161
613,161
614,161
615,162
616,162
616,163
616,165
616,166
616,167
616,168
614,169
613,170
612,169
611,168
610,167
end box10
816,157
817,155
818,155
820,155
821,157
822,158
823,165
822,167
820,168
819,170
817,169
815,167
end box11
609,170
610,169
611,169
612,169
613,170
614,171
615,177
614,178
613,179
611,179
610,179
609,178
608,177
end box12
728,173
729,173
730,172
731,172
732,172
734,172
734,173
735,175
735,177
735,178
735,180
734,181
733,182
731,183
730,182
729,181
728,180
end box13
623,144
624,143
625,143
627,143
628,143
629,144
630,145
630,150
629,151
628,152
626,152
625,152
624,151
623,150
end box14
744,193
745,192
746,192
747,192
748,192
748,193
749,198
749,200
747,200
746,200
745,200
744,199
end box15
end total16boxes
