801,249
825,219
860,195
891,187
919,184
942,185
964,186
987,188
1009,194
1037,203
1070,223
1096,250
1107,291
1096,319
1060,337
1018,338
920,335
884,343
843,339
803,323
794,292
end box0
-9,204
0,178
29,181
60,193
81,202
103,208
120,215
135,228
146,246
149,267
154,289
152,314
153,341
137,354
110,355
85,351
61,356
30,369
-3,377
-8,351
end box1
99,231
117,208
133,192
159,188
181,187
198,189
213,190
229,189
247,192
269,198
292,212
307,234
315,263
308,285
283,294
249,299
232,303
215,298
199,296
184,294
163,295
128,298
107,283
100,259
end box2
487,190
489,187
493,185
495,183
498,183
505,183
509,183
511,184
515,186
518,190
519,194
518,199
515,201
510,202
506,201
497,201
494,201
489,201
486,198
486,194
end box3
501,190
501,188
503,186
504,185
506,184
511,184
513,185
515,185
517,187
518,189
518,192
518,194
517,197
515,198
512,198
510,198
507,198
505,198
503,198
501,196
501,194
501,192
end box4
678,175
680,172
683,169
686,167
703,167
707,168
711,171
713,175
713,180
713,185
710,189
705,190
689,190
685,190
680,189
678,184
678,180
end box5
391,188
391,187
393,185
394,184
396,184
403,184
405,185
407,186
408,188
409,191
409,194
407,196
404,197
402,196
395,197
393,196
391,195
390,193
390,191
end box6
492,191
493,189
494,187
495,186
497,186
499,185
502,185
504,186
506,186
508,188
509,190
509,193
509,196
508,198
505,199
503,199
500,199
498,199
496,199
494,199
492,197
492,195
492,193
end box7
470,189
472,186
475,184
477,182
480,182
491,181
493,183
496,186
499,189
499,193
499,197
497,201
493,202
478,201
474,202
471,201
469,196
469,193
end box8
473,191
473,189
475,188
477,186
479,186
487,186
489,187
491,189
493,191
493,194
493,198
492,201
489,201
477,201
474,201
472,200
471,197
472,194
end box9
704,175
705,173
706,171
707,170
716,170
718,172
719,174
720,176
720,179
720,181
719,185
717,186
715,187
707,186
705,185
703,183
end box10
656,179
657,177
658,175
659,174
661,173
669,173
671,174
672,176
673,178
674,181
674,184
673,187
670,188
667,188
660,188
658,187
656,185
656,183
655,181
end box11
685,175
685,173
687,171
689,169
701,168
704,169
706,172
707,175
707,178
707,182
706,185
702,186
690,186
687,186
685,184
684,181
684,178
end box12
558,179
558,177
559,175
560,174
562,173
564,172
566,171
568,172
570,173
571,174
572,176
573,178
573,181
573,183
572,186
571,188
568,189
566,189
563,189
561,189
559,187
558,185
558,182
558,180
end box13
432,162
433,161
436,161
437,161
438,162
439,163
439,164
439,166
439,168
438,169
437,170
435,170
434,170
433,169
432,168
end box14
561,175
562,174
563,174
564,174
565,174
567,174
568,175
569,176
570,178
570,179
569,181
569,183
568,184
566,185
564,185
563,185
561,184
560,183
560,182
end box15
451,178
452,177
453,177
454,177
455,178
456,178
456,179
456,180
456,181
456,182
456,184
456,185
454,185
453,186
452,185
451,184
450,183
end box16
459,178
459,178
460,178
461,178
461,178
462,179
462,179
463,180
463,181
463,182
463,183
462,184
461,184
460,185
459,184
458,184
458,183
end box17
460,187
460,187
461,187
462,186
463,186
464,187
464,187
465,188
465,189
465,190
465,191
465,192
464,193
463,193
462,194
461,193
460,193
459,192
end box18
414,172
415,172
416,172
417,172
417,172
418,172
419,173
419,177
418,178
417,179
416,179
415,179
414,178
end box19
742,142
743,141
744,141
745,141
746,142
747,143
747,149
747,150
746,151
744,152
743,152
742,150
end box20
413,162
414,161
415,161
416,161
417,161
418,162
418,167
418,169
417,169
415,170
414,170
413,168
end box21
661,174
662,174
666,174
668,174
668,175
669,177
669,178
669,180
669,182
668,183
666,183
664,183
663,183
661,183
660,182
660,180
end box22
384,158
385,158
386,158
387,158
388,158
389,159
390,160
390,165
389,166
388,167
386,167
385,167
384,166
383,165
end box23
722,154
723,154
726,154
727,154
728,155
727,164
726,165
724,165
723,165
721,164
end box24
430,173
431,173
432,172
433,172
433,173
434,174
435,174
435,178
434,179
433,180
432,180
431,180
430,179
end box25
499,173
500,174
500,174
501,175
501,176
501,177
501,178
500,179
499,179
497,179
496,179
496,178
end box26
561,140
562,140
565,139
566,140
567,141
566,150
565,151
563,151
562,151
560,150
end box27
end total28boxes
