600,195
600,190
606,184
610,179
616,179
623,178
628,178
635,178
642,179
646,183
651,190
653,195
653,203
653,212
652,221
647,223
615,222
604,224
601,221
600,211
601,203
end box0
575,182
575,181
577,179
578,178
580,177
588,177
590,178
591,180
593,182
593,185
593,188
592,191
589,191
586,192
579,192
576,192
574,190
574,187
574,185
end box1
589,182
589,180
590,179
591,177
593,177
595,176
596,176
598,176
600,177
602,178
603,179
604,181
604,184
604,186
603,189
601,190
599,190
597,190
594,190
592,190
591,189
589,188
589,185
589,183
end box2
605,180
605,178
606,177
608,175
609,175
616,175
618,175
620,177
620,179
620,182
620,184
619,186
617,187
614,187
610,188
608,188
606,187
605,186
604,184
604,181
end box3
609,173
609,173
612,172
613,173
614,173
614,174
614,175
614,176
614,177
614,179
613,179
612,180
611,180
610,180
609,179
608,179
608,178
end box4
691,160
691,160
692,159
693,158
694,159
695,159
695,160
696,161
696,162
696,163
696,164
696,165
695,166
695,168
693,168
692,168
691,166
691,165
end box5
511,180
511,179
512,178
513,178
514,178
515,179
515,180
516,181
516,182
516,183
516,184
516,185
515,186
515,188
513,189
512,188
511,186
511,185
end box6
640,141
645,140
646,141
647,142
648,143
648,144
647,146
647,147
646,148
645,149
643,149
642,149
641,148
640,147
end box7
612,159
612,159
614,159
614,159
615,160
615,160
616,161
616,163
616,164
615,165
614,165
613,166
612,165
611,165
end box8
597,159
598,159
599,160
599,161
599,162
599,163
599,164
599,165
597,166
596,166
595,166
594,165
end box9
547,142
548,141
550,141
551,142
552,143
553,149
552,150
551,151
549,151
548,151
547,150
end box10
549,157
550,157
550,158
551,163
550,164
548,164
546,164
545,163
544,163
end box11
674,130
674,129
675,129
676,129
677,129
678,129
679,130
679,131
680,132
680,133
680,134
680,136
679,137
678,137
676,138
675,138
674,137
673,136
673,135
end box12
630,160
631,160
632,161
632,162
632,164
632,165
631,166
630,167
629,167
628,167
627,166
end box13
529,143
530,143
531,142
533,142
535,143
536,143
536,150
536,152
534,152
532,153
531,152
529,152
end box14
659,113
662,112
663,112
664,113
664,114
665,115
665,116
665,117
665,119
664,120
663,120
661,120
660,120
659,120
658,119
end box15
627,126
628,125
629,125
630,125
631,125
632,126
632,127
633,128
632,129
632,130
632,131
632,133
630,133
629,134
628,133
627,133
626,132
end box16
646,157
646,157
647,158
647,159
647,161
647,162
646,163
645,164
644,164
643,164
642,163
end box17
609,114
610,113
611,113
612,113
613,114
613,114
614,115
614,116
614,118
614,119
614,120
612,121
611,121
610,121
609,121
608,119
end box18
577,158
577,158
579,158
579,158
580,158
580,159
581,163
580,164
579,165
578,165
577,165
576,164
end box19
644,131
645,131
646,131
647,131
648,131
649,132
649,133
650,134
650,135
650,136
650,138
649,139
648,140
646,140
645,140
644,139
end box20
788,126
789,125
790,125
791,125
792,126
793,127
794,128
794,133
793,134
792,135
790,135
789,135
788,134
787,133
end box21
634,140
635,141
636,142
637,143
636,146
636,147
635,148
634,149
632,149
631,149
630,148
629,147
end box22
577,158
577,158
579,158
579,158
580,158
580,159
581,163
580,164
579,165
578,165
577,165
576,164
end box23
end total24boxes
