598,202
599,196
603,189
607,183
615,182
636,182
645,183
650,187
653,196
654,202
654,210
654,219
652,228
647,231
636,229
614,231
604,232
599,228
598,219
599,210
end box0
589,190
589,188
590,186
591,185
593,184
595,184
598,184
601,184
603,185
604,187
604,189
604,192
603,194
603,196
601,198
599,198
597,198
594,198
592,198
590,198
589,196
589,193
589,191
end box1
560,176
565,176
566,176
567,177
567,178
568,179
567,181
567,182
566,183
564,183
562,183
561,183
560,182
559,181
end box2
734,106
735,104
758,103
759,105
758,113
756,115
736,114
734,112
end box3
591,172
596,171
597,172
598,173
598,174
598,175
598,176
598,178
597,179
595,179
594,179
593,179
592,179
591,178
end box4
723,131
724,131
726,131
727,131
728,132
729,133
729,134
729,136
729,138
728,139
727,140
725,140
724,140
723,139
end box5
648,107
649,108
650,109
650,114
649,115
648,115
645,115
644,115
643,114
end box6
724,138
728,138
729,138
730,140
730,145
729,146
728,147
725,147
723,147
723,145
end box7
739,172
740,171
741,171
742,171
743,172
743,172
743,178
742,179
741,179
740,179
739,178
end box8
744,122
745,121
748,121
749,122
750,123
750,132
748,134
747,134
744,134
743,133
end box9
723,131
724,131
726,131
727,131
728,132
729,133
729,134
729,136
729,138
728,139
727,140
725,140
724,140
723,139
end box10
770,171
771,170
772,170
773,171
774,171
775,172
775,177
774,179
774,179
772,180
771,180
770,179
end box11
end total12boxes
