433,202
433,195
438,188
443,184
451,184
458,183
465,182
472,184
479,185
483,190
489,197
492,202
493,211
492,220
489,228
482,230
472,229
465,228
451,229
442,230
437,226
435,218
435,210
end box0
344,227
353,218
363,209
370,203
381,202
390,202
399,201
409,202
420,202
427,209
436,219
446,227
450,242
449,257
441,266
423,267
409,266
399,265
390,264
381,265
367,266
349,266
343,256
342,242
end box1
735,243
753,214
780,190
807,179
836,178
860,182
881,183
906,182
929,187
957,196
983,216
999,244
1008,281
999,311
973,331
938,336
905,329
861,325
835,334
799,344
761,338
735,315
731,282
end box2
495,193
496,190
498,186
500,184
504,184
511,184
515,184
518,184
520,187
524,190
525,193
525,198
526,203
525,208
521,209
516,209
504,207
500,207
497,205
496,201
496,197
end box3
524,192
524,189
525,188
526,186
529,186
531,185
534,185
537,186
538,187
540,189
540,191
541,194
541,196
540,199
538,201
535,201
533,201
530,200
528,200
526,199
525,198
524,196
524,193
end box4
682,204
685,197
689,190
695,186
701,184
708,184
715,184
721,185
730,185
738,187
742,195
743,203
743,212
741,220
737,227
729,229
721,229
714,229
708,230
700,232
691,232
683,229
680,221
680,212
end box5
620,179
620,177
622,175
623,174
625,173
633,173
635,174
636,176
637,178
637,181
637,184
636,186
634,187
631,187
626,187
624,188
622,187
620,186
620,183
620,181
end box6
538,189
538,187
539,185
540,184
542,183
547,183
549,184
551,185
552,186
553,188
553,191
553,193
552,196
550,197
548,197
545,196
544,196
541,196
540,196
538,195
538,192
538,190
end box7
647,189
648,186
651,182
653,179
657,178
673,179
676,181
679,185
680,189
680,194
680,199
679,205
675,206
656,206
650,207
647,205
646,198
646,194
end box8
549,187
550,186
552,184
553,183
562,183
564,184
566,185
568,187
568,190
568,193
567,195
563,195
554,195
552,195
549,195
548,192
548,190
end box9
554,188
555,187
555,186
556,186
561,185
562,186
563,187
564,188
564,189
564,191
564,193
562,193
560,193
557,193
555,193
554,192
554,190
554,189
end box10
624,176
624,175
625,175
629,175
630,175
631,177
632,178
632,179
632,181
632,182
630,183
629,184
627,184
626,184
624,183
623,183
623,181
end box11
526,190
526,189
527,189
528,188
529,189
530,189
531,189
532,190
533,191
533,192
533,193
533,194
533,196
532,197
531,198
529,198
528,198
527,197
526,196
525,195
end box12
557,182
558,180
559,178
560,176
562,176
567,176
570,176
572,177
573,179
574,181
574,184
574,187
573,189
571,191
568,191
566,191
563,190
561,191
559,190
557,188
557,186
557,184
end box13
576,180
576,179
577,179
578,178
579,179
580,179
581,180
581,181
582,182
582,183
582,184
582,186
581,187
580,188
578,189
577,188
576,187
575,186
end box14
532,172
533,172
533,173
534,174
534,175
534,176
534,178
533,179
531,179
529,179
528,178
527,178
527,177
end box15
574,184
575,184
577,184
578,184
579,185
579,186
580,191
579,192
577,192
576,192
575,192
574,192
573,191
end box16
609,174
610,174
611,174
612,174
613,174
614,175
615,176
615,181
614,182
613,183
611,183
610,183
609,182
608,181
end box17
end total18boxes
