621,174
622,172
623,170
625,169
626,169
633,169
634,170
636,172
637,173
638,176
638,179
637,181
634,181
631,181
625,181
623,181
621,180
621,178
621,176
end box0
625,176
626,175
626,175
627,174
627,174
630,173
631,174
632,174
632,175
633,176
633,177
633,178
633,180
632,180
630,181
629,181
628,181
627,180
626,180
625,179
end box1
585,173
585,171
587,170
588,169
589,168
596,168
597,169
599,171
600,172
600,175
600,177
599,179
597,180
594,180
592,180
591,180
589,180
587,180
585,179
584,177
584,175
end box2
394,193
394,191
394,186
396,180
399,171
405,168
409,176
411,183
411,189
411,192
411,195
411,198
410,200
410,203
412,211
411,222
406,224
398,225
394,216
395,206
396,201
395,199
end box3
477,181
477,179
478,178
478,176
479,173
481,168
485,165
487,168
489,173
489,176
489,179
489,181
489,182
489,184
488,186
488,189
488,196
485,200
481,198
479,191
479,186
478,185
478,183
478,182
end box4
427,176
427,175
428,173
429,173
430,173
431,175
432,176
432,177
432,178
432,179
432,180
432,182
432,183
431,185
430,186
428,185
427,183
426,182
end box5
329,188
328,186
328,184
329,181
330,177
333,173
336,172
339,175
341,179
342,182
342,185
342,187
342,189
342,191
341,194
341,198
340,204
337,206
332,206
330,200
329,195
329,193
329,191
329,189
end box6
546,141
547,140
548,140
551,140
552,140
553,141
553,148
553,150
551,151
549,151
548,151
546,150
545,149
end box7
837,139
838,137
839,137
841,137
842,139
843,149
841,151
840,152
837,151
836,150
end box8
161,155
162,154
176,153
178,154
179,170
177,172
162,171
end box9
710,139
714,139
715,140
716,141
716,142
716,146
715,147
714,148
712,148
711,148
710,147
709,146
end box10
786,125
787,124
789,124
791,124
792,124
793,125
794,126
795,128
794,129
794,131
794,133
793,134
791,135
789,135
788,135
786,134
785,133
784,132
end box11
782,124
783,123
785,122
787,122
788,121
790,122
792,122
794,123
795,125
795,130
795,132
795,134
793,136
791,137
789,137
786,137
784,137
782,135
782,133
end box12
888,11
894,2
906,-2
932,1
940,7
939,86
933,92
890,99
884,88
end box13
664,148
665,148
666,149
666,150
666,151
666,152
666,153
666,155
664,155
663,155
662,155
661,154
end box14
695,143
696,144
697,145
697,150
696,151
695,152
693,152
692,151
691,151
690,150
end box15
1149,239
1153,229
1157,219
1162,209
1173,207
1184,206
1193,205
1204,207
1217,207
1224,216
1227,227
1230,238
1231,250
1233,264
1231,277
1220,284
1206,286
1194,287
1182,288
1171,286
1158,283
1147,276
1146,263
1147,250
end box16
820,124
821,122
821,120
822,119
824,118
826,118
828,117
830,117
832,117
834,119
834,121
834,128
834,130
833,132
830,133
828,133
826,133
823,132
822,131
821,129
821,127
820,125
end box17
end total18boxes
