-8,229
39,196
80,182
121,183
146,182
163,181
179,180
197,181
215,186
249,189
289,202
338,232
357,276
333,294
263,301
218,300
198,303
122,299
77,302
11,293
-11,274
end box0
250,202
260,181
283,176
306,177
320,178
330,181
339,179
348,181
358,182
371,186
388,193
412,206
426,228
419,242
391,250
366,250
255,223
end box1
641,192
643,189
646,187
649,184
652,184
661,184
665,184
668,186
671,189
673,192
674,197
674,202
672,207
667,207
662,205
651,206
646,207
642,206
640,201
640,197
end box2
341,204
349,190
361,184
376,184
388,186
395,186
402,185
409,186
418,186
427,191
440,196
456,206
464,223
460,235
444,242
424,242
412,240
403,240
395,239
347,231
341,220
end box3
632,190
632,188
634,186
635,184
636,183
638,182
641,182
643,182
646,182
648,184
649,186
649,189
648,197
646,198
643,199
641,200
638,201
635,201
633,199
632,197
631,194
631,192
end box4
555,179
555,177
556,176
558,174
560,174
567,174
569,175
571,177
572,179
573,182
573,185
572,188
569,188
566,188
559,188
557,188
555,186
554,184
554,182
end box5
538,178
538,176
540,174
541,173
544,173
552,173
554,174
556,176
557,178
557,181
557,184
556,187
553,188
550,187
543,187
541,187
539,185
538,183
538,181
end box6
568,181
568,179
569,178
571,176
573,176
581,176
583,177
584,179
585,181
586,184
586,187
585,190
582,191
579,190
572,191
569,190
568,189
567,186
567,184
end box7
621,182
621,180
623,178
624,177
626,176
631,176
634,176
636,177
637,179
638,181
638,184
638,187
637,189
635,190
632,190
630,190
627,191
625,191
622,190
621,189
620,186
620,184
end box8
460,191
460,184
464,179
471,178
477,178
487,179
491,180
496,180
501,182
505,187
510,192
513,199
513,206
507,211
499,212
492,212
487,211
482,211
478,211
473,210
467,207
463,203
461,198
end box9
559,176
560,175
561,175
565,175
566,176
567,177
568,178
568,179
568,181
568,183
566,183
565,184
562,183
560,183
559,183
559,182
end box10
625,188
625,186
626,184
627,183
629,182
631,182
634,181
637,182
639,183
640,185
640,187
640,190
640,192
640,195
637,196
635,196
633,196
630,196
628,196
626,196
625,194
624,192
624,189
end box11
590,179
590,177
592,176
594,174
604,174
606,175
608,177
609,179
610,182
610,185
608,188
605,189
595,188
592,189
590,187
589,184
589,182
end box12
542,174
542,173
543,173
547,173
548,174
549,175
550,176
550,177
550,179
550,181
548,181
547,181
544,181
543,181
542,180
541,179
end box13
575,177
576,176
577,176
581,176
583,176
583,177
584,179
584,180
584,182
584,184
583,185
581,185
578,185
576,185
575,184
574,183
end box14
626,178
627,177
630,177
631,177
632,178
633,179
633,180
633,181
633,183
633,184
632,185
631,185
629,186
628,185
627,185
626,184
625,183
end box15
538,188
538,186
539,184
541,183
543,182
552,183
554,184
556,186
557,188
557,191
557,194
557,197
554,198
550,198
543,198
540,197
539,196
538,193
538,191
end box16
469,191
468,187
471,183
474,181
479,181
489,182
493,182
496,185
500,187
502,191
503,196
503,201
501,206
496,208
491,208
486,207
483,206
479,206
476,205
472,203
470,200
469,196
end box17
634,189
635,186
638,183
640,181
643,180
646,180
652,181
656,180
659,182
662,185
663,189
663,193
662,197
661,200
656,202
652,201
646,202
642,203
638,202
635,201
634,196
634,193
end box18
514,181
516,177
520,175
524,174
537,174
540,175
545,177
549,180
550,185
549,190
544,193
539,193
519,191
514,189
513,185
end box19
724,195
731,189
741,185
748,185
777,185
787,188
796,195
798,205
794,211
781,214
745,215
734,215
722,212
720,205
end box20
610,176
610,176
611,175
612,175
613,175
614,176
615,176
615,177
616,178
616,179
616,180
616,182
615,183
613,183
612,183
611,183
610,183
609,182
609,181
end box21
570,188
570,186
572,184
573,183
575,182
583,182
584,183
586,185
587,187
587,190
587,193
586,195
584,196
581,196
574,196
572,196
570,195
569,192
569,190
end box22
536,179
537,175
539,173
542,171
546,172
553,172
556,172
559,173
562,175
565,179
566,183
565,187
563,190
559,192
554,191
542,190
539,189
537,186
536,182
end box23
785,122
787,120
790,118
793,117
796,117
800,117
803,119
805,121
808,131
808,135
808,140
805,143
801,144
796,145
793,144
789,143
785,142
783,139
783,134
783,131
end box24
645,171
646,172
647,173
648,174
648,175
647,177
648,178
646,179
645,180
642,179
641,179
640,178
end box25
647,166
648,166
649,167
649,168
649,169
649,170
649,172
648,173
647,173
645,174
644,173
643,173
642,172
end box26
724,164
725,164
726,163
727,163
728,163
730,164
731,164
732,165
732,167
732,168
732,170
732,172
731,173
729,174
727,174
726,174
724,173
723,172
723,170
end box27
88,117
90,111
95,109
98,114
99,149
96,154
90,151
88,143
end box28
514,159
514,159
516,159
516,159
517,160
518,160
518,161
518,162
518,163
518,164
517,165
516,165
515,166
514,165
513,165
513,164
end box29
530,161
532,161
533,162
534,162
534,163
534,164
534,165
534,166
533,167
532,167
531,168
530,167
529,167
end box30
end total31boxes
