328,220
334,210
344,199
352,191
364,190
375,190
386,189
398,190
410,191
417,198
428,210
434,220
434,236
434,252
429,264
414,266
396,262
385,262
376,262
365,262
347,266
332,265
329,251
328,236
end box0
492,183
492,182
493,181
493,181
498,180
499,181
500,182
501,183
501,184
501,186
501,188
499,188
498,188
496,188
495,188
494,188
492,188
491,187
492,185
492,184
end box1
456,189
456,186
457,185
459,183
461,183
466,183
469,183
470,184
472,186
473,188
473,191
473,194
472,197
470,198
467,197
465,197
462,197
460,197
458,196
456,195
456,193
456,190
end box2
508,181
508,180
509,179
509,179
510,178
514,178
515,179
516,180
517,181
517,182
517,184
517,186
515,186
513,186
512,186
511,186
510,186
508,186
508,185
508,183
508,182
end box3
441,190
443,187
445,185
447,183
450,183
457,184
460,183
462,185
465,187
467,190
468,194
468,198
466,201
462,202
458,201
449,201
446,201
443,200
441,197
441,193
end box4
479,181
479,181
485,181
486,182
487,183
487,184
487,186
487,188
485,188
483,188
480,188
478,187
478,187
end box5
539,181
539,179
540,178
542,176
543,176
550,176
552,177
553,178
554,180
554,183
554,185
553,188
551,188
542,189
540,188
539,187
538,185
538,182
end box6
525,182
526,180
527,179
528,178
529,177
536,177
538,178
539,180
540,181
540,184
540,186
539,188
537,189
534,189
532,189
531,189
528,190
526,189
525,187
525,185
525,183
end box7
506,182
506,180
508,179
509,178
510,177
517,177
519,178
520,179
521,181
521,184
521,186
520,189
518,189
515,189
511,189
509,190
507,189
506,188
505,186
505,183
end box8
528,179
528,178
529,177
533,177
534,178
535,179
535,180
535,181
535,182
535,184
534,185
532,185
531,185
530,185
529,185
528,184
527,183
end box9
541,179
541,178
542,177
542,177
543,176
547,176
548,177
549,178
549,179
549,180
549,182
549,183
548,184
546,184
544,184
543,184
542,183
541,182
541,181
end box10
488,183
489,181
491,180
492,179
493,178
500,178
501,179
503,180
504,182
505,185
505,187
504,190
501,190
498,190
492,190
490,190
488,189
488,187
488,185
end box11
442,192
442,190
444,188
445,187
447,186
452,186
454,187
456,187
458,189
459,191
459,194
459,196
458,199
456,200
453,200
450,200
448,200
446,200
444,200
442,198
442,196
442,194
end box12
473,184
474,182
475,180
476,179
485,179
486,180
488,181
490,183
490,186
490,189
489,191
486,191
483,191
478,191
475,191
474,190
473,188
473,186
end box13
554,181
554,180
556,178
557,176
559,176
567,176
569,177
571,179
571,181
571,184
571,187
570,189
568,191
565,192
558,191
555,190
554,188
554,186
554,184
end box14
424,191
424,189
425,187
426,186
428,185
433,185
435,186
436,187
438,189
439,190
440,193
439,195
438,198
436,199
434,199
432,199
430,198
428,198
426,198
424,196
424,194
423,192
end box15
640,180
641,179
641,177
643,176
645,175
647,174
648,175
650,176
651,178
652,180
652,182
653,184
653,186
652,188
651,190
649,192
647,192
644,191
642,190
641,188
640,187
end box16
464,179
467,179
468,179
469,180
469,181
470,182
470,183
470,185
468,185
467,185
465,185
464,185
463,185
463,184
end box17
597,178
601,172
607,168
613,167
631,167
637,166
643,168
648,172
654,178
656,186
655,194
647,197
638,198
632,198
627,198
622,198
617,198
611,198
602,197
596,193
596,186
end box18
458,184
458,182
459,181
461,180
462,179
469,179
470,180
471,182
473,183
473,186
473,188
472,190
470,191
467,191
462,191
460,190
458,189
458,187
457,185
end box19
388,135
405,134
406,136
405,148
403,150
389,149
387,147
end box20
389,130
390,128
400,127
402,129
402,141
401,143
391,143
389,142
end box21
559,177
564,177
566,177
567,178
567,180
567,181
567,183
567,185
566,186
564,186
562,186
561,186
559,186
558,185
558,184
end box22
419,156
423,156
424,157
425,158
425,161
425,163
424,164
422,164
421,165
420,164
419,164
end box23
565,160
566,160
566,161
567,162
567,164
567,166
566,167
564,167
561,166
560,166
end box24
574,190
575,189
576,188
577,188
578,188
579,189
580,190
580,191
581,192
581,193
581,194
581,196
580,197
579,198
577,199
576,198
575,197
574,196
end box25
620,141
621,139
623,138
625,138
627,138
629,138
631,139
633,140
633,142
633,152
632,154
630,155
627,155
624,155
622,154
620,153
619,150
end box26
560,185
561,185
562,184
563,184
564,184
566,185
567,185
567,187
568,188
567,189
567,191
567,192
566,193
565,194
563,195
562,194
560,193
559,192
559,191
end box27
379,156
380,155
382,155
383,156
384,157
385,163
384,164
383,165
381,165
380,165
379,164
end box28
497,149
497,149
499,149
500,149
501,154
500,155
499,156
498,156
497,155
496,155
end box29
end total30boxes
