972,274
987,244
1010,217
1031,198
1061,195
1089,195
1115,194
1146,190
1181,189
1208,203
1225,236
1230,270
1236,310
1235,347
1224,386
1191,393
1147,385
1115,377
1090,372
1061,374
1020,382
986,372
968,346
964,311
end box0
174,200
192,190
203,183
212,180
221,180
228,180
235,179
242,180
251,179
265,180
283,185
295,198
296,214
291,226
271,231
253,230
242,230
235,231
228,229
221,228
211,230
192,231
172,225
168,216
end box1
776,230
801,204
827,185
855,179
879,179
899,181
916,180
936,179
959,181
989,185
1014,203
1032,230
1040,265
1030,291
1000,308
965,313
939,312
917,307
897,308
874,315
845,320
807,312
775,296
769,267
end box2
724,205
731,197
737,188
744,182
753,180
762,180
771,179
779,180
792,179
805,182
814,191
813,204
810,216
807,228
801,236
787,237
778,238
770,240
762,241
752,243
740,243
727,240
721,230
721,217
end box3
1013,249
1033,229
1054,215
1073,207
1091,205
1107,204
1122,201
1141,198
1160,203
1185,208
1204,224
1214,247
1216,275
1207,296
1184,310
1161,318
1142,322
1123,319
1105,318
1086,321
1063,323
1031,318
1010,302
1006,278
end box4
565,180
565,178
566,176
567,175
569,174
574,174
576,174
578,175
579,177
580,179
580,182
580,184
580,187
578,188
575,188
573,188
570,188
568,188
566,188
565,186
564,184
564,181
end box5
702,191
705,185
709,179
715,176
721,175
746,175
754,176
758,182
759,190
732,214
727,215
720,216
711,216
704,214
700,207
701,199
end box6
756,156
757,156
758,155
759,155
760,155
761,156
762,157
763,163
762,164
761,165
759,166
758,165
756,165
end box7
end total8boxes
