10,247
14,224
27,204
52,200
76,199
96,203
112,207
128,209
143,214
160,221
182,235
193,253
201,279
196,302
182,315
153,321
132,319
113,311
81,314
57,318
29,320
20,299
15,275
end box0
964,196
983,186
995,180
1005,178
1013,177
1019,177
1026,176
1033,177
1042,176
1054,178
1069,183
1084,195
1089,211
1084,223
1065,228
1044,227
1034,225
1026,224
1019,223
1012,224
1000,227
982,227
961,223
958,212
end box1
638,199
669,181
695,176
713,174
724,172
734,172
743,172
752,174
763,174
779,177
805,182
837,199
843,223
828,234
791,242
768,240
709,240
685,242
647,235
635,224
end box2
1095,283
1099,264
1106,246
1117,229
1134,220
1154,216
1175,211
1202,206
1222,212
1231,234
1234,354
1229,378
1203,379
1176,375
1152,371
1128,371
1101,369
1091,352
1090,326
1092,302
end box3
0,264
1,242
7,222
21,222
38,252
48,260
54,266
58,274
60,282
62,289
64,297
64,305
64,317
62,332
55,345
41,347
23,362
6,368
1,341
end box4
844,175
847,172
851,169
854,168
857,169
867,168
870,169
875,171
878,175
880,179
879,184
874,186
869,187
856,186
853,186
847,186
843,184
842,179
end box5
730,157
731,157
732,157
733,157
734,157
735,158
735,165
734,166
732,166
731,166
730,165
end box6
936,160
939,160
940,160
941,161
941,162
942,167
941,168
940,169
938,169
937,168
936,168
end box7
705,159
706,158
707,158
708,158
709,158
710,159
710,160
710,164
710,166
709,166
707,167
706,166
705,166
end box8
3,295
4,283
3,261
11,248
24,252
39,273
49,277
56,283
60,291
62,298
64,306
65,314
65,323
65,334
63,349
55,359
42,357
26,368
8,380
3,358
3,336
0,325
end box9
end total10boxes
