122,218
129,212
137,207
144,205
149,204
165,205
172,205
179,206
188,211
195,218
198,229
195,237
185,241
173,241
166,240
149,242
141,242
129,242
120,238
120,228
end box0
791,226
812,203
834,185
859,180
880,179
899,180
914,179
933,177
953,180
977,187
1006,203
1022,227
1029,259
1023,284
993,298
960,301
934,298
881,292
853,300
821,299
795,282
788,257
end box1
395,209
409,199
420,192
431,190
440,190
461,191
470,190
485,190
499,195
508,208
508,223
504,236
488,240
469,239
461,239
454,241
447,240
440,239
429,241
410,241
394,237
392,225
end box2
638,195
654,175
672,157
696,153
717,153
734,156
749,155
766,151
786,154
810,159
831,173
841,196
848,225
842,249
819,258
784,261
765,262
749,261
733,263
716,264
696,265
658,263
634,252
633,226
end box3
476,206
497,195
514,189
527,187
536,187
544,187
551,186
558,187
569,186
585,187
604,192
619,206
622,224
613,236
589,242
522,244
502,244
476,238
472,226
end box4
1204,194
1205,190
1206,186
1207,181
1210,176
1215,172
1221,170
1229,167
1233,173
1233,183
1234,219
1230,225
1222,224
1213,225
1205,226
1203,216
1204,206
1204,201
1204,197
end box5
4,223
5,217
7,211
12,207
19,207
25,206
30,206
36,207
42,208
47,211
49,218
52,223
53,230
53,237
50,244
44,247
37,248
31,247
24,249
17,250
9,249
5,244
4,237
5,230
end box6
427,175
428,175
429,175
430,175
431,175
432,176
432,177
433,182
432,183
431,184
429,184
428,184
427,183
end box7
425,159
426,159
427,159
428,158
429,159
430,160
430,167
429,168
427,168
426,168
425,167
end box8
end total9boxes
