379,221
389,213
399,201
405,191
417,190
429,191
439,191
450,192
465,191
479,195
493,206
495,219
493,237
490,253
484,265
467,266
399,268
383,266
376,254
376,238
end box0
667,204
670,198
676,190
681,184
688,183
696,183
703,183
710,184
720,184
727,187
733,195
735,203
734,214
732,223
728,230
719,232
710,231
703,230
696,231
687,234
675,236
666,234
664,224
665,214
end box1
628,191
630,188
633,185
635,183
639,183
653,182
655,184
659,188
661,191
661,196
660,201
658,205
654,206
649,205
638,206
633,206
629,205
628,200
628,196
end box2
772,262
783,232
798,209
821,190
848,182
874,180
901,179
931,176
967,176
993,191
997,224
952,358
925,363
900,370
873,371
848,367
821,359
784,348
770,328
769,294
end box3
-14,256
27,216
72,194
116,192
151,196
176,200
197,200
222,196
249,198
289,203
335,223
377,259
398,315
386,350
322,370
271,375
230,365
106,369
50,371
-5,346
-22,311
end box4
525,156
526,156
531,155
532,156
533,157
533,164
532,165
530,165
527,165
525,165
524,164
end box5
672,141
672,140
673,140
674,140
675,140
676,140
677,141
677,142
678,147
677,148
676,148
674,149
673,148
672,148
671,147
end box6
672,160
673,160
675,160
676,160
677,161
677,162
677,167
677,168
676,168
674,169
673,169
672,168
end box7
664,174
665,175
666,176
667,177
667,180
667,181
665,182
664,183
661,183
660,182
659,181
end box8
1009,76
1010,73
1033,73
1034,75
1034,83
1011,84
1009,82
end box9
526,147
527,146
528,146
529,146
530,147
531,148
532,149
532,154
531,155
530,156
528,157
527,156
526,155
end box10
714,170
715,171
716,172
716,177
715,178
714,178
711,178
710,178
709,177
end box11
629,159
630,159
630,160
631,165
630,166
628,166
627,166
626,166
625,166
end box12
901,107
907,105
947,105
955,107
955,117
952,120
903,120
900,116
end box13
743,158
744,158
745,158
747,158
748,158
749,159
748,167
747,169
745,169
744,169
742,168
end box14
end total15boxes
