563,191
564,188
567,185
569,182
572,182
585,182
588,184
591,187
592,190
592,195
592,199
591,204
587,205
571,205
566,205
563,204
563,198
563,194
end box0
481,193
483,190
485,187
487,185
490,185
499,185
503,184
505,187
508,190
509,193
510,197
510,201
509,206
505,207
500,206
489,206
485,206
482,204
481,200
481,196
end box1
503,187
503,185
505,183
506,183
512,183
514,183
516,185
517,186
518,188
518,191
518,193
518,196
516,197
513,198
511,197
508,197
506,197
505,196
503,194
end box2
522,183
522,182
524,180
525,179
527,179
534,179
536,179
538,181
539,183
540,186
540,189
539,192
536,192
533,191
526,192
523,192
522,191
521,188
521,186
end box3
982,199
1011,181
1037,174
1057,172
1069,171
1080,172
1089,171
1099,174
1112,174
1131,175
1156,181
1184,200
1191,225
1178,238
1142,248
1026,248
990,240
978,226
end box4
544,179
548,179
549,179
550,180
550,181
550,182
550,183
550,185
549,186
547,186
546,186
545,186
544,185
543,185
542,184
end box5
525,183
526,182
526,181
527,180
532,180
534,180
535,181
536,183
536,184
536,186
536,189
534,189
532,189
527,189
526,188
525,187
525,185
end box6
560,178
565,177
566,178
567,178
568,180
568,181
568,183
568,185
566,185
565,186
563,186
562,186
560,185
559,185
559,183
end box7
559,191
559,189
560,188
561,186
562,185
564,184
566,184
568,184
570,185
572,186
572,188
572,190
572,192
572,195
572,197
570,198
568,199
566,200
563,200
561,200
559,198
559,196
558,194
558,192
end box8
477,194
477,192
478,191
479,189
481,188
488,188
490,188
492,189
494,192
494,194
494,197
494,200
494,203
491,204
488,204
483,204
480,205
478,204
477,202
476,199
476,197
end box9
509,188
510,187
511,186
514,186
516,186
517,187
517,189
518,190
518,191
518,193
518,195
517,196
515,196
513,197
512,196
510,195
509,195
end box10
556,182
556,180
557,179
559,177
560,177
567,176
570,177
571,179
572,181
572,184
572,186
570,189
568,189
561,190
559,190
557,190
555,188
555,186
555,184
end box11
559,189
560,188
561,187
562,186
564,187
565,187
565,188
566,190
566,192
566,195
565,196
564,197
562,198
561,198
560,196
559,195
558,194
end box12
625,157
626,157
631,157
632,157
632,158
633,164
632,166
630,166
628,166
627,166
625,166
625,164
end box13
117,151
117,149
118,148
120,146
121,145
123,145
126,144
128,144
130,145
133,146
134,149
135,151
135,154
135,157
134,160
132,162
129,163
126,163
123,163
121,162
118,161
117,158
116,156
116,154
end box14
966,97
966,95
967,93
968,91
969,90
971,90
974,89
976,89
979,90
980,92
981,94
981,96
981,99
981,101
980,103
979,106
977,107
974,107
971,107
969,106
967,105
966,102
966,100
966,98
end box15
975,79
975,81
975,84
975,86
965,87
964,85
end box16
549,145
553,145
554,145
554,146
554,151
554,152
552,152
551,152
550,152
549,151
end box17
982,110
986,110
990,112
994,114
997,115
997,120
996,123
996,125
997,128
996,130
997,133
996,137
994,140
991,144
986,145
982,144
end box18
462,108
463,108
464,108
466,107
467,108
467,109
467,118
466,119
464,119
463,119
461,118
end box19
655,149
656,147
658,147
661,146
663,147
665,148
666,150
667,161
666,164
664,166
661,166
658,166
656,165
655,162
end box20
979,93
980,91
981,90
983,89
986,89
987,90
990,91
991,92
992,95
992,96
992,99
992,101
991,103
990,104
988,106
986,107
983,107
981,107
979,104
end box21
end total22boxes
