856,288
881,243
915,206
951,185
997,183
1034,184
1072,178
1112,173
1161,176
1206,193
1235,233
1253,283
1259,343
1252,397
1223,437
1166,447
1112,437
1070,429
1033,430
991,441
941,447
883,428
852,396
846,345
end box0
34,223
61,181
93,155
143,155
181,156
206,157
230,159
256,157
283,163
318,173
357,194
394,229
415,280
404,316
347,329
294,338
261,337
232,332
206,332
182,330
147,329
90,332
39,313
31,274
end box1
338,188
351,176
365,171
379,169
410,171
419,171
431,173
446,178
460,189
465,206
460,217
442,225
425,225
361,223
344,215
339,204
end box2
904,246
930,218
966,200
998,194
1021,185
1042,187
1063,189
1085,188
1108,196
1138,202
1175,217
1196,246
1201,285
1185,312
1147,324
1109,330
1018,339
994,335
954,328
907,319
902,288
end box3
0,225
11,196
31,177
64,174
91,173
112,177
130,180
149,181
168,186
192,192
215,208
228,231
237,263
228,288
205,302
176,311
155,316
133,310
67,308
33,309
10,289
2,260
end box4
425,189
425,181
426,174
434,172
442,173
453,173
459,174
465,174
471,177
474,183
478,189
480,197
480,205
476,211
467,213
460,214
454,213
448,213
443,211
437,210
431,207
428,202
end box5
501,178
503,174
505,171
508,170
512,170
519,171
523,170
526,172
529,174
531,178
533,182
532,186
529,190
525,191
520,190
517,190
511,190
508,189
504,188
502,185
501,182
end box6
486,180
487,177
489,174
492,173
495,173
502,174
505,174
507,175
510,177
512,180
513,184
513,188
511,191
507,192
503,191
500,191
489,189
487,186
486,183
end box7
506,177
506,175
508,173
509,172
512,172
520,172
522,173
523,175
525,177
525,180
525,183
524,186
521,187
518,187
511,186
509,186
507,184
506,182
506,180
end box8
523,177
523,175
524,173
525,172
527,171
532,171
534,172
536,173
537,174
538,176
539,179
539,181
538,184
536,185
533,185
531,185
528,185
526,185
524,184
523,183
522,181
522,178
end box9
540,176
540,174
541,172
542,171
544,171
551,171
553,172
554,173
555,175
555,178
555,180
554,183
552,183
549,183
543,184
541,183
540,182
539,180
539,177
end box10
6,12
9,6
16,6
23,5
31,5
34,11
34,51
30,57
23,59
15,58
9,57
7,49
end box11
495,159
496,158
497,158
498,158
499,159
499,159
500,160
500,161
500,162
500,163
500,164
500,166
498,166
497,166
496,166
495,165
end box12
end total13boxes
