497,204
520,186
548,180
568,180
580,179
590,180
599,179
608,182
619,182
636,184
659,190
687,206
696,229
684,242
649,250
541,250
506,242
495,230
end box0
147,192
148,190
149,188
150,187
152,186
153,184
156,184
158,184
160,186
162,187
163,189
165,191
165,194
165,197
163,199
161,201
159,203
156,203
153,203
151,202
149,200
147,198
147,196
146,194
end box1
1127,194
1127,192
1129,189
1130,187
1132,185
1135,184
1138,184
1141,185
1144,186
1146,188
1147,191
1148,194
1149,197
1148,200
1147,204
1145,206
1142,208
1138,209
1135,209
1131,208
1129,205
1127,203
1127,200
1126,197
end box2
298,160
299,159
300,159
302,159
303,160
304,161
305,169
304,171
302,172
301,173
299,172
297,171
end box3
854,173
855,173
857,173
858,173
859,174
859,175
859,179
859,181
857,181
856,182
855,181
854,181
end box4
1019,174
1020,173
1021,173
1023,173
1024,174
1025,175
1025,184
1023,185
1022,186
1020,185
1018,184
end box5
968,177
973,177
974,177
974,179
975,183
975,184
973,186
972,186
970,186
969,186
967,186
967,184
end box6
952,173
953,172
954,172
955,172
957,172
958,173
957,182
956,183
954,183
953,183
951,182
end box7
365,0
368,-1
394,0
395,5
395,18
394,23
391,26
382,28
end box8
911,189
912,188
913,188
915,188
916,189
917,190
918,198
917,199
915,200
914,201
912,200
910,199
909,198
end box9
804,152
805,152
807,152
809,152
810,153
809,161
808,162
806,163
805,162
803,162
end box10
313,92
317,89
355,89
361,92
361,100
358,103
315,103
312,99
end box11
22,160
23,160
24,159
26,160
27,160
28,161
29,162
29,164
29,165
29,167
29,168
28,170
26,171
24,171
23,171
21,170
20,169
20,167
end box12
18,161
20,160
22,159
24,159
25,159
27,160
29,161
30,163
30,166
30,168
30,170
30,172
28,174
26,175
24,176
21,176
19,175
18,173
17,171
end box13
597,143
598,142
600,142
601,143
602,144
602,151
601,152
599,152
598,152
597,151
end box14
50,138
51,136
51,134
53,132
55,132
58,131
60,131
63,131
65,134
65,147
64,150
61,152
58,152
55,151
53,150
51,148
50,145
50,143
end box15
1019,139
1020,138
1023,138
1024,139
1025,140
1024,149
1023,150
1021,151
1020,150
1018,149
end box16
151,143
152,143
155,143
156,143
157,144
157,151
157,153
155,154
153,154
152,154
150,153
end box17
1043,135
1044,132
1046,131
1049,131
1052,132
1054,133
1057,133
1058,135
1059,137
1059,139
1059,142
1059,144
1058,146
1056,148
1054,149
1052,151
1049,151
1046,152
1044,149
end box18
356,45
359,34
367,35
375,38
382,41
387,46
386,54
387,60
387,64
388,69
387,73
386,78
387,88
382,94
375,98
366,100
358,101
357,87
end box19
1016,143
1016,141
1017,139
1018,138
1020,138
1023,138
1025,138
1027,138
1028,140
1028,143
1029,145
1028,146
1028,148
1028,151
1027,153
1025,154
1023,155
1020,155
1018,154
1017,152
1016,150
1016,148
end box20
end total21boxes
