470,182
471,178
472,175
474,172
478,171
489,172
493,172
495,174
498,178
499,181
499,186
499,190
499,196
495,198
490,197
477,197
473,197
471,194
470,189
470,185
end box0
523,182
523,180
524,179
525,177
527,177
534,177
536,178
537,179
538,181
538,184
538,186
538,189
535,189
533,189
528,190
526,190
524,190
523,188
522,186
522,184
end box1
471,188
471,186
473,184
474,182
477,181
487,181
489,183
491,185
492,188
493,191
493,195
492,199
489,199
476,199
473,199
470,198
470,194
470,191
end box2
505,181
505,180
507,178
508,177
517,177
519,178
521,179
522,181
523,184
523,187
521,189
518,189
509,189
507,190
505,188
504,186
504,184
end box3
551,180
551,179
553,177
554,176
556,175
563,176
565,176
567,178
568,180
568,183
568,186
567,188
565,189
555,189
553,189
551,187
550,185
550,183
end box4
492,180
492,178
493,176
494,175
496,175
503,175
505,176
506,177
507,179
508,182
508,184
507,187
504,188
502,188
500,188
498,187
496,187
494,187
492,185
491,183
491,181
end box5
496,177
497,176
500,176
501,176
502,177
503,178
503,179
504,180
504,182
504,183
502,184
501,184
499,185
498,184
497,184
496,183
end box6
509,181
509,180
510,179
510,179
515,178
516,179
517,180
518,181
518,182
518,184
518,186
516,186
514,186
513,186
512,186
511,186
509,186
509,185
509,183
509,182
end box7
540,181
540,179
541,177
542,176
544,175
546,175
547,174
549,175
551,175
553,176
554,178
555,180
555,183
555,185
554,188
552,189
550,190
548,190
545,190
543,189
541,188
540,186
540,184
540,182
end box8
474,179
474,177
475,175
477,173
479,173
489,173
491,174
492,177
493,179
494,182
494,185
493,189
490,190
478,190
475,189
474,187
473,184
473,182
end box9
543,177
544,176
545,176
547,176
548,176
549,177
550,178
551,179
550,180
550,182
550,183
549,184
548,185
546,185
545,185
544,184
543,183
end box10
578,159
579,158
580,158
581,158
582,159
582,159
583,160
583,161
583,162
583,163
583,164
582,165
581,166
580,166
579,166
578,165
577,164
end box11
659,157
662,157
663,157
664,158
665,159
665,160
665,161
665,162
665,164
664,165
663,166
661,166
660,166
659,165
658,164
657,163
end box12
543,185
544,184
550,184
551,184
551,185
552,187
552,188
552,190
552,192
550,192
549,193
546,193
544,192
543,192
543,191
end box13
654,160
654,158
655,156
656,155
658,154
663,154
665,154
667,155
668,157
669,159
669,162
669,164
668,167
667,168
664,169
662,169
657,169
655,168
654,166
654,163
654,161
end box14
645,159
646,159
647,159
648,159
649,159
650,160
650,161
650,165
650,167
649,167
647,168
646,167
645,167
end box15
380,187
381,186
382,186
383,186
384,187
384,187
384,193
383,194
382,194
381,194
380,193
end box16
end total17boxes
