816,209
826,198
834,188
846,185
856,184
865,183
874,182
883,183
894,183
906,187
917,197
924,209
926,224
924,238
915,245
893,246
883,247
875,249
864,248
856,247
845,246
824,245
814,238
813,224
end box0
532,161
532,157
536,152
539,149
544,149
549,149
552,149
557,149
562,149
566,151
569,157
571,161
571,167
571,172
569,178
565,180
557,178
543,180
535,181
533,178
531,172
532,166
end box1
543,161
544,158
547,155
549,153
552,153
561,153
564,153
566,155
569,158
571,161
571,165
571,169
570,173
566,174
551,173
548,173
545,172
544,168
543,164
end box2
542,148
543,144
547,142
549,140
552,140
561,140
564,140
567,142
571,144
573,147
573,152
573,156
570,160
566,161
562,161
551,161
548,160
544,159
542,155
542,152
end box3
578,146
578,146
582,146
583,146
583,147
584,148
584,149
584,150
584,152
583,153
581,153
580,153
579,153
578,152
577,152
end box4
637,175
638,173
638,172
639,171
640,170
642,170
643,169
645,169
647,170
648,171
649,173
649,175
650,176
649,178
649,181
647,182
646,183
643,183
641,183
640,182
638,181
637,180
637,178
637,176
end box5
713,160
714,158
715,158
717,158
718,160
719,161
720,169
719,170
717,172
716,173
714,172
712,170
end box6
531,161
531,161
532,160
533,160
534,160
535,161
535,161
536,162
536,163
536,164
536,165
536,166
535,167
534,168
533,168
532,168
531,167
531,166
end box7
625,156
626,155
627,155
628,155
629,155
630,155
631,156
632,157
632,158
632,159
632,160
632,162
631,163
630,164
628,164
627,164
626,163
625,162
end box8
end total9boxes
