457,187
459,184
462,181
464,178
468,177
475,177
479,177
483,178
485,180
489,184
491,187
491,192
491,197
491,203
485,203
479,202
467,203
462,203
458,202
457,197
457,192
end box0
521,179
521,178
523,176
524,174
526,174
534,174
536,175
537,177
538,179
538,182
538,185
538,188
535,189
532,189
524,190
522,189
520,187
520,184
520,182
end box1
587,178
587,176
588,175
590,173
591,173
593,172
594,172
596,172
598,173
600,174
601,176
602,177
602,180
602,182
601,185
599,185
597,186
595,186
592,186
590,186
588,185
587,184
587,181
587,179
end box2
527,176
528,175
529,174
534,174
535,175
535,177
536,178
536,179
536,181
536,183
535,184
533,184
531,185
530,184
528,184
527,183
527,182
end box3
509,175
509,175
510,174
511,174
512,174
513,175
513,175
514,176
514,177
514,178
514,179
514,180
513,181
512,182
511,183
510,182
509,181
509,180
end box4
210,189
214,182
221,181
226,187
231,231
230,243
223,240
212,240
207,240
end box5
640,155
640,153
641,152
643,151
645,150
647,150
649,150
651,151
653,152
653,154
654,156
654,159
654,161
653,163
652,165
649,167
647,167
644,167
642,166
640,164
639,162
639,160
639,158
end box6
559,172
560,171
561,170
562,170
564,170
565,171
566,172
566,173
567,180
566,181
564,182
563,183
561,182
559,181
558,180
end box7
627,158
628,158
629,159
630,160
631,161
630,164
630,165
629,166
628,167
626,167
625,167
624,166
623,165
end box8
644,157
648,155
649,156
651,156
651,157
652,159
652,160
652,162
652,163
650,164
649,165
647,165
646,165
645,164
643,163
643,162
end box9
543,164
550,162
551,163
552,164
552,165
552,167
552,168
550,169
545,169
544,168
543,167
543,166
end box10
445,176
446,176
446,176
447,176
448,176
448,176
449,176
450,177
450,178
450,179
450,180
450,181
449,182
448,182
447,183
446,182
445,182
445,181
444,180
end box11
420,188
421,188
422,188
423,188
424,189
425,190
426,191
426,196
425,197
424,198
422,199
421,198
420,197
end box12
214,196
217,191
222,191
226,194
227,232
223,233
216,232
214,228
end box13
545,170
546,170
547,169
548,169
549,169
550,170
551,171
552,172
552,177
551,178
550,179
548,180
547,179
546,178
545,177
end box14
626,142
627,141
628,141
629,141
630,141
631,142
631,143
631,144
631,146
631,147
630,148
629,149
628,149
627,149
626,148
625,147
end box15
417,176
417,175
418,175
419,175
419,176
420,177
420,177
421,178
421,179
421,180
421,181
420,182
419,183
418,183
417,182
416,182
416,181
end box16
525,149
525,149
526,149
527,149
527,149
528,150
528,150
529,151
529,152
529,153
529,154
528,155
527,156
526,156
525,156
524,155
end box17
495,125
496,125
497,125
498,125
499,125
500,126
499,133
499,133
497,134
496,134
495,133
end box18
end total19boxes
