6,164
13,148
31,146
51,155
66,159
82,157
96,161
107,172
111,186
113,202
114,217
113,234
114,251
102,264
87,271
68,264
52,264
32,272
11,274
4,257
end box0
498,176
500,171
504,166
508,165
514,165
531,164
536,166
539,171
542,176
543,182
543,189
539,193
532,194
526,194
522,193
517,194
513,194
507,193
501,192
498,188
498,182
end box1
759,187
760,182
766,177
770,173
775,172
781,172
791,172
798,172
804,174
808,181
809,186
808,194
807,200
804,206
798,207
774,210
766,211
761,208
759,201
760,194
end box2
754,184
754,182
755,179
757,177
759,175
762,175
765,175
768,175
772,175
774,177
775,180
773,193
771,195
768,196
765,197
762,197
758,197
755,197
753,194
754,190
754,187
end box3
end total4boxes
