495,187
501,181
507,175
513,174
519,173
533,174
540,174
547,175
554,180
560,187
563,196
561,205
552,208
540,208
534,208
529,207
524,207
519,208
513,208
501,207
493,204
492,196
end box0
632,171
632,170
633,169
633,169
638,168
639,169
640,170
641,171
641,172
641,174
641,176
639,176
637,176
635,176
634,176
632,176
632,175
632,173
632,172
end box1
663,172
664,171
664,171
665,170
669,170
670,170
671,171
671,172
671,173
671,174
671,176
670,176
668,177
667,177
666,176
665,176
664,176
663,175
663,174
663,173
end box2
-1,285
20,249
53,233
95,234
123,238
143,241
159,245
176,246
195,247
225,251
258,265
293,292
313,333
298,355
249,369
210,372
60,369
16,351
-1,326
end box3
681,170
682,170
682,170
683,170
684,170
684,170
685,170
686,171
686,172
686,173
686,174
686,175
685,176
684,176
683,176
682,176
681,176
680,175
680,175
680,173
end box4
614,171
615,170
616,169
616,169
622,169
623,170
624,171
624,172
624,174
624,176
622,176
617,176
615,176
614,175
614,173
614,172
end box5
696,174
698,172
698,172
702,172
703,172
703,173
704,174
704,175
704,176
704,178
703,178
701,179
700,179
699,179
698,178
697,178
696,177
696,176
696,175
end box6
646,171
647,170
648,169
648,169
653,168
654,169
655,170
656,171
656,172
656,174
656,176
654,176
652,176
650,176
649,176
647,176
646,175
647,173
646,172
end box7
581,176
581,174
582,172
583,171
585,170
590,169
593,170
594,171
595,173
596,175
597,178
597,180
596,183
594,185
591,185
586,185
584,185
582,184
581,182
580,180
580,177
end box8
600,172
600,172
601,171
602,171
603,171
604,171
605,172
605,173
606,174
606,175
606,176
606,178
605,179
603,179
602,180
601,179
600,178
599,178
end box9
711,176
713,174
713,174
716,173
717,173
718,174
719,175
719,176
719,177
719,178
719,180
718,181
716,181
715,181
714,181
713,181
712,180
711,179
711,178
711,177
end box10
628,172
628,170
630,169
631,168
632,167
639,167
640,168
642,170
643,171
644,174
644,176
642,179
640,179
632,179
629,179
628,178
627,176
627,174
end box11
1088,192
1088,188
1089,182
1091,176
1094,167
1101,151
1111,143
1118,156
1122,171
1123,179
1124,186
1126,192
1125,197
1124,203
1123,209
1125,223
1124,244
1113,244
1098,241
1090,233
1090,214
1090,205
1088,201
1088,197
end box12
1056,190
1057,186
1057,180
1059,173
1062,164
1069,149
1077,147
1084,159
1088,170
1090,178
1091,185
1091,190
1090,195
1089,199
1087,204
1088,215
1087,231
1079,237
1067,238
1060,225
1060,210
1060,202
1058,199
1057,194
end box13
62,6
79,-4
200,-6
211,6
216,29
204,38
70,39
63,30
end box14
78,8
92,1
189,0
202,7
202,27
191,33
83,33
76,26
end box15
684,161
685,161
685,165
684,166
683,166
682,167
681,166
680,166
end box16
135,82
137,72
144,70
153,67
162,68
164,79
164,123
162,135
154,137
143,137
136,133
136,120
end box17
875,135
876,135
879,135
880,135
880,137
880,144
879,145
877,146
876,145
875,145
end box18
984,57
984,47
987,40
996,40
1003,39
1012,40
1017,46
1015,57
1015,82
1016,92
1012,99
1004,103
995,102
988,98
985,89
985,81
end box19
end total20boxes
