591,187
593,184
595,180
597,178
600,177
611,177
615,177
617,180
620,183
621,186
621,191
621,195
620,200
616,201
611,201
600,201
595,201
592,199
591,195
591,190
end box0
578,174
579,173
583,173
584,174
585,175
586,176
586,177
586,179
586,180
584,181
583,181
581,182
580,181
579,181
578,180
577,179
end box1
442,180
442,178
443,176
444,175
446,174
455,175
457,176
458,178
459,180
460,183
460,186
459,189
456,190
453,190
446,190
443,189
442,188
441,185
441,183
end box2
509,179
510,178
510,178
511,177
515,177
516,177
517,178
517,179
517,180
517,181
517,183
516,184
514,184
512,184
511,184
510,183
509,182
509,181
end box3
489,182
490,180
491,178
492,177
494,177
501,177
503,178
505,179
506,181
506,184
506,187
505,189
502,190
500,189
493,190
491,189
489,188
488,186
488,184
end box4
506,181
507,179
508,178
510,177
511,176
518,176
519,177
521,178
522,180
523,183
523,185
522,188
519,188
511,188
508,188
506,187
506,185
506,183
end box5
590,173
590,173
591,172
592,172
593,172
594,172
595,173
595,174
596,175
596,176
595,177
595,179
595,179
593,180
592,181
591,180
590,180
589,179
end box6
555,178
555,176
557,174
558,173
560,173
567,173
569,174
570,175
572,177
572,180
572,183
571,185
568,186
566,186
559,186
557,185
555,184
555,182
555,180
end box7
574,176
574,174
576,173
577,172
587,171
589,172
591,174
592,176
592,179
592,182
591,185
588,185
578,185
575,185
574,184
573,181
573,179
end box8
494,179
495,178
499,178
500,179
501,180
502,181
502,182
502,184
502,186
500,186
499,186
496,186
494,186
493,186
493,184
493,183
end box9
480,180
485,179
486,180
487,181
488,182
488,183
488,185
488,187
486,187
485,188
482,187
481,187
479,186
479,185
end box10
608,144
608,144
609,143
611,143
612,143
613,143
614,143
615,145
616,146
616,147
616,149
615,150
614,151
613,152
611,152
610,152
609,151
608,150
607,149
end box11
683,158
685,156
700,156
701,157
702,166
701,169
683,168
683,165
end box12
730,141
731,140
732,139
733,139
734,139
736,140
736,140
737,142
737,147
736,148
735,149
733,149
732,149
731,148
730,147
end box13
611,132
615,131
616,132
616,133
617,134
617,136
616,138
616,139
615,139
613,139
612,139
611,139
610,138
end box14
687,161
699,159
700,160
700,165
699,166
687,165
687,164
end box15
607,142
608,140
609,139
611,139
612,139
614,139
616,139
618,141
618,143
619,145
619,146
619,149
618,151
617,153
615,154
613,154
610,154
608,153
607,152
606,150
end box16
611,159
612,158
614,158
615,159
615,159
616,160
616,161
616,163
616,164
616,166
614,166
613,166
612,166
611,165
end box17
end total18boxes
