433,171
438,160
443,148
452,142
464,143
484,143
494,143
506,143
518,147
526,158
529,170
527,183
528,198
521,208
507,211
495,211
484,210
475,210
465,209
454,209
439,207
434,196
432,184
end box0
513,189
516,185
519,182
522,181
525,181
537,181
541,182
545,185
548,189
550,193
549,199
546,202
539,203
535,202
524,202
520,202
515,201
512,198
512,193
end box1
781,96
783,91
790,82
795,79
800,74
805,74
810,79
815,82
824,89
825,95
826,101
826,109
827,119
824,123
805,125
800,122
791,124
780,124
779,119
780,108
782,101
end box2
625,170
630,169
631,170
632,171
633,172
632,175
632,176
631,177
630,177
627,177
626,177
625,176
624,175
end box3
625,158
626,157
628,157
629,158
630,159
631,165
630,166
629,167
627,167
626,167
625,166
624,165
end box4
526,148
527,146
528,144
544,143
546,145
547,148
547,154
545,157
529,157
527,156
526,154
end box5
544,170
545,170
547,170
548,170
548,171
548,178
548,178
546,178
545,178
544,178
end box6
end total7boxes
