741,186
743,181
747,176
752,172
757,172
772,172
779,172
782,175
787,181
789,185
790,193
789,200
786,208
782,209
756,208
747,210
743,207
742,199
742,193
end box0
153,235
157,232
161,230
165,229
168,228
178,229
181,230
187,232
191,235
194,241
192,245
186,248
181,249
163,248
158,248
153,245
151,241
end box1
200,227
200,225
201,224
201,221
202,217
204,213
207,212
210,214
212,219
212,222
212,225
212,227
213,228
212,230
212,233
212,237
211,243
208,244
203,244
201,240
201,234
201,231
201,230
200,228
end box2
1025,31
1029,30
1047,45
1048,50
1046,55
1044,61
1029,68
1025,67
1010,60
1010,54
1008,50
end box3
969,3
977,-4
1063,-4
1072,3
1070,19
1063,25
974,26
970,18
end box4
823,145
824,144
828,144
829,145
830,151
829,152
828,153
826,153
825,153
824,152
823,151
end box5
301,209
302,208
303,208
304,209
305,209
305,209
306,210
306,211
306,212
306,213
306,214
305,215
304,216
303,216
302,216
301,215
301,214
end box6
228,227
228,225
229,224
230,222
232,221
234,220
237,220
239,220
241,221
243,223
244,225
245,227
245,230
245,233
245,236
243,238
240,239
237,239
234,239
231,238
229,237
228,234
228,232
227,230
end box7
225,205
226,206
227,207
228,208
228,209
227,211
227,212
226,213
225,214
223,214
222,213
221,213
220,212
end box8
743,145
747,145
748,146
749,147
750,148
750,151
749,152
748,153
747,154
745,154
744,154
743,153
742,152
end box9
854,174
855,173
856,172
857,172
858,172
859,173
860,174
861,175
861,176
861,177
861,178
861,180
860,181
859,182
857,183
856,182
855,181
854,180
end box10
821,156
822,156
823,156
824,156
825,156
826,157
826,158
826,162
826,164
824,164
823,165
822,164
821,164
end box11
676,158
677,158
678,158
679,158
680,158
681,159
681,160
682,161
681,162
681,163
681,164
681,166
680,166
678,167
677,166
676,166
end box12
755,158
758,158
759,158
759,158
760,159
760,160
760,162
760,163
759,164
758,165
757,165
756,165
755,164
end box13
300,189
301,189
303,189
304,189
305,190
306,191
306,194
306,196
305,197
304,198
302,198
301,198
300,197
end box14
742,159
743,158
746,159
746,159
747,160
747,164
747,165
745,166
744,166
743,166
742,165
end box15
1070,152
1072,153
1073,154
1072,161
1071,162
1069,163
1064,163
1063,162
end box16
605,140
605,138
620,138
622,140
622,147
621,150
605,149
end box17
759,146
760,146
761,147
761,148
761,149
761,150
761,152
760,153
759,153
757,154
756,153
755,153
754,152
end box18
447,203
448,203
450,203
452,203
453,204
453,206
453,211
453,213
451,214
449,214
448,214
446,213
445,212
end box19
288,193
289,193
291,193
292,193
293,194
294,195
294,196
294,198
294,200
293,201
292,201
290,202
289,201
288,201
end box20
331,107
332,103
336,102
340,99
345,99
347,103
347,130
345,136
340,136
335,134
332,132
331,126
end box21
692,160
693,160
695,160
696,160
696,161
697,166
697,167
695,168
694,168
693,168
692,167
end box22
676,158
677,158
678,158
679,158
680,158
681,159
681,160
682,161
681,162
681,163
681,164
681,166
680,166
678,167
677,166
676,166
end box23
end total24boxes
