653,179
653,177
655,176
656,175
658,174
665,174
667,175
669,177
670,179
671,182
671,185
670,188
667,188
657,188
654,188
652,187
652,184
652,182
end box0
541,180
541,178
542,176
543,175
545,175
552,175
554,176
555,177
556,179
557,182
557,184
556,187
553,188
551,188
544,188
542,187
540,186
540,184
540,182
end box1
271,199
281,186
295,180
309,178
320,179
328,181
335,180
343,180
352,180
362,184
375,190
391,201
396,217
393,230
375,236
357,237
345,237
336,235
328,236
319,235
309,235
291,235
276,228
270,216
end box2
560,175
560,175
561,174
562,174
563,174
564,175
564,175
565,176
565,177
565,178
565,179
565,180
564,181
563,182
562,183
561,182
560,181
560,180
end box3
442,179
442,177
443,174
443,169
445,164
449,156
455,153
459,159
462,167
463,172
463,176
463,179
463,182
462,185
461,188
461,194
460,203
456,208
448,207
444,201
444,191
444,187
443,184
442,182
end box4
725,159
726,158
727,158
728,158
729,159
730,160
731,161
731,166
730,167
729,168
727,169
726,168
725,167
724,166
end box5
693,125
694,125
695,124
696,124
697,125
698,126
698,127
699,130
699,132
698,133
697,134
695,134
694,134
693,133
692,132
end box6
723,172
725,172
730,172
731,173
732,181
731,183
729,183
725,184
724,183
723,181
end box7
end total8boxes
