806,193
808,187
814,180
819,177
826,176
832,176
838,175
845,176
853,176
858,179
863,187
865,193
866,202
865,210
861,217
854,219
845,218
838,218
832,219
824,221
814,223
806,220
804,211
805,202
end box0
790,174
791,170
793,167
796,165
800,164
810,164
814,163
817,166
820,169
821,173
820,178
820,182
817,186
814,187
810,188
806,187
803,188
799,188
795,187
792,186
790,182
790,178
end box1
825,159
825,158
826,158
827,158
828,158
829,158
830,159
830,160
831,161
831,162
831,163
831,165
830,166
829,166
827,167
826,166
825,166
824,165
end box2
872,156
872,156
873,155
874,155
875,155
876,155
877,156
877,157
878,158
878,159
878,160
878,162
877,163
875,163
874,163
873,163
872,163
871,162
871,161
end box3
876,147
877,148
878,149
878,150
878,153
878,154
877,156
876,156
874,156
873,156
872,155
871,154
end box4
709,175
710,174
711,174
713,174
714,174
715,175
715,176
716,181
715,182
714,183
711,182
710,182
709,181
end box5
811,131
812,130
813,130
814,130
815,131
815,131
815,137
814,138
813,138
812,138
811,137
end box6
end total7boxes
