632,176
632,176
633,175
634,175
635,175
636,176
636,176
637,177
637,178
637,179
637,180
637,182
636,182
635,183
634,183
633,183
632,182
631,181
631,181
end box0
648,177
652,177
653,177
653,178
654,179
654,180
654,181
654,183
652,183
651,184
650,184
649,184
648,183
647,183
647,182
647,181
end box1
619,185
619,184
620,183
621,182
622,183
623,184
624,185
624,186
624,187
624,188
624,189
624,190
623,191
623,193
621,194
620,193
619,192
619,190
end box2
535,191
535,189
535,187
536,182
539,176
543,174
546,179
547,184
548,188
548,190
548,193
548,194
547,196
547,198
547,202
547,210
543,214
538,212
536,205
536,199
536,197
535,196
end box3
518,194
518,192
518,190
518,188
519,184
522,179
526,177
529,180
530,185
531,189
531,191
531,194
531,195
530,197
530,200
530,203
529,210
526,213
521,212
519,207
519,201
519,198
518,197
518,195
end box4
562,195
562,193
562,192
563,189
564,186
566,181
569,180
572,183
573,187
574,190
574,193
574,195
574,196
574,198
574,200
573,204
573,210
570,212
566,212
563,206
563,201
563,199
563,198
562,196
end box5
601,177
601,176
602,175
603,175
604,176
605,176
605,177
606,178
606,179
606,180
606,181
606,182
605,183
605,185
603,185
602,185
601,183
601,182
end box6
669,151
673,151
674,152
675,153
675,158
674,159
673,160
670,159
669,159
668,158
end box7
676,144
677,144
678,143
679,143
680,143
681,144
682,145
683,146
683,147
683,148
683,149
683,151
682,152
681,153
679,153
678,153
676,153
676,151
end box8
679,198
680,197
687,197
688,199
687,209
685,210
681,209
680,209
end box9
end total10boxes
