1038,249
1035,238
1037,225
1037,205
1044,173
1063,136
1078,136
1096,177
1104,207
1106,225
1105,238
1103,249
1104,258
1100,266
1099,276
1105,304
1106,351
1088,362
1053,363
1036,349
1040,300
1044,274
1041,266
1038,258
end box0
845,203
845,198
845,192
847,186
851,175
858,157
865,158
873,172
877,183
879,192
880,198
881,203
881,208
879,212
876,217
875,224
873,238
867,253
856,255
850,237
850,221
848,215
845,212
845,208
end box1
517,188
517,186
517,182
517,177
519,168
524,156
530,154
536,162
538,174
538,180
538,184
538,188
538,191
537,194
537,197
536,203
536,217
532,227
522,226
519,210
519,199
519,195
518,193
517,191
end box2
480,177
480,174
480,170
480,164
482,155
488,144
494,144
500,153
503,162
503,169
503,173
503,177
503,180
503,184
502,188
502,194
501,205
495,214
485,215
480,208
480,193
480,186
480,183
480,180
end box3
1079,253
1079,247
1079,238
1080,226
1083,204
1094,185
1105,186
1115,212
1119,230
1121,239
1123,246
1125,252
1125,259
1122,264
1120,270
1117,279
1117,300
1110,329
1091,326
1081,311
1083,279
1082,270
1079,264
1079,258
end box4
643,169
643,167
643,163
644,158
646,153
650,144
656,142
660,149
663,156
664,161
664,165
664,169
664,172
664,175
663,178
662,184
661,193
657,200
649,200
645,190
645,181
644,177
644,174
643,172
end box5
555,190
555,187
555,184
555,178
556,168
561,160
568,160
574,166
576,176
575,183
575,187
575,190
575,193
575,196
575,199
575,207
575,220
569,224
559,226
554,222
555,205
556,199
555,196
555,193
end box6
547,179
548,176
548,172
548,167
550,156
556,144
562,142
568,152
571,164
571,170
572,175
572,179
572,182
572,186
571,190
571,198
570,212
564,220
554,218
549,207
549,193
549,188
548,185
548,182
end box7
518,185
518,180
519,173
520,165
525,155
532,142
541,143
548,156
552,166
554,173
556,179
556,185
556,190
554,195
553,200
553,210
551,225
543,234
531,233
524,221
523,206
522,199
520,195
519,190
end box8
end total9boxes
