465,188
465,183
467,179
471,178
475,178
482,178
485,178
489,179
492,181
496,183
498,187
499,192
499,198
497,202
492,203
486,203
482,203
479,202
476,201
472,201
468,199
466,196
465,192
end box0
481,188
481,184
483,180
487,178
491,179
500,179
504,179
507,181
510,184
512,188
513,192
513,197
511,201
506,203
501,203
497,202
494,201
491,201
487,200
483,199
482,195
481,191
end box1
450,189
451,184
454,181
457,179
462,179
471,180
475,180
478,182
481,185
484,188
486,193
486,199
483,203
478,204
472,204
468,203
465,203
461,203
458,202
454,200
451,197
451,193
end box2
577,174
577,173
578,172
579,172
580,172
581,173
582,174
582,175
582,176
582,177
582,178
582,179
582,181
581,182
579,182
578,182
577,181
576,179
end box3
591,173
591,173
592,172
593,172
594,172
595,173
595,173
596,174
596,175
596,176
596,177
596,178
595,179
594,180
593,181
592,180
591,179
591,178
end box4
798,138
800,137
812,137
814,138
815,140
815,152
813,154
799,153
797,151
end box5
559,158
560,157
561,157
562,157
563,158
563,158
564,159
564,160
564,163
563,164
562,165
561,165
560,165
559,164
end box6
end total7boxes
