564,203
566,198
571,192
575,188
582,188
588,188
599,189
606,189
610,192
614,199
617,203
618,212
618,220
616,227
609,229
580,228
570,231
565,228
563,219
564,211
end box0
344,220
354,206
367,195
382,190
397,189
408,190
419,188
430,190
444,191
457,196
472,207
484,221
487,240
484,257
468,265
443,265
430,267
419,268
408,268
399,265
386,263
361,264
347,256
342,239
end box1
6,247
15,223
33,203
55,193
78,194
99,199
114,204
132,205
151,206
173,212
192,228
204,250
212,277
208,302
193,323
166,327
136,320
77,324
47,331
24,325
9,301
6,276
end box2
737,270
760,229
797,198
831,181
870,177
906,182
938,184
973,179
1009,185
1043,202
1089,230
1112,271
1124,327
1119,377
1082,407
1032,420
977,402
938,387
909,386
873,395
823,408
775,397
740,370
734,323
end box3
526,191
526,188
529,184
532,182
536,182
539,182
542,182
545,182
549,182
552,185
555,188
557,191
558,196
558,201
556,206
552,207
546,206
542,206
535,206
531,206
527,204
526,200
526,196
end box4
499,192
500,189
502,186
504,184
507,184
510,184
513,184
516,184
519,184
521,186
524,189
526,192
527,196
527,200
525,204
521,205
516,205
513,204
510,204
507,204
504,203
501,202
499,199
499,195
end box5
623,196
625,191
629,186
634,184
639,183
644,183
649,183
653,184
659,183
664,186
668,192
671,196
673,204
673,211
670,217
663,218
654,217
638,218
630,219
625,216
622,210
623,203
end box6
797,188
796,184
796,179
798,172
803,163
809,160
814,168
816,177
817,183
817,187
817,190
817,193
816,196
816,200
816,206
814,215
810,223
802,222
798,212
797,203
797,198
797,195
end box7
577,173
577,172
578,172
579,172
580,172
581,172
582,173
582,174
583,175
582,176
582,177
583,179
582,180
580,180
579,181
578,180
577,180
576,179
end box8
669,159
670,158
671,157
675,157
676,157
677,158
678,159
679,161
678,164
678,166
677,167
675,168
673,168
672,168
670,167
669,166
668,165
end box9
476,156
479,156
480,156
481,157
482,158
482,163
481,164
480,165
478,165
477,165
476,164
end box10
590,143
591,143
593,143
594,143
595,144
595,145
595,150
595,151
594,152
592,152
591,152
590,151
end box11
630,126
631,125
632,125
633,125
635,126
636,126
636,127
636,132
636,133
635,134
634,135
632,136
631,135
630,134
629,133
628,132
end box12
494,174
495,173
496,173
497,173
498,173
499,173
500,174
501,175
501,176
501,177
501,178
501,180
500,181
499,182
497,182
496,182
495,181
494,180
end box13
663,124
664,123
667,123
668,124
669,125
670,133
669,134
667,135
665,135
664,135
662,134
661,133
end box14
476,142
477,141
479,141
480,142
481,143
482,149
481,150
480,151
478,151
477,151
476,150
end box15
668,139
669,138
671,137
673,136
675,137
676,138
677,140
678,142
678,144
678,145
678,147
678,149
677,152
675,153
673,154
670,154
668,153
667,151
666,148
end box16
668,145
669,144
670,143
671,142
672,142
674,142
675,143
676,144
677,145
677,147
677,148
677,150
677,152
676,153
674,154
672,154
671,154
669,153
668,152
668,150
end box17
529,158
533,158
533,158
534,159
534,160
534,163
533,164
532,165
531,165
530,165
529,164
end box18
end total19boxes
