477,203
479,196
485,188
491,184
499,183
506,183
513,183
521,183
529,183
535,187
541,196
544,202
544,213
543,223
540,230
530,232
520,230
513,229
506,229
498,231
489,232
480,230
477,222
478,212
end box0
303,243
313,224
325,201
342,193
366,191
387,193
406,188
428,184
447,192
462,205
483,224
486,244
492,271
491,299
481,316
451,324
427,322
405,311
388,308
370,309
343,317
311,317
302,298
302,270
end box1
725,216
732,203
744,190
754,178
767,176
783,178
796,176
810,176
830,175
848,179
858,196
854,214
839,263
822,265
795,266
783,269
766,274
743,278
724,274
720,256
722,236
end box2
639,189
643,184
648,180
653,177
658,177
662,177
667,177
671,177
677,177
683,178
688,183
692,189
694,197
693,204
688,209
679,210
672,208
662,208
657,210
649,211
642,209
637,204
638,197
end box3
622,177
622,175
624,174
624,172
626,171
628,171
629,170
631,171
634,171
636,172
637,174
637,176
637,179
637,181
636,183
634,184
632,185
630,185
627,186
625,186
623,185
622,183
621,181
622,178
end box4
551,182
553,179
555,176
558,175
560,174
572,174
574,176
577,179
579,182
580,186
580,190
578,194
574,195
569,194
559,194
556,194
552,193
551,189
551,185
end box5
593,175
593,175
594,175
595,174
596,174
597,175
597,175
598,176
599,177
599,178
599,179
599,181
597,181
596,182
595,182
594,182
593,181
592,181
592,180
end box6
609,177
610,175
615,174
616,175
617,176
618,177
618,178
618,180
618,182
616,182
615,182
613,183
612,182
611,182
609,182
609,181
609,179
609,178
end box7
636,178
637,176
638,175
640,173
642,173
650,172
653,173
655,175
655,178
655,181
655,184
654,187
651,187
643,188
640,189
638,188
636,186
636,183
636,181
end box8
764,259
781,228
806,202
833,188
864,184
892,188
916,189
943,190
970,194
998,206
1025,230
1040,259
1045,299
1038,332
1011,352
979,363
944,359
916,352
894,351
867,355
828,365
789,359
764,335
759,300
end box9
625,174
625,173
626,173
627,172
628,172
629,172
631,172
632,173
632,174
633,176
633,177
632,179
632,180
631,181
630,182
628,183
627,182
625,182
624,181
624,179
end box10
578,176
579,175
580,175
581,175
582,175
583,176
584,176
584,177
585,178
585,179
585,180
585,182
584,183
582,183
581,183
580,183
579,182
578,182
end box11
394,189
394,187
395,186
396,185
397,184
399,182
401,182
402,182
404,184
405,185
406,187
407,189
407,191
407,193
407,195
406,197
403,199
396,198
394,197
393,194
393,192
393,190
end box12
646,142
646,142
649,141
650,141
651,142
651,143
651,148
651,149
649,149
648,149
647,149
646,148
645,148
end box13
499,127
500,126
501,125
502,125
504,125
505,125
505,127
506,128
506,129
506,130
506,131
506,133
505,134
504,136
502,136
501,136
500,134
499,133
end box14
457,49
459,42
464,37
469,36
475,40
477,47
479,79
477,86
470,88
463,88
457,86
456,75
end box15
496,127
496,125
497,124
498,122
500,121
502,121
503,121
505,123
506,124
506,126
507,128
507,129
507,131
506,133
506,135
504,137
502,138
499,137
497,136
496,134
496,132
496,130
496,129
end box16
end total17boxes
