168,217
173,211
180,205
187,203
193,203
209,204
217,203
223,205
230,211
237,218
240,227
237,236
228,240
217,240
210,240
204,239
199,240
192,241
186,241
174,240
167,236
167,227
end box0
15,231
30,216
47,208
62,205
74,204
84,205
93,204
103,205
116,204
131,208
149,215
163,231
166,250
159,265
139,273
117,272
84,272
73,273
58,275
35,276
15,266
11,251
end box1
267,203
274,197
282,193
289,192
294,192
312,192
319,193
327,197
336,203
341,213
338,221
325,224
315,224
293,223
286,224
276,224
266,220
264,212
end box2
226,211
227,207
228,204
231,202
235,202
244,202
248,202
250,204
253,207
254,211
256,215
255,219
254,224
250,225
245,225
241,224
238,224
235,224
232,222
229,221
227,218
226,214
end box3
576,176
577,175
577,175
581,174
582,175
583,176
583,177
583,178
583,179
583,181
582,182
580,182
579,182
578,182
577,182
576,181
575,180
end box4
573,178
573,176
574,175
575,173
577,173
584,173
586,173
587,175
588,177
588,180
588,182
588,185
585,185
576,186
574,185
573,184
572,182
572,179
end box5
593,175
593,175
597,175
598,175
598,176
599,177
599,178
599,179
599,181
598,181
596,182
595,182
594,182
593,181
592,181
592,180
end box6
255,209
257,205
259,201
262,200
266,199
269,199
272,199
275,199
279,199
283,201
286,205
288,208
289,213
289,218
287,223
282,224
276,224
272,223
269,224
265,224
261,223
256,222
255,217
255,213
end box7
304,204
305,200
307,196
312,194
316,194
327,194
331,194
335,197
339,200
341,204
343,210
342,216
340,220
334,222
328,222
324,221
320,220
316,220
312,219
307,217
305,214
304,209
end box8
544,187
545,186
549,186
550,187
551,188
552,189
552,190
551,192
551,193
550,194
549,194
547,195
546,194
545,194
544,193
543,192
end box9
561,176
561,176
562,175
564,175
565,176
565,176
566,177
566,178
567,179
566,180
566,182
566,182
564,183
563,183
562,183
561,182
560,181
end box10
391,194
391,192
393,191
394,190
396,190
403,190
405,190
407,192
408,194
409,197
408,200
407,202
404,203
402,203
395,203
393,203
391,201
390,199
390,197
end box11
419,190
422,186
426,184
429,183
442,183
445,184
449,186
453,189
455,194
454,199
449,201
444,202
428,201
423,200
419,198
419,194
end box12
526,180
532,178
533,179
534,180
534,181
534,182
534,184
533,184
531,184
528,184
527,184
526,183
526,182
end box13
634,165
635,165
636,166
636,167
636,168
636,169
636,171
635,172
634,172
632,172
631,172
630,172
629,171
end box14
631,174
631,174
632,175
633,176
632,177
632,178
632,179
631,180
630,181
629,181
628,181
627,180
626,179
end box15
647,178
648,178
648,179
649,180
649,181
649,182
649,184
648,184
646,185
645,185
644,185
643,184
642,184
end box16
561,176
561,176
562,175
564,175
565,176
565,176
566,177
566,178
567,179
566,180
566,182
566,182
564,183
563,183
562,183
561,182
560,181
end box17
end total18boxes
