476,188
486,181
495,177
503,176
508,174
518,174
522,175
528,176
536,176
547,180
559,188
564,200
559,208
543,209
529,209
523,209
518,208
513,208
508,208
503,208
490,208
475,207
472,199
end box0
743,181
751,176
760,173
766,173
785,173
791,173
800,176
810,181
815,191
811,197
797,199
787,198
781,198
774,198
769,198
764,199
754,199
741,197
740,190
end box1
218,194
222,191
226,189
230,188
241,189
244,189
249,190
254,194
257,199
255,203
249,205
243,205
229,204
223,204
217,203
215,199
end box2
569,180
569,178
570,176
572,175
574,174
583,175
585,175
587,178
589,180
589,183
589,187
588,190
585,190
581,190
574,190
571,190
568,189
568,186
568,183
end box3
588,178
588,176
589,174
590,173
592,172
597,172
599,172
601,173
602,175
603,177
603,180
603,182
603,185
601,186
598,186
596,186
593,186
591,186
589,185
588,184
587,181
588,179
end box4
207,195
209,192
213,190
216,189
228,189
231,190
235,191
238,195
239,199
238,203
234,205
229,206
225,206
223,205
217,206
214,205
210,205
207,202
206,199
end box5
211,195
211,193
213,192
215,191
217,190
225,190
227,191
229,193
230,195
231,198
230,201
228,203
226,204
223,204
221,204
218,204
216,204
214,204
212,203
211,200
210,198
end box6
556,180
556,178
557,176
558,175
560,174
565,174
567,175
569,176
570,177
571,179
572,182
571,184
571,187
568,188
566,188
564,188
562,188
560,187
558,187
556,185
556,183
555,181
end box7
188,195
190,192
193,190
196,188
199,189
209,188
212,189
216,192
219,195
220,199
219,203
216,206
211,207
207,206
198,206
195,206
190,205
187,203
187,199
end box8
263,193
263,191
264,189
265,188
267,188
269,188
270,187
272,187
274,188
276,189
277,190
278,192
279,195
279,197
278,200
275,200
273,201
271,201
269,200
267,200
264,200
263,199
262,197
262,195
end box9
633,180
634,177
636,174
638,172
641,172
650,172
653,172
656,174
658,176
660,180
660,183
660,188
658,191
655,193
650,192
640,193
637,192
634,191
633,187
633,183
end box10
560,174
561,173
562,173
563,173
564,173
565,173
566,174
567,175
567,176
567,177
567,178
567,180
566,181
564,181
563,182
562,181
561,181
560,180
559,179
end box11
645,180
647,176
650,173
653,171
656,171
665,171
669,171
672,173
675,176
678,179
679,184
678,189
676,193
671,194
666,193
655,193
651,193
647,192
645,188
644,184
end box12
594,175
595,175
598,175
599,175
600,176
601,177
602,178
602,179
601,181
601,182
600,183
599,184
597,184
596,184
595,183
594,182
593,181
end box13
692,164
697,164
697,165
698,166
698,167
698,168
698,170
697,171
695,171
693,171
692,171
691,170
end box14
303,191
311,185
321,182
327,182
332,182
348,182
355,182
365,185
374,191
378,201
373,208
360,210
349,209
331,209
324,211
313,211
301,208
300,201
end box15
637,178
637,176
639,174
640,173
642,172
650,172
652,173
653,175
654,177
654,180
654,182
653,185
651,186
641,187
639,186
637,184
637,182
637,180
end box16
714,163
715,164
715,164
716,165
716,166
716,167
716,168
715,169
714,169
713,169
712,169
711,168
711,168
end box17
648,188
650,185
653,182
656,181
659,181
670,180
672,182
676,184
679,188
680,192
679,196
676,200
672,201
654,200
650,199
648,196
647,192
end box18
384,204
384,201
384,197
385,192
387,183
392,173
398,171
403,180
406,189
407,196
407,200
407,204
406,207
405,210
404,213
404,219
404,231
399,240
389,242
385,232
386,217
386,212
385,209
384,207
end box19
108,176
109,175
110,175
112,175
113,176
114,177
115,185
114,186
112,188
111,188
109,188
107,186
end box20
620,177
621,176
622,176
623,175
624,175
625,175
626,176
628,176
628,177
629,179
629,180
629,182
629,184
628,185
626,185
624,186
623,185
621,185
620,184
620,183
end box21
617,180
617,178
618,176
619,175
621,174
623,173
624,173
626,174
628,174
630,176
631,177
632,179
632,182
632,184
631,186
629,188
627,189
625,189
622,189
620,188
619,187
617,185
617,183
617,181
end box22
612,175
613,174
614,174
616,174
617,174
618,175
619,176
619,177
619,178
619,179
619,181
618,182
617,183
615,183
614,183
613,182
612,181
611,180
end box23
301,189
301,189
302,188
303,188
304,188
305,188
306,189
306,190
306,192
306,193
306,194
306,196
304,196
303,197
302,197
301,196
300,195
end box24
283,126
284,125
285,125
287,125
288,126
289,127
290,134
289,136
287,137
285,138
284,137
282,136
end box25
764,145
765,145
766,145
767,145
768,145
769,146
770,147
770,148
770,150
770,152
769,153
768,154
766,154
765,154
764,153
763,152
end box26
473,155
474,154
475,154
477,155
478,155
478,156
478,164
477,166
475,166
474,166
472,165
end box27
125,155
129,154
130,155
131,156
133,157
132,164
131,166
129,166
128,167
126,167
124,166
123,164
end box28
199,161
203,161
204,162
205,163
205,164
205,166
205,168
204,169
203,170
201,170
200,170
199,169
end box29
837,158
838,158
839,158
840,158
841,158
842,159
842,160
842,164
842,166
841,166
839,167
838,167
837,166
end box30
287,143
288,143
288,144
289,146
289,149
288,150
287,151
286,152
283,152
281,152
280,151
end box31
609,178
610,176
611,175
611,173
613,173
618,172
620,173
622,174
623,175
624,177
624,180
624,182
623,184
621,186
619,186
617,186
614,186
612,186
610,185
609,183
609,181
609,179
end box32
745,160
746,160
746,161
747,162
747,163
747,164
747,166
746,167
744,167
743,167
742,167
741,166
740,165
end box33
762,155
763,155
765,155
766,155
767,156
767,157
767,162
767,163
766,163
764,164
763,163
762,163
end box34
858,171
859,170
860,170
862,170
863,171
863,172
863,181
862,182
861,183
859,182
858,181
end box35
129,152
131,151
134,151
136,152
137,153
138,155
138,162
136,164
135,165
133,166
130,165
129,165
end box36
282,172
283,172
285,172
286,172
287,173
287,174
287,179
287,180
286,181
284,181
283,180
282,180
end box37
335,156
336,155
338,155
340,155
341,156
341,163
340,164
339,165
337,166
336,165
334,165
334,163
end box38
109,187
110,186
111,186
112,186
113,187
114,188
114,195
113,196
111,197
110,196
109,195
end box39
627,146
628,147
628,148
629,149
629,150
629,151
629,153
628,154
627,154
625,154
624,154
623,154
622,153
end box40
622,156
623,155
625,155
626,156
627,157
628,158
628,163
627,164
626,165
624,166
623,166
621,165
end box41
820,157
821,156
822,156
823,156
824,157
825,158
825,165
824,166
822,167
821,167
820,165
end box42
283,155
284,155
286,155
288,155
289,156
289,158
290,159
289,162
289,163
288,164
287,165
285,166
284,166
282,165
282,163
end box43
120,137
121,136
123,135
126,135
128,135
131,136
131,138
132,141
131,149
131,152
129,154
126,154
123,154
121,152
120,150
end box44
819,146
820,145
822,145
823,146
824,147
824,154
823,155
821,155
820,155
819,154
end box45
183,163
184,163
186,162
188,163
188,164
188,171
187,172
185,172
184,172
183,171
end box46
282,172
283,172
285,172
286,172
287,173
287,174
287,179
287,180
286,181
284,181
283,180
282,180
end box47
279,159
279,157
280,155
281,153
282,152
285,152
286,152
288,153
291,153
293,154
293,156
294,158
294,161
294,163
293,165
291,167
289,168
287,168
284,168
282,168
280,167
279,165
279,162
279,160
end box48
end total49boxes
