761,258
794,218
835,190
874,178
910,178
941,186
966,188
995,187
1026,191
1068,196
1107,220
1137,259
1154,313
1148,355
1101,380
1045,379
998,369
967,363
942,363
912,368
863,383
805,380
761,355
751,313
end box0
618,188
631,177
644,170
655,168
665,168
672,168
679,168
686,169
695,168
707,170
722,175
734,187
736,203
733,215
717,222
698,221
687,220
679,220
671,221
664,220
654,220
635,220
618,215
615,204
end box1
860,344
860,342
860,338
860,333
863,327
867,320
872,319
877,326
880,331
880,337
881,341
881,344
881,347
881,350
880,353
880,359
878,367
873,374
866,375
861,367
861,357
861,352
860,350
860,347
end box2
end total3boxes
