977,233
1002,208
1026,191
1052,185
1075,184
1092,183
1108,181
1127,181
1148,186
1177,190
1202,206
1224,232
1234,267
1225,291
1191,303
1148,300
1125,302
1109,306
1091,308
1076,302
1053,300
1012,302
976,291
969,266
end box0
658,178
658,178
659,177
660,177
661,177
662,178
663,178
663,179
664,180
664,181
663,182
663,184
662,184
661,185
660,185
659,185
658,184
657,183
657,183
end box1
516,131
516,129
518,127
536,128
538,131
538,134
538,138
536,140
517,139
515,137
end box2
497,159
497,159
498,158
499,158
500,158
501,159
501,159
502,160
502,161
502,162
502,163
502,164
501,165
500,166
499,166
498,166
497,165
497,164
end box3
377,174
378,173
379,173
380,173
381,174
381,174
382,175
382,176
382,177
382,178
382,179
381,180
380,181
379,181
378,181
377,180
377,179
end box4
523,131
524,129
536,129
538,130
538,133
538,135
537,137
524,136
523,134
end box5
677,158
678,159
679,159
679,160
679,161
679,162
679,163
678,164
677,164
676,164
675,164
674,164
674,163
end box6
459,173
460,172
461,172
462,172
463,173
463,173
464,178
463,179
462,180
461,180
460,180
459,179
end box7
507,130
508,128
527,128
528,130
528,133
528,136
526,138
508,138
507,136
507,133
end box8
451,159
452,158
455,159
456,159
456,160
456,161
456,163
456,164
456,165
454,166
453,166
452,166
451,165
end box9
647,114
648,114
649,114
651,114
652,114
652,115
652,124
651,125
649,126
648,125
646,124
end box10
558,143
559,142
560,142
561,142
562,143
563,144
563,151
562,152
560,153
559,152
558,151
end box11
645,121
646,121
647,121
648,121
649,121
649,128
649,129
647,130
646,129
645,129
end box12
460,160
461,159
462,159
463,159
464,159
464,160
465,161
465,164
465,165
464,166
463,167
462,168
461,167
460,166
end box13
464,141
465,141
467,141
468,141
469,142
469,143
470,144
469,146
469,147
469,149
468,149
466,150
465,149
464,149
end box14
end total15boxes
