612,231
626,214
642,198
657,189
674,188
691,189
704,188
723,184
741,185
761,193
784,207
785,230
789,255
787,279
778,299
749,300
723,295
705,289
675,288
647,297
620,297
608,278
606,255
end box0
782,211
783,206
784,198
789,195
796,195
802,194
807,194
813,195
819,196
823,200
826,206
829,211
829,218
830,226
829,233
823,237
815,237
808,235
802,235
795,236
788,235
784,230
783,224
783,217
end box1
835,181
835,179
836,177
837,176
839,176
846,176
848,176
849,178
850,180
851,183
851,185
850,188
848,189
845,189
838,189
836,188
835,187
834,185
834,182
end box2
853,174
854,173
858,173
859,174
860,175
860,176
860,177
860,178
860,180
859,181
857,181
856,181
855,181
854,181
853,180
852,179
end box3
838,177
839,176
844,176
845,177
846,178
847,179
847,180
847,182
847,184
845,184
844,185
841,184
839,184
838,184
838,182
end box4
806,174
807,170
808,167
811,165
815,165
824,165
828,165
830,167
833,170
835,173
836,178
835,182
833,186
829,188
825,188
811,186
808,185
806,181
806,177
end box5
831,185
832,183
833,182
844,182
846,183
847,185
848,187
848,190
848,193
848,196
846,197
843,198
833,196
831,194
end box6
end total7boxes
