555,178
555,176
556,175
558,173
560,173
566,172
568,173
570,174
571,176
572,178
572,181
572,184
572,187
569,188
566,188
559,188
556,187
555,186
555,183
555,181
end box0
485,185
486,180
490,174
495,171
501,171
506,171
511,171
516,171
522,171
527,174
530,180
533,185
534,192
534,200
531,206
525,208
517,207
511,206
506,206
500,207
492,208
487,205
485,199
486,192
end box1
626,254
625,248
624,240
626,229
629,211
641,183
652,183
663,206
667,226
668,239
668,247
669,253
669,260
668,266
666,273
665,283
664,308
655,331
638,331
631,298
631,276
629,269
627,264
626,259
end box2
248,270
246,258
248,246
249,225
257,197
276,164
295,162
312,196
321,224
323,244
324,259
323,270
323,281
320,291
319,303
327,338
327,383
303,384
269,380
248,371
248,329
254,300
252,289
249,280
end box3
189,223
190,214
191,204
194,192
200,174
212,153
225,153
237,173
244,192
247,204
248,214
250,222
250,231
248,239
247,249
244,261
240,281
227,296
208,299
195,290
193,262
191,248
189,239
189,230
end box4
765,206
766,203
766,199
767,194
769,185
774,174
781,171
787,179
790,189
790,197
790,202
790,206
790,209
789,213
788,216
788,223
786,234
781,245
772,244
768,231
768,219
767,215
766,212
766,209
end box5
610,141
613,140
614,141
615,142
616,143
616,144
616,146
616,148
615,149
614,150
612,150
611,150
610,149
609,148
end box6
690,114
690,112
691,111
692,109
693,108
695,108
697,107
698,107
701,108
702,109
703,111
704,113
703,116
703,118
703,120
701,122
699,123
697,124
694,123
692,123
691,121
690,119
689,117
690,115
end box7
608,174
609,173
610,173
611,173
612,174
613,175
614,176
614,181
613,182
612,183
610,183
609,183
608,182
607,181
end box8
732,178
732,176
733,174
734,172
736,171
737,170
740,169
742,170
744,171
746,173
747,175
748,177
748,180
747,182
747,185
745,187
743,189
740,189
737,189
735,188
733,186
732,184
731,181
731,179
end box9
608,128
609,127
610,127
611,127
612,128
613,129
614,130
614,131
614,133
614,135
613,136
612,138
610,138
609,138
608,136
607,135
end box10
705,74
706,73
707,73
709,73
710,74
711,75
712,76
712,82
711,84
709,85
708,86
706,86
704,84
703,83
end box11
690,114
690,113
691,112
692,111
693,111
694,111
696,110
697,111
698,112
699,113
699,115
699,116
699,118
699,120
698,121
696,122
694,122
693,122
691,121
690,120
690,118
end box12
593,158
593,157
594,157
595,157
596,157
597,157
598,158
598,159
599,160
598,161
598,162
598,164
598,165
597,165
595,166
594,165
593,165
592,164
end box13
668,127
669,126
670,126
672,126
673,127
674,128
675,129
675,136
674,137
672,138
671,139
669,139
667,138
666,136
end box14
608,189
609,188
610,187
611,187
613,187
614,188
615,189
615,190
616,196
615,198
613,199
611,199
610,199
608,198
607,197
end box15
604,158
605,157
606,157
607,157
608,158
609,159
609,160
609,164
609,166
608,167
606,167
605,167
604,166
end box16
606,189
607,187
608,186
610,185
613,185
615,185
617,186
618,188
619,190
619,200
618,202
616,203
613,203
610,203
608,203
606,201
605,198
end box17
689,173
690,172
691,172
692,172
693,173
694,174
695,175
695,180
694,181
693,182
691,183
690,182
689,181
688,180
end box18
597,142
598,143
599,144
599,145
599,147
599,149
598,150
597,150
594,150
593,150
592,149
end box19
686,124
687,122
703,121
705,123
706,132
704,135
702,137
688,135
687,134
end box20
743,139
745,140
746,141
745,148
744,150
742,150
738,151
737,150
736,149
end box21
581,143
582,143
582,144
583,145
583,146
583,147
582,149
582,149
580,150
579,150
578,150
577,149
end box22
685,96
686,94
705,93
706,96
706,99
706,102
704,104
687,103
685,101
685,99
end box23
703,93
704,92
706,92
708,92
709,93
710,94
710,96
710,97
710,99
710,101
709,102
707,103
705,103
704,103
702,102
701,101
end box24
559,161
562,161
562,161
563,161
564,162
564,163
564,164
564,165
564,166
563,167
562,168
561,168
560,167
559,167
559,166
end box25
414,154
415,153
416,153
418,153
419,154
420,155
420,164
418,166
417,166
415,166
413,164
end box26
620,142
621,141
622,141
624,141
625,142
626,143
625,152
624,153
623,154
621,154
619,152
end box27
576,157
577,156
579,156
580,157
580,157
581,158
581,162
580,163
579,164
578,164
577,164
576,163
end box28
542,123
543,123
545,123
546,123
547,124
547,131
546,132
544,132
543,132
542,131
end box29
end total30boxes
