479,188
480,184
482,181
485,179
489,179
498,179
502,179
504,181
508,184
510,187
510,192
511,197
509,202
504,202
499,202
488,201
484,201
480,200
479,196
479,192
end box0
605,177
605,175
607,174
609,172
611,172
619,172
622,172
624,174
625,177
624,180
624,183
623,186
620,186
610,187
607,187
605,185
604,182
604,180
end box1
-24,258
-1,219
29,188
70,179
109,181
139,185
165,187
194,185
224,190
258,202
291,228
324,262
336,311
327,351
288,374
243,388
200,377
166,366
138,368
105,380
64,386
18,375
-19,350
-26,308
end box2
535,180
536,179
538,177
539,176
541,176
548,176
550,176
552,178
554,180
554,183
554,186
553,189
550,189
540,189
537,189
535,188
534,185
535,183
end box3
526,179
526,179
531,179
532,179
533,180
534,181
534,182
534,184
534,186
532,186
531,186
528,186
527,186
525,186
525,185
end box4
557,180
558,178
559,177
560,175
562,174
570,174
571,175
573,177
574,179
574,182
574,185
573,187
570,188
568,188
561,188
558,188
557,186
557,184
557,181
end box5
559,178
560,177
560,176
561,175
562,175
567,175
568,175
569,176
570,178
570,179
570,181
570,184
568,184
566,184
564,184
563,184
561,184
560,184
559,182
559,180
559,179
end box6
539,180
540,179
540,177
541,177
549,177
551,178
552,180
552,182
552,184
552,187
549,186
542,187
540,187
538,185
539,183
539,181
end box7
586,179
587,177
588,175
589,174
591,174
598,174
600,174
602,176
603,178
603,181
603,183
602,186
599,186
596,186
593,186
590,187
588,186
586,185
586,183
586,180
end box8
590,176
591,175
591,174
592,174
596,174
597,175
598,176
599,177
599,178
599,180
599,182
597,182
596,182
594,183
593,182
591,182
590,182
590,181
end box9
506,183
506,181
507,179
508,177
510,177
515,177
517,178
519,179
520,180
521,182
522,185
522,187
521,190
519,191
516,191
514,191
511,191
509,191
507,190
506,188
506,186
505,184
end box10
573,180
573,178
575,177
575,175
577,175
584,175
586,176
587,177
588,179
588,182
588,184
587,187
585,187
583,188
580,187
578,188
576,188
574,187
573,186
572,183
573,181
end box11
576,175
576,174
577,174
581,174
582,175
583,176
584,177
584,178
584,180
584,182
582,182
581,183
579,183
578,183
576,182
575,182
575,181
end box12
812,162
814,159
817,157
820,156
822,156
829,156
832,156
834,157
838,159
840,162
842,166
841,170
838,173
834,173
830,173
827,173
824,173
821,173
818,172
814,172
812,169
811,166
end box13
817,163
817,161
818,160
820,158
822,158
827,158
829,158
832,159
833,161
834,163
835,166
835,169
834,172
831,173
828,172
826,172
823,172
821,172
818,172
817,171
816,168
816,166
end box14
512,177
513,177
517,177
518,178
519,179
519,180
520,181
520,183
520,184
518,185
517,186
515,186
514,185
513,185
512,184
end box15
504,188
504,186
505,184
506,182
508,182
510,181
511,182
513,182
515,183
517,184
518,186
519,187
519,190
519,192
519,195
517,196
514,196
512,196
509,196
507,196
506,195
504,193
end box16
791,163
793,160
796,158
798,156
801,156
808,157
811,156
814,158
817,160
820,163
821,167
821,171
818,174
813,175
809,175
806,174
803,174
800,174
797,174
792,173
790,171
790,167
end box17
835,163
835,161
836,159
837,158
839,157
841,157
842,156
844,157
846,157
848,158
849,160
850,162
850,165
850,167
850,170
847,171
845,172
843,171
840,171
838,171
836,170
835,169
835,166
835,164
end box18
846,164
847,162
848,160
849,159
851,158
853,157
855,157
857,157
859,157
862,158
863,161
863,163
862,171
860,172
857,173
855,173
852,174
850,174
847,172
846,170
846,168
846,166
end box19
608,176
609,175
609,174
610,173
611,173
616,172
617,173
618,174
619,176
619,177
619,179
619,181
617,182
615,182
612,182
610,182
609,181
608,180
608,178
608,177
end box20
490,189
490,187
491,184
492,183
495,182
502,182
505,183
507,184
508,187
509,189
510,192
510,195
509,199
507,200
503,201
500,200
497,200
494,200
492,199
490,197
490,194
489,192
end box21
520,183
521,181
522,180
524,178
525,178
532,178
534,179
536,180
537,182
537,185
537,187
536,190
533,190
530,190
524,191
522,190
520,189
520,187
520,185
end box22
433,196
434,195
435,194
436,193
437,193
439,193
440,194
441,195
442,196
443,199
443,201
442,203
441,205
439,206
438,206
436,206
434,204
433,203
432,202
end box23
176,65
178,64
179,63
181,63
184,63
185,64
187,66
187,68
188,71
187,76
186,78
184,80
182,80
179,80
177,79
176,77
175,75
end box24
582,160
583,160
584,161
584,162
584,164
584,165
583,166
582,166
581,167
580,166
579,166
579,165
end box25
427,143
428,142
429,142
430,142
432,142
433,143
433,145
433,150
432,151
431,152
429,153
428,153
426,152
426,150
end box26
598,159
599,160
600,160
600,161
600,162
600,163
600,164
599,165
598,165
597,165
596,165
595,165
end box27
630,144
631,144
631,145
632,146
632,147
631,148
631,150
631,151
629,151
628,151
627,151
626,150
end box28
427,161
430,161
431,161
432,162
432,163
432,168
432,169
431,169
429,170
428,169
427,169
426,168
end box29
612,161
613,162
614,162
614,163
614,164
614,165
614,166
613,167
612,167
611,167
610,167
609,167
end box30
433,205
440,203
441,204
442,205
442,212
441,213
439,214
436,214
434,213
433,212
end box31
727,174
728,173
729,172
730,172
732,172
733,173
733,175
734,181
733,182
732,184
731,185
729,184
728,182
end box32
425,142
426,141
428,140
430,140
431,140
433,141
435,143
435,145
435,153
434,155
432,156
430,157
427,157
425,155
424,153
end box33
628,158
629,158
631,158
631,158
632,158
632,159
633,163
632,164
631,165
630,165
629,165
628,164
end box34
181,89
183,89
186,89
187,89
188,91
188,100
186,101
185,102
182,102
181,101
end box35
851,142
852,142
854,142
855,142
855,142
855,148
854,149
853,149
852,149
851,148
end box36
179,89
180,88
182,86
184,86
185,86
187,86
190,87
191,89
191,91
191,93
191,94
191,96
191,99
190,101
188,102
186,103
183,103
181,102
180,100
180,97
end box37
end total38boxes
