602,180
604,177
606,174
609,172
613,173
624,172
627,174
630,176
632,179
633,184
633,189
631,192
626,193
621,192
612,192
608,192
603,192
601,188
602,184
end box0
286,189
286,186
286,182
286,176
288,168
294,156
300,154
305,165
309,174
309,180
310,185
309,189
309,192
309,196
307,199
306,204
306,216
302,228
292,227
289,212
289,201
288,197
287,195
286,192
end box1
322,189
322,186
321,182
321,177
323,168
329,156
335,154
341,164
343,174
344,181
344,185
343,189
343,192
343,195
342,199
341,204
341,216
337,228
327,227
324,211
324,201
323,197
323,194
322,192
end box2
195,178
195,176
195,174
196,173
197,170
199,165
202,164
205,166
206,171
207,173
208,175
208,177
208,179
207,181
207,184
207,188
206,193
203,194
199,193
196,190
196,185
195,182
195,181
195,179
end box3
843,222
844,217
845,213
846,206
848,194
855,177
864,174
870,189
873,204
873,212
874,217
876,221
875,226
874,230
874,236
879,254
880,275
867,271
850,272
838,275
842,248
845,234
844,229
844,225
end box4
331,190
331,187
331,183
331,177
333,167
338,159
344,160
350,168
353,176
353,182
353,186
353,190
353,193
353,196
352,199
352,205
351,216
346,226
337,226
333,216
333,203
333,198
332,196
331,193
end box5
538,171
538,170
539,168
540,168
541,168
542,170
543,171
543,172
543,173
543,174
543,175
543,176
543,178
542,180
541,181
539,180
538,178
537,176
end box6
496,204
497,201
497,197
497,190
500,181
505,166
514,160
521,170
523,185
523,194
523,200
524,204
522,207
521,211
522,216
527,233
529,256
516,247
501,246
492,249
495,225
498,214
497,210
end box7
302,188
302,186
302,182
302,176
304,168
309,159
314,158
319,167
322,175
322,181
323,185
323,188
322,191
322,194
321,197
321,203
320,213
316,222
308,221
304,210
304,200
304,196
303,193
302,191
end box8
212,187
212,184
212,180
213,175
215,169
221,160
226,155
232,161
236,170
236,178
236,183
236,187
236,190
235,194
234,197
233,204
232,215
228,223
219,221
216,208
215,199
214,195
213,192
213,190
end box9
240,187
241,184
240,180
241,174
243,166
249,157
255,156
261,163
264,172
265,178
265,183
265,187
265,190
264,194
263,197
262,203
261,214
256,223
247,222
243,211
243,201
242,196
241,193
241,190
end box10
522,170
523,169
524,167
525,167
527,168
528,169
528,171
528,172
529,173
529,174
529,175
529,177
528,178
527,181
526,182
524,181
523,179
522,177
end box11
307,182
308,176
312,167
316,167
320,173
321,180
322,184
322,187
321,189
321,192
321,194
321,196
320,200
320,209
317,216
311,214
309,203
309,197
end box12
553,169
553,168
554,168
555,167
556,168
557,168
558,169
558,170
558,171
558,172
558,173
558,175
558,176
557,177
555,177
554,177
553,176
552,174
end box13
275,188
275,185
275,182
275,176
277,170
282,161
288,157
294,163
296,173
297,180
297,184
297,188
296,191
297,195
296,198
295,205
295,216
290,223
281,221
278,208
277,200
276,196
275,193
275,191
end box14
460,125
461,124
462,124
463,124
464,124
465,124
466,125
467,126
467,127
467,128
467,129
467,131
466,132
465,133
463,133
462,132
461,132
460,131
end box15
487,157
488,156
489,156
490,156
491,157
492,157
492,158
492,159
492,161
492,162
492,163
490,164
489,165
488,164
487,163
486,162
end box16
19,154
20,153
22,153
23,154
24,155
25,161
24,162
23,163
21,164
20,163
19,162
end box17
486,172
487,172
488,170
489,170
491,170
492,171
492,173
493,174
493,179
492,180
491,182
489,182
488,182
487,181
486,179
end box18
10,277
14,255
23,236
34,216
53,203
78,202
100,204
121,209
145,215
153,236
161,258
170,278
171,300
170,325
166,348
155,373
127,376
101,372
76,370
51,375
25,371
15,346
15,321
12,299
end box19
26,247
22,227
31,211
39,187
54,162
77,138
99,136
121,162
140,184
146,208
152,228
151,246
148,263
141,279
138,297
134,320
125,352
102,365
72,363
50,352
42,320
41,293
39,276
32,263
end box20
681,105
682,105
683,105
685,105
686,105
686,114
685,115
683,116
682,116
681,115
end box21
end total22boxes
