409,188
415,176
426,168
439,166
451,166
460,166
468,166
476,167
486,167
497,171
510,178
519,189
523,205
521,218
508,226
490,227
478,227
468,226
460,224
427,223
415,215
410,203
end box0
589,195
590,191
595,186
600,183
605,184
610,184
613,184
618,184
623,184
627,186
631,191
635,195
636,202
635,209
632,215
627,216
604,215
595,217
591,215
589,208
589,202
end box1
555,182
555,180
556,178
557,177
559,176
561,176
562,176
564,176
566,177
567,178
569,180
569,181
570,184
570,186
569,189
567,190
565,190
563,190
561,190
559,189
557,188
556,187
555,183
end box2
572,182
572,179
573,178
575,176
577,176
582,176
584,176
587,177
588,179
589,181
589,184
590,187
589,190
586,191
583,191
581,190
578,190
576,190
574,189
572,188
572,186
571,184
end box3
389,203
393,191
399,182
411,180
423,181
431,182
438,181
445,182
454,183
464,187
473,194
480,204
485,217
484,229
475,237
458,237
447,236
438,237
431,237
400,234
392,226
389,215
end box4
536,182
536,178
538,175
541,174
545,174
547,174
552,175
555,175
558,176
561,179
562,182
563,186
563,190
561,193
558,195
553,194
550,194
547,193
544,193
541,193
538,191
537,189
536,185
end box5
636,190
636,188
638,187
639,185
640,185
642,184
645,184
647,185
649,186
650,187
651,189
651,192
651,194
650,196
648,197
646,198
643,198
641,198
639,198
637,197
636,196
636,193
635,191
end box6
587,180
587,178
588,176
589,175
591,175
593,174
596,174
598,175
600,175
601,177
602,179
602,182
602,184
601,186
599,187
597,188
595,188
592,188
590,188
588,187
587,185
587,183
587,181
end box7
492,182
494,176
500,173
507,173
513,173
518,173
524,173
530,174
534,178
537,184
540,189
542,196
542,204
539,210
533,213
525,213
518,212
513,212
end box8
577,177
578,176
581,176
582,176
583,177
584,178
584,179
584,180
584,182
584,183
583,184
582,185
580,185
579,184
578,184
577,183
576,182
end box9
561,177
562,176
563,176
564,176
565,176
566,176
567,177
567,178
568,179
568,180
568,181
568,183
567,184
565,184
564,184
563,184
562,183
561,183
end box10
591,175
592,174
595,174
596,174
597,175
598,176
598,177
598,178
598,179
598,181
597,182
595,182
594,182
593,182
592,182
591,181
590,180
end box11
642,188
642,187
643,187
644,187
645,187
646,187
647,188
647,189
648,190
648,191
648,192
648,194
647,195
645,195
644,196
643,195
642,195
641,194
641,193
end box12
541,181
541,179
542,177
543,176
545,175
547,175
548,175
550,175
552,176
554,177
555,179
556,180
556,183
556,185
555,187
553,189
551,189
549,189
547,189
545,189
543,188
541,186
540,182
end box13
660,149
660,149
661,148
662,148
663,148
664,148
665,149
665,150
666,151
666,152
666,153
666,155
665,156
664,156
662,157
661,156
660,156
659,155
end box14
580,161
580,161
581,162
582,163
582,164
582,165
581,167
581,168
579,168
578,168
577,168
576,167
575,166
end box15
539,146
539,145
540,145
541,144
542,144
543,144
544,145
546,145
546,146
547,148
547,149
547,151
547,152
546,154
544,154
542,155
541,155
539,154
538,153
538,151
end box16
662,154
663,155
663,156
664,157
664,159
664,161
663,162
661,162
659,162
658,162
657,161
end box17
643,144
647,143
648,144
649,145
649,146
649,148
649,150
648,151
647,151
644,151
643,151
642,150
end box18
547,160
547,160
548,161
549,162
548,163
548,164
549,166
548,166
546,167
545,167
544,167
543,166
542,165
end box19
535,147
535,145
536,144
537,143
538,141
540,141
541,141
543,141
545,142
546,143
547,145
548,147
548,148
548,151
547,153
546,155
544,156
542,156
539,156
537,155
536,153
535,152
535,150
535,148
end box20
642,158
643,157
644,157
645,157
646,158
646,158
647,159
647,160
647,161
647,162
647,163
647,164
645,165
644,165
643,165
642,164
641,163
end box21
721,141
722,140
723,140
726,140
727,140
728,141
729,148
727,150
726,150
724,151
723,151
721,150
720,149
end box22
691,142
692,142
693,142
694,141
695,142
696,143
697,144
697,145
697,147
697,149
696,150
695,151
693,151
692,151
691,150
690,149
689,148
end box23
630,159
634,159
634,159
635,160
635,161
635,162
635,163
635,164
635,165
633,166
632,166
631,166
630,165
629,164
end box24
591,175
592,174
595,174
596,174
597,175
598,176
598,177
598,178
598,179
598,181
597,182
595,182
594,182
593,182
592,182
591,181
590,180
end box25
626,190
627,189
628,188
629,188
630,188
631,189
632,190
632,191
633,192
633,193
633,194
633,196
632,197
631,197
629,198
628,198
627,197
626,196
end box26
end total27boxes
