745,234
772,209
799,194
828,192
849,191
866,192
879,192
896,192
913,196
938,200
966,212
990,236
1003,270
997,292
959,304
925,310
900,307
881,304
864,304
847,305
818,311
776,313
745,294
738,269
end box0
560,177
565,176
566,177
567,178
568,179
568,180
568,182
568,184
566,184
565,184
563,184
562,184
561,184
560,183
559,182
end box1
575,178
576,176
581,175
582,176
583,177
584,178
584,179
584,181
584,183
582,183
581,183
579,184
578,183
577,183
575,183
575,182
575,180
575,179
end box2
622,180
623,178
624,177
626,175
634,175
636,176
637,177
639,179
639,182
639,185
638,187
635,187
626,187
624,187
622,186
622,184
621,182
end box3
544,177
549,177
550,177
551,178
551,179
552,180
551,182
551,183
550,184
548,184
546,184
545,184
544,183
543,182
end box4
512,193
515,190
519,188
522,187
533,188
535,189
540,190
544,193
546,197
545,201
540,203
535,204
517,202
513,200
511,197
end box5
571,178
572,176
574,175
575,174
584,174
587,174
589,176
590,178
591,181
591,184
589,187
586,187
576,187
573,188
571,186
570,184
570,181
end box6
501,196
504,192
507,190
510,190
525,191
529,193
533,196
535,200
534,204
529,206
524,207
506,205
502,203
501,200
end box7
627,175
631,175
632,175
632,176
633,177
633,178
633,179
633,181
632,182
630,182
628,182
627,182
626,181
625,180
end box8
508,141
512,141
513,142
513,143
513,148
513,149
511,149
510,150
509,149
508,149
end box9
508,130
511,130
512,130
513,131
514,137
513,138
512,139
510,139
509,139
508,138
end box10
591,178
591,178
592,177
593,177
594,177
595,178
595,178
596,179
596,181
596,182
596,183
595,184
594,185
593,186
592,185
591,184
591,183
end box11
1178,16
1178,9
1183,4
1227,2
1231,7
1232,15
1231,23
1231,31
1227,37
1206,39
1201,40
1195,39
1188,38
1181,36
1178,31
1178,23
end box12
691,136
692,135
693,135
694,135
695,136
696,137
696,144
695,145
693,146
692,145
691,144
end box13
597,126
598,126
599,126
600,125
601,126
601,126
601,132
600,133
599,133
598,133
597,132
end box14
592,117
593,116
594,116
595,116
596,117
596,117
596,124
596,124
594,125
593,124
592,123
end box15
end total16boxes
