540,191
539,189
541,187
542,185
544,185
553,185
556,186
557,189
558,191
558,194
558,197
557,200
555,202
552,202
549,201
546,201
544,201
541,200
540,199
539,196
539,194
end box0
511,194
512,191
515,188
517,185
520,185
523,185
526,185
529,185
533,185
535,188
538,191
539,193
540,198
540,202
539,207
535,208
530,207
519,207
515,207
512,205
511,201
511,197
end box1
583,192
585,189
588,186
591,183
594,182
605,182
609,182
612,185
616,189
618,192
618,197
618,202
617,208
612,209
593,208
587,209
584,207
583,201
583,197
end box2
298,191
299,188
301,184
304,182
308,182
319,182
323,182
325,184
329,188
331,191
331,196
332,201
330,206
325,207
319,207
308,205
304,205
300,204
298,200
298,196
end box3
378,188
378,186
379,185
381,183
383,183
391,183
393,184
395,186
396,188
396,191
396,194
395,197
392,197
382,198
379,197
377,196
377,193
377,191
end box4
881,165
881,163
883,162
885,161
887,161
894,161
897,161
899,163
901,165
902,168
901,172
900,174
896,174
893,174
886,174
883,174
881,173
880,171
879,168
end box5
728,166
731,162
735,161
739,160
750,160
754,161
758,162
762,166
765,171
764,175
758,177
752,177
749,177
740,177
737,177
731,177
727,175
726,170
end box6
282,194
283,189
288,185
292,182
298,182
302,182
307,182
311,182
317,182
321,185
325,190
328,194
330,201
330,208
326,214
319,215
297,214
290,215
284,213
282,207
282,201
end box7
562,176
567,176
568,176
569,177
569,178
569,179
569,181
569,182
568,183
566,183
565,183
564,183
563,183
562,182
561,181
end box8
556,193
556,191
557,189
558,188
560,187
565,186
568,187
570,188
571,190
571,192
571,195
571,197
571,200
569,201
566,202
561,202
559,202
557,201
556,199
555,196
555,194
end box9
574,177
579,177
580,178
581,179
582,180
582,181
582,183
582,185
580,185
579,186
576,186
574,186
573,185
573,184
end box10
392,189
392,187
393,186
395,185
396,184
403,184
405,185
406,186
407,188
408,191
408,193
407,196
404,196
401,196
396,196
393,196
392,195
391,193
391,190
end box11
569,181
569,180
571,178
572,177
574,176
582,176
584,177
586,179
587,181
587,184
587,187
585,189
583,190
573,191
570,190
569,189
568,186
568,184
end box12
543,188
544,187
548,187
549,187
550,188
551,189
552,191
552,192
551,194
552,196
550,197
548,198
546,198
545,198
543,197
542,196
541,195
end box13
544,176
549,176
550,176
551,177
551,178
551,179
551,180
551,182
550,183
548,183
546,183
545,183
544,182
543,181
end box14
237,197
240,194
244,192
263,193
268,194
273,197
274,203
273,207
268,209
262,209
240,209
235,207
235,202
end box15
14,248
40,219
69,201
98,192
123,191
144,192
162,196
182,196
204,198
231,205
260,223
292,249
306,288
298,315
257,333
218,337
186,330
163,324
144,324
122,329
92,333
56,328
16,312
6,286
end box16
769,165
769,163
770,162
772,160
773,160
775,160
776,159
778,159
780,160
782,161
783,162
784,164
785,167
785,169
784,172
781,173
779,173
777,173
774,173
772,173
770,172
769,171
768,169
768,167
end box17
569,192
569,190
570,188
571,186
572,185
574,185
579,185
581,185
583,186
584,189
585,191
585,194
584,196
584,199
582,201
579,201
574,201
571,202
569,201
568,198
568,196
568,193
end box18
751,168
751,166
753,164
754,163
756,163
763,163
765,164
767,165
768,167
769,170
769,173
767,175
765,176
762,176
760,176
758,176
756,176
753,175
751,174
751,172
750,170
end box19
719,172
719,170
721,169
722,168
723,167
725,167
726,167
728,167
730,167
731,168
732,170
734,171
734,174
734,176
733,178
731,179
728,179
726,179
725,179
723,179
721,179
719,178
719,175
718,173
end box20
1005,161
1007,157
1009,155
1012,153
1015,153
1027,153
1031,154
1034,157
1036,161
1037,165
1036,169
1033,173
1028,174
1024,174
1021,174
1018,174
1014,174
1011,174
1006,172
1004,169
1004,165
end box21
561,189
562,189
563,188
564,188
565,188
566,189
567,190
568,191
568,192
568,193
568,195
568,196
567,197
566,198
564,198
563,198
561,197
560,197
end box22
557,180
557,178
559,176
560,175
562,175
569,175
571,175
573,177
574,179
574,182
574,185
573,187
570,188
568,188
561,188
559,187
557,186
556,184
556,182
end box23
93,63
93,61
93,57
93,52
95,44
100,35
105,34
111,42
113,50
114,56
114,60
114,63
114,66
113,69
112,72
111,76
110,85
107,95
98,96
94,87
95,75
94,71
93,68
93,66
end box24
119,42
120,39
122,34
125,34
127,38
129,42
129,44
130,46
130,48
130,49
129,51
129,53
129,56
129,62
126,65
122,63
120,58
120,53
end box25
214,77
214,75
214,74
214,72
215,68
217,63
220,63
223,66
224,70
225,73
225,75
225,77
224,78
224,80
224,82
224,85
224,91
221,94
217,93
215,88
214,83
214,81
214,79
214,78
end box26
185,30
185,29
186,28
187,27
188,28
189,29
189,30
190,31
190,32
190,33
190,34
190,35
189,36
189,38
187,39
186,38
185,36
185,35
end box27
804,161
804,160
805,159
806,158
807,159
808,160
809,161
809,162
810,163
809,164
809,165
809,166
809,168
808,170
807,171
805,170
804,168
803,166
803,166
end box28
101,44
102,40
105,34
109,34
111,38
113,43
114,46
114,48
114,50
114,52
114,55
114,57
114,62
113,68
109,71
104,70
102,64
101,58
end box29
183,32
184,31
184,29
186,27
188,26
189,27
190,29
191,31
191,33
191,34
191,35
191,37
191,38
191,40
190,43
188,44
185,43
184,41
183,39
183,37
183,36
183,35
end box30
837,160
838,158
839,157
840,156
842,157
843,158
843,160
843,161
844,162
844,163
844,164
844,166
843,167
842,169
841,171
839,170
838,168
837,166
837,165
end box31
132,42
132,40
132,39
132,37
133,34
135,29
138,29
140,32
142,35
142,38
143,40
143,42
143,43
142,45
142,47
142,50
141,56
139,58
135,57
133,51
133,47
133,46
132,44
132,43
end box32
675,171
675,171
676,170
677,170
678,170
679,171
679,171
680,172
680,173
680,174
680,175
680,176
679,177
678,178
677,178
676,178
675,177
675,176
674,175
end box33
688,170
688,170
689,169
690,169
691,169
692,170
692,170
693,171
693,172
693,173
693,174
693,175
692,176
691,177
690,177
689,177
688,176
687,175
687,175
end box34
170,31
170,30
171,28
172,28
173,29
174,30
175,31
175,32
175,33
175,34
175,35
175,36
175,38
174,40
173,41
171,40
170,38
169,36
end box35
167,34
167,32
168,30
170,28
172,27
174,28
175,31
175,33
176,34
176,36
176,37
176,39
175,40
175,43
174,46
172,48
169,47
168,44
167,41
167,39
end box36
203,31
203,30
204,29
205,29
206,29
207,30
207,31
208,32
208,33
208,34
208,35
208,36
207,37
207,39
205,40
204,39
203,37
203,36
end box37
510,171
514,171
515,172
516,173
516,178
515,179
514,179
511,179
510,179
509,178
end box38
314,155
315,155
317,155
318,155
319,156
319,163
318,164
316,164
315,164
314,163
end box39
636,185
637,184
638,184
639,184
640,184
640,185
640,191
639,192
638,193
637,192
636,191
end box40
634,147
635,147
636,148
636,149
636,150
636,151
636,153
635,154
633,154
631,154
630,154
629,153
end box41
265,170
266,168
267,167
278,166
281,167
282,169
283,178
282,181
280,182
269,182
266,182
265,180
end box42
596,160
597,161
598,161
598,162
598,163
598,164
598,165
597,166
596,166
595,167
594,166
593,166
end box43
561,158
561,158
563,158
563,158
564,159
564,159
565,160
565,163
564,164
563,164
562,164
561,164
560,164
end box44
275,170
276,171
276,173
276,176
276,178
275,179
268,179
267,178
end box45
629,170
630,170
631,170
632,170
633,170
634,171
634,172
635,173
635,174
635,175
635,177
634,178
633,179
631,179
630,178
629,178
628,177
end box46
630,160
631,160
632,161
632,162
632,163
632,164
632,165
631,166
630,166
629,167
628,166
627,166
627,165
end box47
630,188
630,187
631,187
632,187
633,187
634,187
635,188
635,189
635,194
635,195
633,195
632,196
631,195
630,194
629,194
end box48
314,155
315,155
317,155
318,155
319,156
319,163
318,164
316,164
315,164
314,163
end box49
561,158
561,158
563,158
563,158
564,159
564,159
565,160
565,163
564,164
563,164
562,164
561,164
560,164
end box50
end total51boxes
