14,251
47,224
74,208
107,207
130,209
146,208
161,208
178,208
195,211
225,213
257,227
289,253
304,290
290,311
243,322
203,323
181,322
130,316
105,321
65,323
21,309
7,288
end box0
326,195
326,193
328,192
329,191
331,190
338,190
340,191
342,193
343,195
344,198
344,201
343,204
340,204
337,204
330,204
327,204
325,203
325,200
325,198
end box1
330,193
331,192
331,191
332,191
336,191
337,192
338,193
339,194
339,195
339,197
339,199
337,199
336,200
334,200
333,200
331,199
330,199
330,198
end box2
344,193
344,191
346,190
347,189
348,188
355,188
357,189
358,190
359,192
360,195
360,197
358,199
356,200
353,200
351,200
350,200
348,200
345,200
344,199
343,197
343,195
end box3
1023,158
1030,152
1037,150
1043,149
1056,149
1061,149
1067,149
1075,152
1082,158
1086,166
1083,172
1071,174
1063,174
1057,174
1053,174
1046,174
1040,174
1032,174
1021,172
1019,165
end box4
346,191
347,190
347,190
348,189
348,189
349,188
350,188
351,188
352,189
353,189
353,190
354,191
354,192
354,193
354,195
353,195
351,196
350,196
349,196
348,195
347,195
346,194
347,193
346,192
end box5
594,158
595,158
596,158
598,158
599,158
600,159
601,160
601,162
601,163
601,165
601,167
600,168
598,169
596,169
595,169
593,168
592,167
592,165
end box6
382,176
383,175
384,175
385,175
386,175
387,176
387,177
387,182
387,183
386,184
384,184
383,184
382,182
end box7
593,171
594,170
595,170
597,170
598,171
599,172
600,173
600,180
599,181
597,182
595,183
594,182
592,181
591,180
end box8
300,190
301,189
302,188
303,188
304,188
305,189
306,190
306,191
307,194
307,196
306,197
305,198
303,198
302,198
301,197
end box9
590,162
591,160
591,158
592,157
594,155
595,154
598,154
600,154
602,155
604,157
604,159
605,161
605,164
605,166
604,168
603,171
601,173
598,173
595,173
593,171
591,169
591,167
590,165
590,163
end box10
379,187
380,186
381,186
382,186
383,187
384,188
384,189
384,194
384,195
383,196
381,196
380,196
379,195
378,194
end box11
608,177
609,176
610,176
611,176
612,177
613,178
613,184
613,185
612,186
610,187
609,186
608,185
end box12
349,177
349,177
350,177
351,177
351,177
352,178
352,178
353,179
353,180
353,181
353,182
352,183
351,183
350,184
349,183
348,183
end box13
415,173
416,172
417,172
418,172
419,172
420,173
420,174
420,178
420,179
418,180
417,180
416,180
415,180
end box14
608,185
609,184
610,184
611,184
612,185
613,186
613,193
612,194
610,194
609,194
608,193
end box15
384,160
385,160
388,160
389,161
390,162
390,167
389,168
388,169
386,169
385,169
384,168
end box16
495,159
496,158
497,158
498,158
499,159
500,160
501,161
501,162
501,164
501,166
500,167
499,168
497,168
496,168
495,167
end box17
312,156
313,155
315,155
316,156
317,157
318,158
318,163
317,164
316,165
314,165
313,165
312,164
end box18
337,176
337,176
338,177
338,178
338,179
338,180
338,182
338,183
336,183
335,183
334,183
333,182
end box19
496,141
497,140
498,140
499,140
501,141
502,141
503,142
503,144
503,145
503,147
503,149
502,150
500,151
498,151
497,151
495,150
494,149
494,147
end box20
598,145
600,145
601,146
601,148
601,149
601,151
601,153
600,154
598,154
596,155
595,154
593,154
592,153
592,151
end box21
399,174
400,173
402,173
403,174
403,174
404,179
403,180
402,181
401,181
400,181
399,180
end box22
415,173
416,172
417,172
418,172
419,172
420,173
420,174
420,178
420,179
418,180
417,180
416,180
415,180
end box23
end total24boxes
