947,176
947,174
949,172
951,171
953,171
955,171
956,171
959,172
960,173
961,175
962,177
962,180
962,182
962,185
960,187
957,188
955,187
952,187
950,186
948,185
947,183
end box0
905,183
906,177
913,173
919,171
940,170
946,170
952,172
957,178
960,183
960,191
959,198
954,204
948,206
917,206
911,205
907,198
907,191
end box1
923,178
925,175
927,171
931,169
944,170
948,170
952,171
955,174
958,178
958,183
958,188
956,193
951,194
930,192
926,191
924,187
924,183
end box2
1201,172
1205,166
1212,165
1227,165
1233,168
1232,217
1228,221
1220,219
1210,222
1203,222
1201,214
end box3
end total4boxes
