205,263
221,236
242,210
265,194
294,192
319,192
343,193
368,194
396,198
424,208
447,232
457,262
462,298
454,330
434,350
394,351
365,351
342,347
321,347
297,351
264,356
226,350
203,333
199,300
end box0
505,190
506,186
509,180
513,176
519,176
524,176
529,176
534,176
540,177
543,180
547,186
550,190
550,197
550,204
548,211
544,213
535,212
529,210
524,210
518,211
510,212
507,210
506,203
506,196
end box1
701,206
711,195
722,183
732,177
744,175
756,175
767,175
778,176
792,176
804,181
819,192
826,205
826,223
824,241
815,251
793,251
777,248
766,248
756,248
745,250
729,252
708,252
700,241
698,224
end box2
382,216
382,201
385,185
396,177
414,177
428,179
441,179
453,181
467,182
478,191
490,202
491,216
493,233
494,251
490,266
474,271
457,272
442,268
430,263
end box3
538,182
538,178
539,175
542,172
546,172
549,172
552,172
555,172
558,173
560,176
563,179
564,182
565,185
565,190
564,195
561,197
556,197
552,195
end box4
575,173
576,172
577,172
581,172
582,173
583,174
584,175
584,176
584,178
584,180
582,180
581,180
579,181
578,180
577,180
575,180
575,179
end box5
671,191
673,186
677,181
682,177
687,174
693,174
698,173
704,174
713,173
719,176
722,183
722,191
698,214
692,216
685,218
677,217
671,213
669,206
670,198
end box6
636,173
636,171
638,170
639,168
641,167
651,167
654,167
655,170
656,173
655,176
655,179
654,182
651,183
640,184
637,184
636,182
635,178
635,176
end box7
553,177
553,175
555,173
557,173
563,174
565,175
566,176
568,178
569,179
569,182
569,184
569,187
567,188
564,188
562,188
end box8
595,163
599,163
600,163
600,164
601,165
601,166
601,167
601,169
600,170
598,170
597,170
596,169
595,169
594,169
593,168
end box9
622,164
623,162
628,161
629,162
630,163
631,164
631,165
631,167
631,169
629,169
628,169
625,169
623,169
622,169
622,167
622,166
end box10
619,166
619,164
620,163
622,162
623,161
630,161
632,161
634,163
634,165
635,168
634,170
633,173
631,173
622,174
620,174
618,172
618,170
618,168
end box11
591,171
592,170
593,169
593,169
598,168
599,169
601,169
601,171
602,172
601,174
601,176
599,176
598,176
596,177
595,176
593,176
592,176
591,175
591,173
591,172
end box12
674,177
677,174
680,172
683,170
686,169
699,169
703,170
707,173
709,177
708,182
707,186
685,192
680,192
676,190
674,186
673,182
end box13
620,172
620,171
622,169
623,167
624,167
634,166
636,167
637,170
638,172
638,175
637,178
637,181
634,181
626,182
623,183
621,182
619,180
619,177
619,175
end box14
611,161
615,161
616,161
616,162
617,163
617,164
617,165
617,167
616,167
614,168
613,168
612,168
611,167
610,167
609,166
end box15
609,169
610,169
615,169
616,169
617,170
617,172
618,173
617,175
617,177
616,178
614,178
612,179
611,178
609,178
608,177
607,176
end box16
695,188
696,184
698,181
701,178
704,177
708,176
715,176
720,176
725,178
727,182
727,187
707,204
703,204
698,203
695,201
694,196
694,192
end box17
542,160
543,160
545,160
545,160
546,160
547,161
547,162
547,163
547,164
547,165
546,166
545,167
543,166
542,166
541,165
end box18
end total19boxes
