471,181
472,178
474,174
476,172
480,171
489,172
493,172
495,174
498,177
500,180
500,185
500,189
499,194
495,196
490,195
479,195
475,194
472,192
472,188
472,184
end box0
551,186
551,184
553,182
555,181
565,181
567,181
569,184
571,186
571,189
571,192
570,195
566,195
556,196
553,196
550,195
550,192
550,189
end box1
522,182
522,181
524,179
525,178
527,178
534,178
536,178
538,180
539,182
540,185
540,188
539,191
536,191
533,191
526,191
523,191
522,190
521,187
521,185
end box2
2,235
7,221
18,212
32,208
45,208
55,210
64,209
73,210
85,211
95,216
105,225
113,236
118,252
116,266
105,275
89,277
28,280
15,277
6,265
3,251
end box3
504,181
504,180
506,178
508,177
516,177
518,178
520,179
521,181
522,184
522,187
520,189
517,189
508,189
506,190
504,188
503,186
503,184
end box4
474,189
474,187
476,185
477,183
479,183
488,183
491,184
493,187
494,189
494,192
494,196
493,199
490,199
479,199
475,199
473,198
473,195
473,192
end box5
475,178
475,176
476,174
478,172
480,172
489,172
492,173
493,176
495,178
495,181
495,184
494,188
491,188
479,189
476,188
475,186
474,183
474,181
end box6
454,194
455,192
456,190
458,189
468,189
470,190
471,192
473,194
473,197
473,200
473,203
469,204
466,204
459,203
456,204
454,202
454,199
453,197
end box7
549,181
550,178
551,176
553,174
555,173
563,174
567,173
569,175
570,178
572,181
572,184
572,188
571,192
569,194
564,193
561,192
558,193
554,194
551,193
549,191
549,187
549,184
end box8
509,181
509,180
510,179
516,179
517,180
518,181
518,182
518,184
518,186
516,186
514,186
512,186
511,186
509,185
509,185
509,183
509,182
end box9
660,158
663,157
664,158
665,159
666,160
667,161
666,162
666,164
666,165
665,166
664,167
662,167
661,167
660,166
659,165
end box10
579,160
579,160
580,160
581,160
581,160
582,161
582,161
583,162
583,163
583,164
583,165
582,166
581,166
580,167
579,166
578,166
578,165
end box11
311,130
311,128
312,126
313,125
315,124
317,123
319,123
320,123
322,124
324,125
325,127
326,129
326,132
326,134
325,136
323,138
321,139
319,139
316,139
314,139
312,137
311,135
311,133
311,131
end box12
596,157
596,157
597,157
598,157
598,157
599,157
600,158
600,159
600,160
600,161
600,162
599,163
598,163
597,164
596,163
595,163
595,162
end box13
end total14boxes
