305,203
306,197
310,191
314,187
321,186
339,185
346,185
352,188
354,197
355,203
355,210
354,217
351,223
346,226
338,226
332,226
326,227
319,229
310,229
305,226
304,218
305,210
end box0
574,193
576,190
579,187
581,185
585,185
599,184
601,187
604,190
607,193
607,198
607,203
605,208
601,209
583,208
578,209
575,208
573,202
573,198
end box1
341,218
351,207
361,197
370,192
382,192
392,192
401,191
411,191
424,190
437,194
449,204
455,217
456,234
456,250
446,259
428,262
413,259
401,257
392,256
382,257
366,261
345,261
336,250
336,235
end box2
486,191
487,188
489,183
491,180
496,180
507,181
512,180
514,183
517,187
519,191
519,196
520,201
518,207
514,209
508,208
496,207
492,206
488,204
487,200
486,196
end box3
554,192
554,190
555,189
556,187
558,187
560,186
561,186
563,186
565,187
567,188
568,190
569,191
569,194
569,196
569,199
567,200
564,200
562,200
559,200
557,200
555,199
554,198
554,195
553,193
end box4
485,179
486,175
489,173
492,171
495,171
507,171
510,172
514,175
516,178
516,183
516,187
513,191
509,192
491,191
487,190
485,186
485,183
end box5
100,188
114,174
132,169
148,168
192,169
206,171
223,177
239,189
244,208
236,220
214,226
129,226
108,219
100,207
end box6
473,180
473,178
475,176
476,175
487,174
490,175
491,177
493,180
493,183
493,187
492,190
489,191
477,191
475,190
473,188
472,186
472,183
end box7
620,156
620,153
646,152
647,155
648,181
647,184
620,184
end box8
547,178
548,177
549,177
550,178
551,178
552,179
552,180
553,181
553,182
553,183
553,185
552,186
551,187
549,187
548,187
547,186
end box9
560,179
561,179
562,179
563,179
563,179
564,179
565,180
565,181
565,182
565,183
565,184
564,185
563,186
562,186
561,186
560,185
560,184
end box10
516,172
517,172
518,172
519,172
520,172
521,173
521,174
522,175
522,179
521,180
520,181
518,181
517,180
516,180
end box11
end total12boxes
