670,284
711,245
751,226
797,226
828,227
850,230
870,231
893,229
917,232
953,237
995,254
1037,288
1055,338
1042,367
978,379
926,381
895,377
871,372
851,370
830,370
797,377
740,383
680,366
665,335
end box0
7,187
7,181
10,176
14,174
20,174
24,174
29,174
33,175
37,176
41,178
44,182
48,187
49,193
49,199
46,204
40,206
34,207
29,206
24,206
20,206
15,205
10,202
8,197
7,192
end box1
620,217
620,213
620,207
622,200
625,190
632,171
641,167
649,181
652,196
653,205
654,212
655,217
654,222
652,227
652,233
654,246
653,264
643,269
627,271
618,265
619,242
621,231
620,226
620,221
end box2
253,176
253,174
253,171
253,167
256,161
260,152
264,152
268,160
270,166
271,170
272,173
272,176
272,179
271,182
270,184
270,189
269,197
265,203
258,204
255,196
255,187
254,183
253,181
253,179
end box3
162,179
162,177
162,173
163,169
165,163
170,154
175,151
180,158
182,166
183,171
184,175
184,179
184,182
184,186
182,189
181,194
180,203
176,211
168,211
164,202
163,192
163,187
162,184
162,182
end box4
900,240
900,233
901,224
903,214
908,196
920,171
932,162
945,184
951,206
951,222
949,233
951,240
950,247
949,253
947,261
945,272
945,300
935,321
915,322
907,295
907,268
904,259
901,253
900,247
end box5
194,177
194,175
194,173
195,171
196,168
198,163
201,162
204,165
205,170
206,172
206,175
206,177
206,178
206,180
206,182
206,186
205,192
202,195
197,194
195,189
195,183
195,181
195,180
194,178
end box6
663,221
663,216
663,209
664,199
668,186
677,167
686,167
695,184
699,199
700,209
700,216
702,221
701,226
699,231
698,236
697,245
696,262
689,281
675,282
668,262
668,242
667,235
665,230
664,226
end box7
222,176
222,174
222,170
223,166
226,161
229,153
234,151
239,158
241,165
242,169
243,173
243,176
243,179
242,182
241,185
241,190
239,198
235,205
228,205
224,197
224,188
223,184
222,181
222,179
end box8
1181,218
1184,204
1193,188
1204,163
1214,187
1216,212
1216,225
1216,233
1218,238
1218,244
1218,249
1218,257
1220,275
1220,306
1209,314
1189,299
1181,284
1181,262
1180,253
1178,248
end box9
228,179
227,177
228,175
228,172
229,168
232,162
236,160
239,165
240,170
241,174
241,176
241,178
241,180
240,182
240,185
240,188
239,195
236,200
231,199
229,192
229,186
228,184
228,182
228,180
end box10
329,170
329,168
330,167
331,166
333,167
333,168
334,170
334,171
334,172
334,173
334,174
334,175
334,177
333,179
332,180
330,180
329,177
328,175
end box11
326,172
326,171
326,170
326,168
327,167
329,165
331,164
332,165
334,167
334,169
335,170
335,172
335,173
335,175
334,176
334,178
333,181
331,182
328,181
327,179
326,177
326,175
325,174
325,173
end box12
179,173
179,170
180,166
183,160
186,160
189,164
191,169
192,172
192,174
192,176
192,178
191,180
191,183
191,186
190,192
187,197
183,196
180,189
180,184
179,182
end box13
491,191
491,188
491,185
491,180
493,172
498,164
503,163
508,171
510,179
511,184
512,188
511,191
511,194
510,196
509,199
508,204
508,214
505,223
497,222
494,211
494,202
493,198
492,196
491,194
end box14
888,125
889,123
902,124
904,126
903,136
902,138
889,137
887,135
end box15
460,125
461,124
462,123
464,123
465,124
466,124
467,126
467,127
467,128
467,129
467,131
466,132
465,133
463,133
462,133
461,132
460,131
end box16
19,155
20,155
22,155
23,155
24,156
24,157
25,160
25,162
24,163
23,164
21,164
20,164
19,163
end box17
361,157
362,156
363,156
364,156
365,156
365,157
366,164
365,164
363,165
362,164
361,163
end box18
496,203
495,199
496,194
499,191
503,190
506,193
507,198
507,202
507,204
507,206
507,207
507,209
507,211
507,215
506,222
503,224
498,224
496,218
496,213
496,210
end box19
491,191
491,188
491,185
491,180
493,172
498,164
503,163
508,171
510,179
511,184
512,188
511,191
511,194
510,196
509,199
508,204
508,214
505,223
497,222
494,211
494,202
493,198
492,196
491,194
end box20
end total21boxes
