432,177
433,174
435,171
437,168
440,168
446,168
449,168
453,168
454,171
457,174
458,177
458,180
458,184
458,189
455,191
450,189
439,190
435,190
433,188
432,184
432,180
end box0
465,162
465,162
466,161
467,161
468,161
469,162
470,162
470,163
471,164
471,165
471,166
471,168
470,169
468,169
467,169
466,169
465,168
464,168
464,167
end box1
652,209
657,203
661,199
666,198
671,197
679,197
683,198
689,197
696,198
701,202
706,209
707,216
705,223
698,226
690,227
684,227
680,227
675,227
671,227
664,227
656,226
650,223
650,216
end box2
478,160
479,160
479,160
480,159
481,160
481,160
482,160
483,161
483,162
483,163
483,164
483,165
482,166
481,167
480,167
479,167
478,166
477,165
477,165
end box3
497,160
497,160
498,159
499,159
500,159
501,160
501,160
502,161
503,162
503,163
502,164
502,166
501,166
500,167
499,167
498,167
497,166
496,165
496,165
end box4
804,109
805,103
808,99
814,99
819,97
824,97
836,99
839,102
842,108
841,132
837,136
830,137
824,138
819,138
813,137
807,134
804,131
end box5
527,191
528,190
529,190
530,190
531,191
531,191
531,197
530,198
529,198
528,198
527,197
end box6
581,206
582,206
583,205
584,205
585,206
585,207
586,212
585,213
585,215
583,215
582,215
581,213
end box7
end total8boxes
