2,246
35,221
61,204
93,202
115,201
132,202
147,203
163,205
180,208
207,212
237,225
269,249
283,284
270,304
222,311
184,313
166,315
148,310
132,308
116,311
95,312
57,312
11,303
0,282
end box0
1019,248
1023,223
1041,198
1057,177
1081,171
1109,169
1134,170
1164,171
1195,170
1212,187
1220,221
1222,246
1227,279
1223,311
1227,354
1212,366
1164,350
1109,345
1077,354
1034,363
1022,346
1018,311
1019,279
end box1
1,206
0,196
5,188
16,187
46,189
54,190
63,192
69,198
73,207
75,217
74,227
67,233
55,235
47,236
40,236
33,236
10,231
4,225
4,216
end box2
519,191
521,188
524,185
527,184
530,185
540,184
543,185
547,187
550,191
551,195
551,200
547,202
542,203
538,202
529,202
526,202
521,202
518,199
518,195
end box3
733,211
734,210
736,209
737,207
740,206
742,207
744,209
746,210
746,212
747,214
747,217
747,219
747,222
745,224
743,226
740,226
737,226
735,224
733,223
732,220
732,216
end box4
687,179
687,177
688,176
689,174
690,173
692,172
694,171
696,172
697,173
699,175
700,177
700,179
700,180
700,183
699,185
698,187
696,189
694,189
691,189
689,187
688,185
687,184
687,182
687,180
end box5
264,173
265,173
266,172
267,173
268,173
269,174
269,181
268,182
266,182
265,182
264,181
end box6
end total7boxes
