563,175
563,175
564,174
566,174
567,175
568,175
568,176
569,177
569,178
569,179
569,181
568,181
566,182
565,182
564,182
563,181
562,181
561,180
561,178
end box0
523,184
524,182
525,181
527,180
535,180
536,180
538,181
540,183
541,186
540,189
539,191
536,191
528,191
525,191
523,190
522,188
522,186
end box1
624,176
625,175
625,175
626,174
626,174
630,174
631,174
631,175
632,176
632,177
632,178
632,180
630,180
629,180
628,181
627,180
626,180
625,180
624,179
625,178
624,177
end box2
604,174
605,173
605,173
606,172
610,172
611,172
611,173
612,174
612,175
612,176
612,178
611,178
609,178
608,179
607,178
606,178
605,178
604,177
604,176
604,175
end box3
543,178
544,177
544,176
549,176
550,177
551,178
552,179
552,180
552,182
552,184
550,184
549,184
545,184
543,184
542,183
end box4
540,181
540,179
541,178
543,176
544,176
551,176
552,177
554,178
555,180
556,183
556,185
555,188
552,188
549,188
544,188
541,188
540,187
539,185
539,183
end box5
643,178
648,177
649,178
650,179
651,180
651,181
650,183
650,184
649,185
647,185
646,185
645,185
644,185
643,184
642,183
end box6
622,177
623,175
624,174
625,173
626,173
633,173
634,173
636,175
637,176
637,179
637,181
636,183
634,184
626,184
624,184
622,183
622,180
622,178
end box7
525,182
526,181
526,180
527,179
533,180
534,180
535,182
536,183
535,185
535,187
533,187
527,187
526,187
525,186
525,184
525,183
end box8
574,171
575,171
575,171
576,171
577,171
577,171
578,171
579,172
579,173
579,174
579,175
579,176
578,177
577,177
576,178
575,177
574,177
573,176
573,175
end box9
597,172
597,172
598,172
600,171
601,172
601,172
602,173
603,174
603,175
603,176
603,178
601,178
600,179
599,179
598,178
597,178
596,178
596,177
end box10
697,159
698,158
700,158
701,159
702,160
702,168
701,168
699,169
698,168
697,167
end box11
495,178
495,178
496,177
497,177
498,177
499,178
499,178
500,179
500,180
500,181
500,182
500,183
499,184
498,185
497,185
496,185
495,184
494,183
end box12
549,160
550,161
550,161
551,162
551,163
551,164
551,165
550,166
549,166
548,166
547,166
546,165
end box13
646,188
647,187
648,187
650,187
651,187
652,188
653,189
653,194
652,195
651,195
649,196
648,195
647,195
646,194
end box14
578,164
578,164
579,164
580,164
580,164
581,165
581,165
582,166
582,167
581,168
582,169
581,170
580,170
579,171
578,170
577,169
577,169
end box15
end total16boxes
