907,205
920,198
930,192
937,190
944,190
955,190
961,190
967,191
975,193
988,197
1000,205
1004,217
999,226
984,230
969,229
961,228
955,229
950,229
945,228
938,228
925,228
909,225
905,218
end box0
553,195
554,191
558,185
561,181
567,181
577,181
582,182
588,182
591,185
595,191
597,195
597,202
597,208
596,216
593,219
565,218
555,221
554,217
553,208
554,201
end box1
1056,213
1062,207
1068,201
1074,199
1081,199
1103,199
1111,200
1118,205
1123,213
1126,222
1123,231
1115,234
1102,234
1097,235
1091,236
1086,236
1080,237
1073,236
1061,235
1053,231
1054,222
end box2
505,190
506,187
509,184
511,181
514,180
529,181
532,183
534,187
536,190
536,195
537,200
535,205
531,207
513,206
508,207
505,205
504,199
504,195
end box3
828,111
829,109
859,108
862,111
862,117
861,120
828,119
827,116
end box4
563,156
565,156
565,157
566,159
566,162
566,163
564,165
563,165
560,165
558,164
557,164
end box5
205,76
206,75
208,75
209,76
210,77
211,78
211,83
210,84
209,85
207,85
206,85
205,84
end box6
496,177
496,176
497,176
498,176
499,176
500,176
501,177
501,178
502,179
501,180
501,181
501,183
501,184
500,185
498,185
497,185
496,184
495,182
end box7
554,175
555,175
556,174
558,174
560,175
561,175
561,177
561,181
561,182
560,183
559,184
557,185
556,185
554,184
553,183
end box8
414,176
415,174
417,174
425,173
427,175
428,177
428,187
426,189
424,190
416,189
414,188
413,186
end box9
592,185
593,185
594,185
595,185
597,185
598,186
599,187
599,189
599,190
599,192
599,194
598,195
596,196
594,196
593,196
591,195
end box10
417,175
418,174
423,174
424,175
425,176
425,183
424,184
422,185
420,185
419,185
417,184
416,183
end box11
730,179
731,178
732,178
733,178
735,178
736,179
736,186
736,188
734,189
732,189
731,189
729,188
end box12
411,143
411,143
412,142
413,142
414,142
415,142
416,143
416,144
416,145
416,146
416,147
416,148
416,149
414,150
413,151
412,150
411,149
410,148
end box13
723,151
724,151
725,151
727,150
728,151
728,162
728,164
726,165
723,164
722,163
end box14
end total15boxes
