821,254
823,240
828,227
836,213
849,207
864,205
879,204
895,205
912,209
922,220
921,238
918,300
910,310
893,312
879,317
862,320
846,319
828,315
821,303
822,283
822,268
end box0
752,204
759,193
768,180
778,172
791,172
803,173
814,173
824,175
839,174
853,178
865,189
865,203
863,219
862,235
854,246
838,248
823,247
813,248
803,249
791,250
774,252
756,251
751,237
751,221
end box1
698,191
699,188
701,186
703,183
705,182
708,182
711,181
714,181
719,181
722,183
724,186
723,191
720,201
717,202
714,203
711,204
707,205
703,206
699,205
698,202
698,198
698,194
end box2
711,195
712,189
717,184
723,180
728,179
734,179
739,179
745,179
752,179
757,182
761,189
763,195
763,202
761,209
758,216
754,219
745,217
734,218
726,220
716,222
712,219
710,210
711,202
end box3
654,180
655,178
656,176
657,175
659,175
666,175
668,175
670,177
671,179
671,182
671,185
670,187
668,188
658,188
656,188
654,186
654,184
654,182
end box4
675,175
675,175
676,174
678,174
679,174
680,175
681,176
681,177
681,178
681,179
681,181
680,182
678,182
677,182
676,182
675,182
674,181
673,180
end box5
689,190
689,188
690,187
691,185
692,184
694,183
696,183
697,183
700,184
702,185
702,187
702,190
702,192
702,194
701,196
700,197
698,198
696,199
693,199
691,199
689,198
688,195
688,193
688,191
end box6
660,176
660,175
661,174
665,174
666,175
667,176
667,177
667,178
667,179
667,181
666,182
664,182
663,182
662,182
661,182
660,181
659,180
end box7
641,174
641,174
642,173
644,173
645,173
646,174
646,175
647,176
647,177
647,178
647,180
646,181
644,181
643,181
642,181
641,181
640,180
639,179
end box8
686,181
687,179
688,178
689,177
690,176
692,175
693,175
695,175
697,176
699,176
700,178
701,180
700,183
700,185
699,187
697,188
695,188
693,189
691,189
689,189
687,188
686,186
686,184
686,182
end box9
690,175
690,175
691,174
692,174
693,174
694,175
695,175
695,176
696,177
695,178
695,179
695,181
694,181
693,182
692,182
691,182
690,181
689,181
689,180
end box10
676,159
676,159
677,159
678,159
678,159
679,160
679,160
680,161
680,162
680,163
680,164
679,165
678,165
677,166
676,165
675,165
675,164
end box11
594,176
595,176
596,176
597,176
598,176
599,177
599,178
600,179
600,180
600,181
600,183
599,184
598,185
596,185
595,185
594,184
593,183
end box12
end total13boxes
