713,175
713,172
716,167
718,163
722,162
737,162
742,163
744,166
747,172
748,175
747,181
747,186
747,194
746,197
721,195
714,197
713,193
714,185
714,180
end box0
506,172
511,159
520,147
533,142
547,142
558,141
569,141
580,142
594,142
607,147
621,158
625,171
624,189
624,207
617,216
595,219
581,217
569,216
558,216
549,214
535,215
514,216
506,205
505,188
end box1
643,179
644,176
647,173
650,170
653,170
663,170
667,171
670,173
673,176
675,179
675,184
676,189
674,194
670,194
649,193
645,192
644,188
643,184
end box2
235,236
262,210
287,191
314,184
338,184
357,184
373,185
392,186
414,188
442,192
469,210
494,236
510,273
503,300
468,317
424,315
394,311
374,311
357,311
337,310
307,316
264,316
232,299
225,272
end box3
45,215
73,199
97,194
125,194
134,194
141,193
149,194
159,195
174,197
199,200
229,216
236,238
223,248
186,255
163,252
111,253
89,255
52,249
41,239
end box4
1044,164
1047,161
1049,159
1052,158
1055,158
1065,157
1068,158
1072,160
1075,164
1076,168
1076,173
1072,175
1066,175
1063,175
1060,175
1057,175
1054,175
1051,175
1045,175
1042,172
1043,168
end box5
1205,163
1207,160
1209,158
1212,157
1214,157
1224,156
1227,157
1230,159
1231,163
1232,167
1232,170
1229,173
1225,174
1222,174
1219,174
1216,174
1213,174
1210,174
1206,173
1204,170
1204,166
end box6
1102,163
1106,159
1111,157
1114,157
1131,157
1136,158
1141,163
1143,168
1141,172
1134,174
1116,175
1112,175
1106,175
1100,173
1099,168
end box7
862,164
863,162
865,161
867,160
876,159
879,160
881,162
883,164
884,167
884,171
882,173
878,173
868,173
865,173
862,172
861,170
861,167
end box8
627,179
627,174
633,170
638,168
643,168
656,169
661,168
665,170
669,175
673,179
675,186
674,193
671,199
664,199
656,197
642,198
636,199
631,197
628,192
628,186
end box9
491,188
493,185
496,182
499,179
502,179
512,179
516,179
519,181
523,185
526,188
528,194
527,199
525,204
519,204
513,203
509,203
506,203
501,204
497,204
491,203
489,198
489,193
end box10
742,174
742,172
743,171
745,170
747,170
748,169
750,170
752,171
753,172
754,174
755,176
755,177
755,180
754,182
753,184
751,185
749,184
747,183
745,183
743,182
end box11
1165,161
1170,158
1175,156
1194,156
1200,158
1205,161
1207,167
1205,171
1171,173
1165,171
1163,167
end box12
824,164
829,161
834,159
851,159
857,160
863,163
865,169
863,173
856,175
830,175
824,173
822,169
end box13
474,179
475,177
476,175
477,174
479,173
489,173
491,174
493,176
493,179
493,182
493,185
492,188
490,189
487,190
481,190
478,190
475,189
474,187
473,184
473,182
end box14
726,175
726,172
728,169
730,167
733,167
736,166
739,167
742,167
745,167
747,169
749,172
750,175
750,178
751,182
750,187
747,188
743,188
733,186
730,186
727,185
727,181
726,178
end box15
493,181
495,177
497,173
499,171
503,171
513,171
518,171
521,173
524,177
525,180
526,185
526,190
524,195
520,197
515,196
503,196
498,195
494,194
493,189
493,185
end box16
669,177
670,175
671,174
673,173
675,173
676,173
678,173
680,174
681,175
682,177
683,179
684,181
684,183
683,185
681,187
679,188
677,187
675,187
673,186
end box17
414,191
416,186
419,184
423,183
438,183
441,184
446,187
448,190
450,195
450,200
446,203
440,204
436,205
418,202
415,199
414,195
end box18
801,164
801,162
802,160
804,159
805,159
812,159
814,160
815,161
816,163
817,166
817,168
815,171
813,171
811,172
805,171
802,171
801,170
800,168
800,166
end box19
831,163
832,161
834,159
837,158
846,158
849,159
853,160
855,163
856,166
855,170
853,173
848,172
834,173
832,172
830,169
829,166
end box20
747,174
747,172
748,171
749,170
750,169
752,169
753,168
755,169
756,169
758,170
759,172
759,174
759,175
759,177
759,180
758,181
755,181
753,181
752,181
750,181
748,180
747,179
747,177
747,175
end box21
1129,160
1135,157
1141,156
1160,156
1167,157
1174,160
1177,166
1172,170
1129,170
1125,166
end box22
676,174
677,173
678,173
679,173
680,173
681,173
682,174
682,175
683,176
683,177
683,178
683,180
682,181
681,181
679,182
678,181
677,180
676,180
end box23
753,172
753,171
754,171
755,171
756,171
757,171
758,172
758,173
758,174
758,175
758,176
758,177
757,178
756,179
755,180
754,179
753,178
752,177
end box24
1112,160
1118,157
1124,155
1144,155
1150,156
1157,160
1159,166
1155,170
1119,173
1112,171
1109,166
end box25
689,174
689,174
690,173
691,173
692,173
693,173
694,174
694,175
694,176
695,177
694,178
694,180
694,180
692,181
691,181
690,181
689,180
688,180
688,179
end box26
1075,166
1075,164
1077,163
1079,162
1081,161
1088,161
1090,162
1092,164
1094,166
1095,169
1094,172
1093,175
1090,176
1087,176
1085,175
1082,175
1080,176
1077,175
1075,174
1075,171
1074,169
end box27
684,177
684,175
686,174
687,173
688,172
690,172
693,172
695,172
697,173
698,175
699,176
699,179
699,181
698,184
696,184
694,184
691,184
689,184
687,185
685,184
684,183
684,180
683,178
end box28
1186,163
1189,160
1193,158
1196,157
1208,157
1211,157
1216,159
1219,163
1220,167
1218,171
1214,173
1197,174
1194,174
1189,173
1185,171
1184,167
end box29
806,160
806,160
810,159
811,160
811,161
812,162
812,163
812,164
812,166
811,167
809,167
808,167
807,167
806,167
805,166
804,165
end box30
708,115
708,115
709,115
710,115
710,115
711,116
711,116
711,120
711,121
710,121
709,122
708,121
707,121
end box31
676,174
677,173
678,173
679,173
680,173
681,173
682,174
682,175
683,176
683,177
683,178
683,180
682,181
681,181
679,182
678,181
677,180
676,180
end box32
592,132
593,132
594,132
595,132
596,132
597,133
597,134
598,135
598,136
598,137
597,139
597,140
596,141
594,141
593,141
592,140
591,139
end box33
789,144
793,143
794,144
794,145
795,150
794,151
793,151
791,152
790,151
789,151
end box34
661,158
662,157
663,157
664,157
665,158
666,158
666,159
667,160
666,161
666,162
667,164
666,165
665,165
663,166
662,165
661,165
end box35
788,160
789,159
790,159
791,159
792,160
792,160
793,161
793,162
793,163
793,164
793,165
792,166
791,167
790,167
789,167
788,166
787,165
end box36
645,143
646,143
648,143
649,143
650,144
650,145
651,146
651,148
651,150
650,151
649,151
647,152
646,151
645,151
end box37
628,174
629,173
630,173
631,173
632,174
633,175
633,176
634,177
634,179
633,181
633,182
632,183
630,184
629,183
628,182
end box38
644,155
645,155
647,155
648,155
649,156
649,157
650,158
650,160
650,162
649,163
648,163
646,164
645,163
644,163
end box39
691,111
692,110
693,110
694,110
695,111
695,112
695,116
695,117
694,118
693,118
692,118
691,117
end box40
853,107
854,106
855,106
856,106
857,107
858,108
858,115
857,116
855,116
854,116
853,115
end box41
922,138
923,138
925,138
926,138
927,139
927,146
926,146
924,147
923,146
922,146
end box42
644,155
645,155
647,155
648,155
649,156
649,157
650,158
650,160
650,162
649,163
648,163
646,164
645,163
644,163
end box43
end total44boxes
