454,206
457,200
462,193
467,189
473,189
480,189
485,188
492,189
499,189
504,192
509,200
513,206
515,215
514,223
511,230
501,231
492,230
485,228
480,228
473,230
464,231
457,229
454,222
454,214
end box0
496,191
495,184
496,177
501,174
508,174
514,174
519,174
525,174
531,175
535,179
538,185
540,190
541,197
541,204
540,212
534,215
527,215
519,212
514,212
509,211
505,209
end box1
573,181
573,179
574,178
575,176
577,176
579,175
580,175
582,175
584,176
586,177
587,179
588,180
588,183
588,185
587,188
585,189
583,189
580,188
578,189
576,189
574,188
573,187
573,184
573,182
end box2
2,260
12,230
25,201
47,182
77,174
107,181
131,191
156,198
181,203
202,216
218,238
230,264
238,297
234,328
224,352
197,366
161,366
134,369
108,372
77,377
41,377
13,361
4,329
4,295
end box3
540,180
540,177
542,174
544,172
547,172
550,172
556,172
559,172
562,174
564,177
565,180
566,184
566,188
565,192
561,193
557,193
553,192
550,192
546,193
543,192
540,190
539,187
539,183
end box4
496,178
497,174
500,170
504,168
508,169
523,168
527,170
531,174
533,178
534,183
534,189
530,193
525,194
504,193
499,192
496,188
496,183
end box5
473,195
474,189
476,182
482,179
489,179
495,178
500,178
507,178
513,179
518,182
522,189
524,195
524,203
525,211
523,218
517,221
508,220
500,218
482,217
477,214
475,208
474,202
end box6
541,181
541,179
542,177
543,176
545,175
547,174
548,174
550,174
553,175
554,176
556,178
556,180
557,183
556,185
556,188
554,189
551,190
549,190
546,189
544,190
542,189
541,187
540,185
540,182
end box7
552,181
552,179
553,178
555,176
557,176
562,176
565,176
567,177
568,179
569,181
569,184
569,187
569,190
566,191
563,191
558,191
556,191
553,190
552,189
551,186
551,184
end box8
560,187
561,186
561,186
562,185
566,185
567,186
568,187
569,188
569,189
569,191
569,193
567,193
566,193
564,194
563,193
562,193
560,193
560,192
end box9
609,179
609,178
610,177
611,176
612,177
613,178
614,179
614,180
614,181
614,182
614,183
614,184
614,186
613,188
612,189
610,188
609,186
608,184
end box10
565,146
565,146
566,145
567,144
568,145
569,145
569,146
569,147
570,148
570,149
569,150
570,151
569,152
568,153
567,154
566,153
565,152
end box11
654,173
655,173
656,173
657,173
658,173
659,174
659,175
659,180
659,181
657,181
656,182
655,181
654,181
end box12
641,141
646,141
647,141
648,143
649,144
649,145
649,147
649,148
647,149
646,150
643,150
641,149
640,149
640,147
end box13
644,158
645,158
646,158
647,157
648,158
649,159
650,160
650,161
650,162
650,163
650,165
649,166
648,167
646,167
645,167
644,166
643,165
end box14
646,174
647,173
648,173
649,173
650,174
651,175
651,176
652,181
651,182
650,183
648,183
647,183
646,182
645,181
end box15
638,191
639,189
641,188
651,188
653,189
654,192
653,203
651,204
640,205
638,204
637,202
end box16
end total17boxes
