15,220
26,205
42,198
59,197
71,197
80,197
89,196
98,198
108,198
119,203
135,210
151,222
158,240
153,254
134,262
112,260
39,260
22,252
16,239
end box0
522,181
523,179
524,178
526,176
528,176
535,176
537,177
539,179
541,181
541,184
541,187
540,190
537,191
534,190
529,190
527,190
524,190
522,189
522,186
521,184
end box1
559,181
559,180
561,178
562,176
564,176
569,175
572,176
574,177
575,179
576,181
576,184
576,187
576,190
573,191
570,191
565,191
562,191
560,191
558,189
558,186
558,184
end box2
487,181
487,177
489,174
492,172
495,172
504,173
507,173
510,174
513,177
514,181
515,185
515,189
513,193
509,195
505,195
501,194
498,194
494,194
491,193
488,191
487,188
487,184
end box3
491,189
491,187
492,186
494,184
496,184
504,184
505,185
507,187
508,189
508,192
508,195
508,198
505,199
502,198
495,198
493,198
491,196
491,194
490,192
end box4
491,180
491,178
492,176
494,174
496,174
503,174
505,175
507,176
509,178
510,180
510,183
510,186
509,189
507,190
504,191
501,190
496,190
493,190
491,188
491,185
491,183
end box5
560,186
560,185
561,183
563,181
564,181
573,180
575,181
577,184
578,186
578,189
578,192
577,195
574,195
564,196
561,196
559,194
559,191
559,189
end box6
529,178
530,178
531,177
533,177
534,178
535,179
536,180
537,181
537,182
537,184
537,186
535,187
534,187
532,187
531,187
529,187
528,186
528,185
end box7
625,159
625,159
626,158
627,158
628,158
629,159
629,159
630,160
630,161
630,162
630,163
630,164
629,165
628,166
627,167
626,166
625,165
end box8
581,160
582,159
583,159
584,159
585,160
585,160
586,161
586,162
586,163
586,164
586,165
585,166
584,167
583,167
582,167
581,166
end box9
446,189
447,188
448,187
449,187
450,187
451,188
452,189
452,190
453,192
453,195
452,196
451,197
449,197
448,197
447,196
446,195
end box10
922,191
923,191
924,190
926,190
927,191
928,191
929,193
929,198
928,199
927,200
925,200
924,200
923,199
922,198
end box11
end total12boxes
