326,216
334,205
344,192
354,184
367,183
380,184
391,183
403,184
418,184
433,187
445,200
447,215
445,232
443,249
435,260
416,261
401,260
390,260
381,259
369,260
352,263
332,262
325,250
324,234
end box0
431,153
433,151
460,150
462,153
462,162
434,163
431,162
end box1
478,176
478,176
479,175
480,175
481,175
482,176
482,176
483,177
483,178
483,179
483,180
483,181
482,182
481,183
480,183
479,183
478,182
477,181
end box2
436,155
438,154
456,153
458,155
459,159
458,161
439,162
436,161
end box3
end total4boxes
