616,180
616,178
618,177
620,175
622,175
630,175
632,176
633,178
634,180
635,183
635,186
634,189
631,189
621,189
618,190
616,188
616,185
616,183
end box0
639,179
640,177
641,176
646,176
648,176
649,177
650,179
651,181
650,182
650,185
648,185
646,185
641,185
640,185
638,184
639,181
end box1
658,176
660,174
664,174
665,174
666,175
666,176
666,177
666,178
666,180
665,180
663,181
662,181
661,181
660,180
659,180
658,179
658,178
658,177
end box2
672,174
673,173
673,172
674,172
678,172
679,172
680,173
681,174
681,175
680,177
680,178
679,179
675,178
674,179
673,178
672,177
672,176
672,175
end box3
590,181
591,180
591,179
592,178
597,178
598,179
599,180
600,181
601,182
600,184
600,186
598,186
597,186
592,186
591,186
590,185
590,183
590,182
end box4
606,178
606,177
607,176
607,176
608,175
612,175
613,176
614,177
615,178
615,179
615,181
614,182
613,183
611,183
610,183
609,183
608,183
607,182
606,181
606,180
606,179
end box5
635,180
635,178
637,176
638,175
647,175
649,176
651,177
652,179
653,182
653,185
652,188
649,188
646,187
639,187
637,187
635,186
634,184
634,182
end box6
586,181
587,180
589,178
590,177
599,177
601,178
603,179
605,181
606,184
605,187
604,190
600,190
591,189
589,190
586,189
586,186
585,184
end box7
706,164
707,164
709,164
710,164
711,165
711,166
712,167
711,168
711,170
710,170
709,171
708,171
707,170
706,170
705,169
705,169
end box8
578,184
580,181
585,181
586,182
587,182
588,184
589,185
588,187
588,189
587,190
585,190
582,189
580,189
579,189
578,188
579,186
578,185
end box9
546,180
546,180
550,179
551,180
552,181
552,182
552,183
552,185
552,186
551,187
549,187
548,187
547,187
546,187
545,186
544,185
end box10
605,180
606,178
607,177
609,175
610,175
617,175
619,175
621,177
622,179
622,182
622,184
621,187
618,187
615,187
613,187
612,187
609,188
607,187
605,186
605,184
605,182
end box11
558,181
558,181
562,181
563,181
563,182
564,183
564,184
564,185
564,187
563,188
561,188
560,188
559,188
558,188
557,187
556,186
end box12
690,172
690,172
695,171
696,172
697,173
697,174
697,175
697,176
697,178
696,179
694,179
693,179
692,179
691,178
690,178
689,177
end box13
574,183
575,182
577,180
578,179
587,179
589,180
591,181
593,183
594,186
594,189
592,192
589,192
579,192
577,192
574,191
573,188
573,186
end box14
690,172
690,172
695,171
696,172
697,173
697,174
697,175
697,176
697,178
696,179
694,179
693,179
692,179
691,178
690,178
689,177
end box15
end total16boxes
