489,193
491,189
495,185
499,183
503,183
514,183
519,183
522,185
526,189
529,193
529,199
529,204
526,209
521,210
515,208
502,209
496,210
491,209
490,204
490,198
end box0
163,188
166,183
171,178
177,177
182,177
200,177
206,178
211,183
215,188
217,196
217,203
211,207
202,208
195,207
181,207
174,208
167,207
162,203
162,195
end box1
220,230
238,206
262,189
285,181
307,179
327,183
342,184
361,182
383,183
405,190
431,207
446,231
453,262
448,288
425,306
394,312
364,306
343,300
327,297
308,299
279,306
247,304
222,287
217,261
end box2
584,188
585,186
588,182
590,179
593,179
604,179
608,179
610,181
614,185
616,188
616,193
616,198
615,203
610,204
604,203
592,203
587,204
584,202
583,197
583,193
end box3
555,178
556,176
557,174
558,173
560,173
565,172
567,173
569,173
571,175
572,177
572,180
572,183
571,185
569,186
566,186
562,186
559,186
557,185
556,184
555,182
555,180
end box4
530,180
532,176
535,174
537,172
540,172
549,172
552,172
555,174
558,176
561,179
561,184
561,188
558,192
554,193
549,192
540,192
536,192
532,191
530,187
530,184
end box5
479,201
485,198
496,195
509,196
512,196
520,198
528,201
530,208
526,212
518,215
511,214
494,213
487,214
480,212
477,207
end box6
987,160
990,156
993,154
996,152
999,152
1011,152
1015,153
1019,155
1022,159
1023,164
1022,169
1018,172
1012,173
1008,172
998,173
994,173
989,172
986,169
985,164
end box7
560,174
561,173
564,173
565,173
566,174
567,175
567,176
568,177
567,179
567,180
566,181
565,181
563,182
562,181
561,181
560,180
559,179
end box8
538,178
539,176
540,175
542,173
544,173
552,173
554,174
556,176
557,178
557,181
557,184
556,187
553,188
550,188
543,188
540,187
539,186
538,183
538,181
end box9
730,165
733,162
736,160
740,159
752,159
755,160
759,161
763,165
765,169
764,174
759,176
753,176
741,176
738,176
733,176
729,173
728,169
end box10
524,180
524,178
525,176
526,175
528,175
530,174
531,174
533,174
535,175
537,176
538,178
538,179
539,182
538,184
538,186
536,188
534,189
532,188
530,188
528,187
526,186
525,185
524,183
524,181
end box11
749,166
749,164
751,163
753,162
762,162
764,162
767,164
768,166
770,169
769,172
768,175
764,175
761,175
754,175
751,175
749,174
748,172
747,169
end box12
390,209
389,201
392,193
398,189
406,189
413,189
420,189
426,190
433,191
438,196
441,203
445,209
446,217
446,225
444,235
438,238
428,237
420,236
399,234
394,230
392,216
end box13
735,166
736,164
738,163
739,162
741,162
748,162
750,162
752,164
754,166
754,169
754,172
753,174
750,175
747,175
740,176
737,175
735,174
734,171
734,169
end box14
524,188
525,187
527,186
529,185
530,186
532,186
534,187
535,188
536,190
537,192
537,194
537,196
537,198
535,200
533,201
531,201
529,200
527,199
525,198
end box15
955,160
959,157
963,155
980,155
985,156
990,160
992,165
990,169
984,170
964,170
959,171
954,169
952,164
end box16
527,176
527,176
528,175
529,175
530,175
531,176
532,176
532,177
533,178
532,179
532,180
533,182
532,183
530,183
529,183
528,183
527,182
526,181
end box17
807,161
808,160
809,159
810,159
811,159
812,160
813,161
814,162
814,163
814,164
814,165
814,167
813,168
812,169
810,170
809,169
808,168
807,167
806,166
end box18
444,156
445,156
446,156
447,156
448,156
449,157
449,158
450,163
449,164
448,164
446,165
445,164
444,164
end box19
512,159
513,159
514,158
515,158
516,159
516,159
517,160
517,161
517,162
517,163
517,164
516,165
515,166
514,166
513,166
512,165
end box20
223,144
224,143
225,143
226,143
227,144
228,145
228,151
228,152
227,153
225,153
224,153
223,152
end box21
560,148
561,148
562,148
563,147
564,148
565,148
565,149
566,150
566,151
565,152
565,153
565,155
563,155
562,155
561,155
560,154
end box22
724,159
724,159
725,158
726,158
727,158
728,159
728,159
729,160
729,161
729,162
729,163
729,164
728,165
727,166
726,166
725,166
724,165
723,164
end box23
549,160
550,160
551,161
551,162
551,163
551,164
551,165
550,166
549,167
548,167
547,166
546,166
end box24
562,160
562,160
564,160
564,160
565,161
565,161
566,162
566,163
566,164
566,165
565,166
564,166
563,166
562,166
561,166
end box25
726,147
727,147
728,147
729,147
730,147
730,147
731,148
731,152
730,153
729,154
728,154
727,154
726,153
end box26
394,175
395,174
398,174
399,174
400,175
401,176
401,181
400,182
399,183
397,183
396,183
395,182
end box27
634,145
635,146
636,148
636,151
635,153
634,154
626,153
end box28
end total29boxes
