719,174
720,172
721,170
722,169
724,168
732,168
734,169
735,171
736,173
736,176
736,178
735,181
733,182
723,183
720,182
719,181
719,178
719,175
end box0
706,174
706,173
706,172
707,171
708,171
712,171
714,171
714,172
715,174
715,175
715,177
715,179
713,179
712,180
710,180
709,180
707,179
706,179
705,178
706,176
706,175
end box1
-8,191
0,180
9,173
20,170
52,170
61,170
70,174
82,181
91,191
94,205
91,216
81,224
64,224
18,224
5,222
-7,215
-9,204
end box2
703,174
704,172
705,171
706,170
707,169
714,169
716,170
717,172
718,174
718,176
718,178
717,181
715,181
712,181
708,181
706,182
704,181
703,180
703,177
703,175
end box3
690,172
691,171
691,170
691,170
692,169
696,169
697,170
698,171
698,172
699,173
698,175
698,176
697,177
695,177
694,177
693,177
692,177
690,176
690,175
690,174
690,173
end box4
674,171
675,170
675,169
676,169
677,168
679,168
680,168
681,169
682,170
682,171
682,172
682,173
682,175
681,176
679,176
678,176
677,176
676,176
675,175
674,174
674,173
674,172
end box5
741,171
742,170
743,170
744,170
745,170
746,170
747,171
748,172
748,173
748,174
748,176
748,177
747,178
746,178
744,179
743,178
742,178
741,177
740,176
end box6
709,164
714,164
714,165
715,166
715,167
715,168
715,170
714,170
712,171
711,171
710,170
709,170
708,170
707,169
end box7
721,174
721,173
721,172
722,171
723,171
728,171
729,171
730,172
730,174
730,175
730,177
730,179
728,179
727,180
725,180
724,180
722,180
721,179
720,178
720,176
720,175
end box8
688,173
689,171
690,170
691,169
692,168
699,168
700,169
702,171
703,172
703,175
703,177
702,179
700,180
697,180
692,180
689,180
688,178
688,176
688,174
end box9
723,161
727,161
727,161
728,162
729,163
729,164
729,165
729,167
727,167
726,167
724,167
723,167
722,167
722,166
end box10
757,172
759,170
759,170
760,169
761,169
762,169
763,169
764,170
764,171
765,172
765,173
765,174
765,176
764,176
762,177
761,177
760,177
759,176
758,176
757,175
757,174
757,173
end box11
742,163
742,163
746,163
747,163
747,164
748,165
748,166
748,167
748,169
747,170
745,170
744,170
743,170
742,170
741,169
end box12
736,167
736,165
737,163
738,162
740,162
747,162
749,163
750,164
751,166
752,169
752,171
751,174
748,175
746,175
742,175
739,175
737,174
736,173
735,171
735,168
end box13
720,167
720,165
722,164
723,162
724,162
731,162
733,163
734,164
735,166
735,169
735,171
734,173
732,174
723,175
721,174
720,173
719,171
720,168
end box14
956,166
956,157
958,143
966,125
974,122
982,139
985,154
985,164
983,187
987,202
987,222
978,229
962,228
953,222
955,197
957,186
end box15
2,144
3,141
4,138
6,136
9,134
12,134
15,133
18,134
21,135
24,138
27,140
27,144
27,147
27,151
25,154
22,157
19,158
15,159
12,159
8,158
6,155
4,153
2,150
2,147
end box16
788,158
789,157
791,157
792,158
793,158
794,160
795,161
794,164
794,165
793,166
792,167
790,168
789,167
788,166
787,165
end box17
646,159
646,159
647,158
648,159
648,159
649,160
649,160
650,161
650,162
649,163
650,164
649,165
648,166
647,166
646,166
645,165
end box18
772,161
773,161
775,161
776,161
777,162
778,163
778,164
778,166
778,168
777,169
776,170
774,170
773,170
772,169
771,168
end box19
481,173
482,172
483,172
484,172
485,173
486,174
487,175
487,180
486,181
485,182
483,183
482,182
481,181
end box20
594,159
598,159
599,159
599,160
600,161
599,162
599,163
599,164
599,165
597,166
596,166
595,166
594,165
593,164
end box21
496,161
497,161
498,161
499,161
500,161
501,162
502,163
502,164
502,165
502,166
502,168
501,169
500,170
498,170
497,170
496,169
495,168
end box22
825,157
830,157
831,158
832,159
833,161
832,164
832,166
831,167
829,168
827,168
826,168
824,167
823,166
823,165
end box23
786,168
787,167
790,167
791,168
792,169
793,176
792,178
790,179
789,180
787,179
785,178
end box24
771,170
772,170
773,169
774,169
775,170
776,171
776,172
776,174
776,176
776,178
774,178
773,179
772,179
771,178
770,177
end box25
821,161
822,159
823,157
824,156
826,156
831,155
833,156
835,158
836,160
837,162
837,165
837,168
836,170
834,172
832,173
829,173
826,173
824,173
822,171
821,169
820,164
end box26
790,148
791,148
792,148
793,148
794,148
795,149
796,150
796,151
796,152
796,154
796,155
795,156
794,157
792,157
791,157
790,156
789,155
788,154
end box27
678,162
678,162
679,162
680,162
680,162
681,163
681,163
682,164
682,165
682,166
682,167
681,168
680,168
679,169
678,168
677,168
677,167
end box28
687,139
687,139
688,139
689,139
689,139
690,140
690,145
689,145
688,146
687,145
686,145
end box29
510,171
511,170
512,170
513,170
514,170
514,171
515,176
514,177
513,178
512,179
511,178
510,177
end box30
646,159
646,159
647,158
648,159
648,159
649,160
649,160
650,161
650,162
649,163
650,164
649,165
648,166
647,166
646,166
645,165
end box31
end total32boxes
