139,237
161,220
179,204
197,198
216,199
230,198
244,196
260,193
276,196
296,203
323,216
339,236
348,265
344,287
316,301
287,307
263,302
244,294
215,292
192,298
163,297
138,284
131,264
end box0
36,236
54,224
69,216
82,213
92,213
101,214
108,213
117,214
129,212
145,213
164,219
176,235
178,253
172,267
150,274
131,275
118,273
109,273
100,273
91,273
77,275
56,275
34,268
30,255
end box1
661,180
663,176
666,173
669,172
672,172
684,172
687,173
691,176
693,179
694,184
694,189
691,192
686,193
681,192
672,192
668,192
664,191
661,188
661,184
end box2
562,175
562,175
563,174
564,174
565,174
566,175
566,175
567,176
567,177
567,178
567,179
567,180
566,181
565,182
564,182
563,182
562,181
561,180
end box3
595,157
600,157
601,158
602,159
603,161
602,162
602,164
602,166
601,167
599,168
597,168
596,168
594,167
593,166
end box4
593,170
594,169
595,169
597,169
598,170
599,171
600,179
599,180
597,181
596,182
594,181
592,180
end box5
608,155
609,155
610,155
612,155
613,155
613,157
613,165
612,166
610,166
609,166
607,165
end box6
end total7boxes
