164,195
168,192
172,189
176,188
191,188
195,189
200,191
205,195
206,201
205,206
200,210
194,210
174,209
168,209
164,205
163,201
end box0
621,191
622,186
628,181
633,179
658,179
664,180
668,186
672,191
673,199
673,206
669,211
661,213
637,212
630,213
622,212
619,206
620,198
end box1
1132,159
1143,150
1152,143
1162,140
1171,140
1185,140
1192,140
1202,139
1213,141
1227,147
1234,158
1235,172
1232,184
1219,191
1203,191
1192,189
1185,190
1178,191
1170,190
1159,191
1143,191
1130,184
1128,173
end box2
456,192
456,190
457,188
459,186
461,186
463,185
465,184
467,185
469,186
471,187
472,189
473,191
473,194
473,197
472,199
470,201
468,202
465,202
462,202
460,201
458,200
456,198
456,196
456,194
end box3
169,173
173,173
174,174
175,175
175,180
174,181
173,181
170,181
169,181
168,180
end box4
363,157
364,157
366,157
367,157
368,158
369,164
368,165
366,165
365,166
364,165
363,165
end box5
end total6boxes
