555,206
556,204
558,201
560,199
563,199
565,199
570,199
573,199
576,200
578,203
580,206
580,209
580,213
579,217
575,218
571,217
562,217
558,217
555,216
554,213
554,209
end box0
766,182
766,181
768,179
769,178
771,178
778,178
780,178
782,180
783,182
784,185
784,188
783,191
780,191
777,191
770,191
767,191
765,190
765,187
765,185
end box1
671,181
671,179
672,177
674,175
676,175
681,174
684,175
686,176
687,178
688,180
688,183
688,186
687,189
685,190
682,190
677,190
675,190
673,189
671,187
671,185
671,183
end box2
753,181
754,179
755,178
756,177
757,176
759,176
760,175
762,176
764,176
766,177
767,179
767,181
768,183
768,185
767,187
765,188
762,188
760,188
758,189
756,189
754,188
753,186
753,184
753,182
end box3
755,179
756,178
756,178
757,177
758,177
759,177
760,178
761,178
761,179
761,180
761,181
761,182
761,184
760,184
759,185
758,185
757,185
756,184
755,184
755,183
755,181
end box4
671,188
671,186
672,184
673,183
675,182
680,182
682,182
684,183
685,185
686,187
687,190
687,192
686,195
684,196
681,196
676,196
674,196
672,195
670,194
670,192
670,190
end box5
783,179
783,177
785,176
787,174
789,174
797,173
800,174
801,176
802,179
803,182
802,185
801,188
798,189
788,189
785,189
783,187
782,184
782,182
end box6
563,196
564,193
566,189
568,187
572,187
575,187
578,187
581,188
585,187
587,189
590,192
592,196
592,200
592,204
591,208
586,210
582,210
578,209
575,209
571,209
568,209
564,207
563,203
563,199
end box7
772,178
772,178
773,177
777,177
778,178
779,179
779,180
779,181
779,183
779,184
778,185
777,185
775,185
774,185
773,185
772,184
771,183
771,182
end box8
778,180
780,176
782,174
785,172
788,172
800,172
804,173
808,175
810,179
810,184
810,189
806,192
802,193
798,193
787,193
784,193
779,192
777,188
777,184
end box9
549,162
549,161
550,161
551,161
552,161
553,161
554,162
554,163
555,164
555,165
555,166
555,168
554,169
553,169
551,170
550,170
549,169
548,168
end box10
804,157
805,157
806,157
807,157
808,157
809,158
810,159
810,160
810,161
810,162
810,164
809,165
808,166
806,166
805,166
804,165
803,164
end box11
592,190
593,189
594,189
595,189
596,190
597,190
597,191
598,192
598,193
598,194
598,196
597,197
595,197
594,198
593,197
592,197
591,196
end box12
1098,89
1100,85
1103,82
1107,81
1110,82
1112,87
1112,109
1111,115
1107,116
1102,114
1100,110
1099,105
end box13
819,141
820,140
821,140
822,140
823,141
824,142
825,143
825,144
825,145
825,146
825,148
824,149
823,150
821,150
820,150
819,149
818,148
end box14
662,175
663,174
664,174
665,174
666,175
666,176
666,176
667,177
666,179
667,180
666,181
665,182
664,182
663,182
662,181
end box15
end total16boxes
