336,224
336,208
343,192
356,184
374,183
389,184
402,183
416,185
431,188
442,197
451,211
456,225
457,242
457,260
452,274
432,279
418,282
403,280
389,278
376,279
361,276
343,273
340,258
338,241
end box0
4,274
36,232
65,205
105,194
143,194
172,192
199,191
230,190
264,194
302,206
332,235
364,275
375,324
366,363
317,383
265,389
228,387
199,385
173,383
147,381
102,390
42,393
3,364
-4,323
end box1
511,204
513,201
516,198
518,196
521,196
530,196
533,196
536,198
539,200
541,203
542,208
541,212
539,216
535,217
530,216
521,216
517,216
513,215
511,212
511,208
end box2
543,190
544,190
545,189
546,189
547,189
548,190
550,190
550,191
551,193
551,194
551,196
551,198
550,199
548,200
546,200
545,199
543,199
542,198
end box3
539,192
540,191
542,190
544,189
546,189
547,189
549,190
551,191
552,193
553,195
553,198
553,200
552,203
551,205
548,206
546,206
543,205
541,204
540,203
539,201
end box4
end total5boxes
