792,262
809,232
839,203
863,184
895,179
925,178
954,177
985,176
1017,184
1045,199
1074,229
1089,261
1096,305
1091,346
1066,371
1020,376
984,372
952,364
926,366
894,375
859,377
821,362
793,344
789,306
end box0
121,278
152,244
179,217
212,206
244,204
271,204
295,207
322,206
351,210
387,218
419,242
444,277
453,323
445,357
407,380
362,387
324,381
295,373
272,372
244,378
205,386
157,381
118,359
110,324
end box1
522,192
523,188
527,184
531,181
536,181
540,180
544,180
549,181
554,181
558,183
562,188
564,192
565,199
564,205
562,211
558,213
550,211
535,211
527,213
523,211
522,204
522,198
end box2
689,194
696,186
702,178
709,172
718,172
727,172
742,173
753,172
765,173
775,181
775,193
772,205
769,216
762,223
741,224
734,226
726,227
718,227
707,229
695,226
688,218
688,206
end box3
585,181
585,179
587,177
588,176
590,175
598,175
599,176
601,178
602,180
602,183
602,186
602,189
599,189
596,189
589,190
586,189
585,188
584,185
584,183
end box4
726,225
733,215
739,204
747,195
758,194
769,195
779,194
790,195
804,194
819,197
827,208
826,223
813,260
799,262
788,263
779,265
769,267
757,269
742,269
726,267
721,254
722,239
end box5
654,189
656,184
660,179
665,175
670,175
675,175
680,175
685,175
692,175
698,176
702,183
702,189
701,196
700,202
696,207
691,210
685,209
680,210
675,211
668,212
659,214
655,211
652,203
653,196
end box6
642,190
642,188
643,186
644,185
646,184
647,183
650,182
652,182
655,183
657,184
657,187
656,197
655,198
652,199
650,199
647,200
645,200
642,199
641,196
641,194
641,191
end box7
662,194
663,190
666,187
668,185
671,183
675,184
682,183
687,183
690,185
693,189
694,193
693,198
692,202
690,206
686,208
674,209
670,210
665,210
662,207
660,202
661,198
end box8
626,176
626,176
630,176
631,176
631,177
632,178
632,179
632,180
632,182
631,182
629,183
628,183
627,183
626,182
625,182
625,181
end box9
642,178
642,178
646,177
647,178
648,179
648,180
648,181
648,182
648,184
647,184
645,185
644,185
643,185
642,185
641,184
640,183
end box10
591,177
592,176
593,175
598,175
599,176
600,177
600,179
601,180
600,182
600,184
599,185
597,185
595,186
594,185
592,185
591,184
590,183
end box11
649,191
649,188
652,185
654,182
657,181
660,180
663,180
667,180
671,180
675,182
677,186
676,191
674,202
671,204
667,205
663,206
659,206
655,207
650,206
648,203
648,198
648,194
end box12
611,174
615,174
616,174
617,175
617,176
617,177
617,178
617,180
616,181
614,181
613,181
612,181
611,181
610,180
609,179
end box13
669,155
670,155
671,155
672,155
673,155
674,156
674,163
672,163
671,164
670,163
669,163
end box14
end total15boxes
