541,181
541,179
542,178
543,176
546,176
547,175
552,175
554,176
556,177
558,179
559,181
559,184
559,187
558,190
556,191
552,191
550,191
547,191
545,191
542,191
540,189
540,186
540,184
end box0
544,177
545,177
546,176
547,176
548,176
549,177
550,178
551,179
551,180
551,181
551,183
551,184
550,185
549,186
547,187
546,186
544,185
544,184
543,183
end box1
357,180
359,177
362,174
382,174
386,176
389,179
389,184
390,189
386,192
363,191
358,191
355,188
356,184
end box2
563,177
563,177
564,176
565,176
566,176
567,177
567,177
568,178
568,179
568,180
568,181
569,183
568,183
566,184
565,184
564,184
563,183
562,182
end box3
582,175
583,172
585,170
586,167
589,167
601,167
603,169
605,172
606,175
607,178
607,182
606,186
603,188
598,187
588,188
584,188
582,186
582,182
582,178
end box4
587,177
588,175
589,173
590,172
592,171
600,171
601,172
603,174
603,176
603,179
604,181
603,184
601,185
598,186
591,186
588,185
587,183
587,181
587,178
end box5
555,181
555,179
556,177
557,176
559,176
561,176
564,175
566,176
568,177
569,178
570,180
571,183
571,185
570,188
567,189
565,189
563,189
561,189
559,189
556,188
555,187
554,185
554,182
end box6
530,146
530,146
534,145
535,146
536,147
536,148
536,149
536,150
536,152
535,153
534,153
532,153
531,153
530,153
529,152
end box7
579,144
580,144
582,144
583,144
583,144
584,145
584,146
584,149
584,150
582,151
581,151
580,151
579,150
578,149
end box8
546,157
550,157
550,157
551,158
551,159
551,160
551,161
551,162
550,163
549,164
548,164
547,164
546,163
545,162
end box9
579,158
580,158
581,159
581,160
581,163
580,164
579,165
577,164
576,164
576,163
end box10
535,158
535,158
536,159
537,160
537,161
537,162
536,164
535,164
534,165
532,164
531,164
530,163
end box11
514,143
518,142
519,143
519,144
520,145
520,147
520,149
519,150
517,150
516,150
515,150
514,150
end box12
560,161
560,161
562,161
562,161
563,162
563,162
563,163
563,164
563,165
563,165
562,166
561,166
560,165
559,165
end box13
630,161
631,161
632,162
632,163
632,166
631,167
630,168
629,168
628,168
627,167
end box14
574,177
574,177
575,176
576,176
577,176
578,176
579,177
579,178
579,179
579,180
579,181
579,183
579,184
578,185
576,185
575,185
574,184
573,183
end box15
417,161
418,161
423,161
423,161
424,168
423,170
422,170
419,170
417,170
end box16
591,144
592,144
593,144
594,143
595,144
595,144
596,149
595,150
594,151
593,151
592,151
591,150
end box17
546,157
550,157
550,157
551,158
551,159
551,160
551,161
551,162
550,163
549,164
548,164
547,164
546,163
545,162
end box18
end total19boxes
