562,176
562,176
563,175
564,175
565,175
566,176
567,176
567,177
568,178
568,179
568,180
568,182
567,183
565,183
564,183
563,183
562,183
561,182
end box0
626,176
626,176
627,175
628,175
629,175
630,176
631,176
631,177
632,178
632,179
632,180
632,182
631,182
629,183
628,183
627,183
626,182
625,181
625,181
end box1
608,176
609,176
609,176
610,176
611,175
612,176
612,176
613,177
613,178
613,179
613,180
613,181
612,182
611,183
610,183
609,182
608,182
607,181
607,180
end box2
578,176
578,176
579,175
580,175
581,175
582,176
583,176
583,177
584,178
584,179
584,180
584,182
583,182
581,183
580,183
579,183
578,182
577,182
577,181
end box3
736,196
736,194
737,192
738,191
740,191
745,190
747,191
749,192
750,193
752,195
752,198
752,200
751,203
748,204
746,204
744,204
741,204
739,204
737,203
735,202
735,200
735,198
end box4
694,192
697,189
699,187
702,185
705,186
715,185
718,186
721,189
724,192
725,196
725,200
722,203
717,204
704,203
701,203
696,203
694,200
693,196
end box5
657,175
658,175
660,175
661,175
662,176
663,177
663,182
662,183
661,184
659,184
658,184
657,183
656,182
end box6
677,187
678,186
679,186
680,186
681,187
682,188
683,189
683,194
682,195
681,196
679,197
678,197
677,195
676,194
end box7
530,175
530,175
531,174
532,174
533,174
534,175
535,175
535,176
535,177
535,178
535,179
535,181
534,181
533,182
532,182
531,182
530,181
529,180
end box8
662,163
663,163
663,164
664,169
663,170
662,170
660,171
659,170
658,170
end box9
689,190
689,189
690,188
691,188
692,188
693,189
694,190
694,191
694,193
694,194
694,195
694,196
693,198
691,198
690,198
689,197
688,196
end box10
676,177
677,177
678,177
679,177
680,177
681,178
682,179
682,180
682,181
682,182
682,184
681,185
680,186
678,186
677,186
676,185
675,184
674,183
end box11
641,177
641,177
642,177
643,176
644,176
645,177
645,177
646,178
646,179
646,180
646,181
646,182
645,183
644,184
643,184
642,184
641,183
641,182
640,181
end box12
594,176
594,176
595,175
596,175
597,175
598,176
599,176
599,177
600,178
600,179
600,180
600,182
599,183
597,183
596,184
595,183
594,183
593,182
end box13
513,156
513,156
514,156
515,156
515,156
516,157
516,157
517,158
517,160
517,161
516,162
515,163
514,163
513,163
512,162
end box14
730,58
731,57
732,57
734,57
735,58
736,59
737,67
736,68
734,70
733,70
731,69
729,68
end box15
478,171
479,170
480,170
481,170
482,171
483,172
483,179
482,180
480,180
479,180
478,179
end box16
644,160
644,160
645,161
645,165
644,166
643,167
642,167
641,167
640,166
end box17
626,126
627,125
628,125
629,125
630,126
630,126
631,131
630,132
629,133
628,133
627,133
626,132
end box18
end total19boxes
