811,196
823,188
831,181
839,178
847,177
854,177
861,177
867,177
876,177
886,180
898,185
906,195
908,208
906,220
896,226
877,225
868,224
861,225
854,224
847,224
837,225
821,225
809,220
808,209
end box0
693,195
695,189
701,183
706,179
713,179
720,179
725,179
732,179
740,178
745,182
749,190
753,195
754,204
754,213
751,221
742,223
732,221
712,222
702,224
694,222
692,213
693,204
end box1
621,177
622,175
623,174
625,172
627,172
635,172
637,173
639,175
640,177
640,180
640,183
639,186
636,187
633,187
626,187
623,186
621,185
621,182
621,180
end box2
528,173
533,173
535,173
536,174
536,176
536,177
536,179
536,181
534,181
533,182
530,182
528,182
527,181
526,180
end box3
524,175
524,174
526,172
527,171
529,171
536,170
539,171
540,173
542,175
542,178
542,181
541,184
538,184
528,184
525,184
523,183
523,180
523,178
end box4
545,171
550,170
551,171
552,172
553,173
553,174
553,176
553,178
551,178
550,178
547,178
546,178
544,178
544,177
end box5
511,176
516,175
517,176
518,177
518,178
518,179
518,180
518,182
517,183
515,183
514,183
513,183
512,183
511,182
510,181
end box6
147,192
148,190
149,188
150,187
152,186
153,184
156,184
158,184
160,186
162,187
163,189
165,191
165,194
165,197
163,199
161,201
159,203
156,203
153,203
151,202
149,200
147,198
147,196
146,194
end box7
1128,194
1129,192
1130,189
1131,187
1133,185
1136,184
1139,184
1142,185
1145,186
1147,188
1148,191
1149,194
1149,197
1148,200
1148,204
1146,206
1143,208
1139,209
1136,209
1132,208
1130,205
1129,203
1128,200
1127,197
end box8
299,161
300,160
301,160
303,160
304,161
305,162
306,170
305,172
303,173
302,174
300,173
298,172
end box9
609,176
610,175
611,175
612,175
614,175
615,175
616,176
617,177
617,179
617,180
617,182
617,184
616,185
614,186
612,186
611,186
609,185
608,184
608,183
end box10
804,152
808,152
809,152
810,153
810,160
810,162
808,163
806,163
805,163
803,162
end box11
614,161
615,161
616,161
617,161
618,161
619,162
620,163
620,164
620,166
620,168
619,169
618,170
616,170
615,170
614,169
end box12
1019,175
1020,174
1021,174
1022,174
1024,174
1024,175
1024,184
1023,185
1021,185
1020,185
1019,184
end box13
604,182
605,180
606,178
607,176
609,175
610,174
613,174
615,175
617,175
619,177
620,179
621,181
621,184
621,187
620,189
618,191
616,192
613,192
610,192
608,192
606,190
604,188
604,186
604,184
end box14
365,0
368,-1
394,0
395,5
395,18
394,23
391,26
382,28
end box15
22,160
23,160
24,159
26,159
27,160
28,161
29,162
29,164
29,165
29,167
29,169
28,170
26,171
24,171
23,171
21,170
20,169
20,167
end box16
314,92
318,89
355,89
362,92
361,100
359,103
316,103
314,99
end box17
953,173
954,172
955,172
956,172
958,173
958,173
958,182
957,182
955,183
954,183
953,182
end box18
910,190
911,189
912,189
914,189
915,190
916,191
916,193
916,198
915,200
914,201
912,201
911,201
909,200
end box19
18,161
20,160
22,159
24,159
25,159
28,160
29,161
30,163
30,165
30,168
30,170
30,172
28,174
26,175
24,176
21,176
19,175
17,173
17,171
16,169
16,167
end box20
604,188
604,186
605,184
606,183
608,182
610,181
611,181
613,181
615,182
617,183
618,185
620,187
620,190
620,193
619,195
617,196
614,197
612,197
609,197
607,196
605,195
604,194
603,192
603,190
end box21
906,189
908,187
909,186
912,186
914,186
916,188
917,190
917,197
917,200
916,203
915,205
912,205
909,204
907,203
end box22
609,125
610,126
611,127
612,128
613,129
612,131
612,133
611,134
610,135
608,135
607,135
606,134
end box23
969,177
973,177
974,178
975,179
976,180
976,183
975,184
974,186
973,186
971,186
970,186
968,186
968,184
end box24
151,143
152,143
155,143
156,143
157,144
157,146
157,151
157,153
155,154
153,154
152,154
150,153
end box25
285,141
286,141
288,141
290,141
291,142
292,143
292,145
292,148
292,149
291,151
289,152
287,152
286,152
284,151
283,150
end box26
594,174
595,173
596,173
597,173
598,173
599,174
599,175
600,176
600,177
599,178
599,180
599,181
597,181
596,182
595,181
594,181
593,180
end box27
598,144
599,143
601,143
602,144
603,145
603,152
602,153
600,153
599,153
598,152
end box28
1018,139
1020,139
1023,139
1024,139
1025,141
1025,150
1023,151
1022,152
1019,152
1018,151
end box29
50,138
51,136
51,134
53,132
55,132
58,131
60,131
64,131
65,134
65,147
64,150
61,152
58,152
55,151
53,150
51,148
50,145
50,143
end box30
607,143
608,142
609,142
610,142
611,143
612,144
612,149
612,151
611,152
609,153
608,152
607,151
end box31
151,143
152,143
155,143
156,143
157,144
157,146
157,151
157,153
155,154
153,154
152,154
150,153
end box32
946,138
948,136
950,136
955,137
958,137
959,139
959,152
958,154
956,156
953,156
950,156
947,156
946,153
end box33
356,44
359,34
367,35
375,38
382,41
387,45
387,54
387,60
387,64
388,69
387,73
387,78
387,88
382,94
376,98
366,100
358,101
357,87
end box34
1016,144
1016,142
1017,140
1018,139
1020,139
1023,138
1025,139
1027,139
1029,141
1029,143
1029,145
1029,148
1029,150
1029,152
1028,154
1025,156
1023,157
1020,156
1018,156
1016,154
1016,151
end box35
1043,135
1044,132
1047,131
1049,132
1052,132
1054,133
1056,133
1058,135
1058,137
1059,139
1059,142
1059,144
1058,146
1056,148
1054,149
1052,151
1049,151
1046,151
1044,149
end box36
end total37boxes
