576,174
580,174
581,174
581,175
582,176
582,177
582,178
582,180
581,180
579,181
578,181
577,181
576,180
575,180
574,179
end box0
561,176
561,176
565,176
566,176
566,177
567,178
567,179
567,180
567,182
566,183
564,183
563,183
562,183
561,183
560,182
559,181
end box1
624,175
626,173
630,173
631,173
632,174
632,175
633,176
632,177
632,179
631,179
629,180
627,179
626,179
625,179
624,178
624,177
624,176
end box2
592,176
594,174
597,174
598,174
599,175
600,176
600,177
600,178
600,180
598,180
597,180
596,180
595,180
594,180
593,180
592,179
593,178
592,177
end box3
657,176
658,175
659,174
663,174
663,174
664,175
665,176
665,177
665,178
665,180
663,180
662,180
660,180
659,180
658,180
657,179
657,178
657,177
end box4
20,218
33,204
47,197
62,195
73,195
91,194
99,195
111,195
127,196
144,203
155,217
155,236
151,249
131,257
60,257
41,257
22,249
18,236
end box5
643,172
647,172
647,172
648,173
649,174
649,175
649,176
649,178
647,178
646,178
645,178
644,178
643,178
642,178
642,177
end box6
546,176
546,176
550,176
551,176
551,177
552,178
552,179
552,180
552,182
551,182
549,183
548,183
547,183
546,182
545,182
544,181
end box7
294,196
296,190
301,185
307,183
313,183
328,183
334,183
341,184
346,189
350,196
351,204
349,212
344,216
335,217
328,218
323,218
318,218
312,218
305,218
297,217
293,211
293,203
end box8
612,172
615,172
616,172
617,173
618,174
618,175
618,176
618,178
616,178
615,178
614,179
613,178
612,178
611,178
610,177
end box9
860,122
861,118
863,116
870,114
875,115
878,116
879,119
880,125
879,128
879,132
876,134
873,135
870,135
867,135
864,134
861,133
860,130
859,127
859,125
end box10
612,142
616,141
617,142
618,148
617,149
615,149
613,149
612,149
end box11
608,128
609,128
611,128
612,128
613,129
613,136
612,137
610,137
609,137
608,136
end box12
643,160
643,160
645,160
646,161
646,161
647,162
647,163
647,164
647,165
646,166
645,166
644,166
643,166
642,166
end box13
664,161
665,162
665,162
665,163
665,164
665,165
665,166
665,167
664,167
663,167
662,167
661,166
end box14
558,142
559,142
560,142
561,142
561,142
562,142
562,148
561,149
560,149
559,149
558,148
end box15
end total16boxes
