663,191
665,188
668,184
670,181
674,181
685,181
690,181
692,184
696,187
698,191
699,196
698,202
697,207
692,208
686,206
673,207
668,207
664,206
662,201
662,196
end box0
702,191
703,188
706,185
708,183
711,182
724,182
726,184
729,187
731,190
731,195
731,199
729,203
725,204
710,204
706,204
703,203
702,198
702,194
end box1
833,238
836,227
846,214
853,201
867,200
881,200
893,200
907,202
922,203
931,212
939,226
941,238
941,254
941,270
937,288
926,291
906,287
893,288
881,289
866,292
843,298
834,291
834,271
834,255
end box2
796,187
797,184
800,181
803,179
806,178
821,178
824,180
828,183
829,187
829,192
829,197
826,201
822,202
806,202
801,202
797,201
795,196
795,192
end box3
752,180
752,179
754,177
755,176
764,176
766,176
768,178
770,180
770,183
770,186
768,188
766,189
756,189
754,189
751,188
751,185
751,183
end box4
755,179
757,177
763,176
764,177
765,179
766,180
765,182
765,184
763,184
757,184
756,184
755,183
755,181
end box5
719,190
719,189
721,187
722,186
724,185
729,184
732,185
733,186
735,188
736,190
736,193
737,196
736,199
733,200
730,200
723,199
721,199
719,197
718,195
718,193
end box6
689,190
690,188
691,187
693,186
695,186
696,185
698,186
700,186
702,188
703,189
703,191
704,194
703,196
703,199
702,200
699,201
697,201
694,200
692,200
691,199
690,197
689,193
end box7
700,191
700,189
702,188
703,186
705,185
714,185
717,186
718,189
719,191
719,194
719,197
718,200
715,201
704,202
701,201
700,199
699,196
699,194
end box8
798,177
798,175
800,174
801,173
810,172
813,173
815,175
815,177
815,180
815,183
814,185
811,186
802,186
800,186
798,185
797,182
797,180
end box9
792,161
793,162
794,162
794,163
794,166
793,167
792,167
791,167
790,167
789,167
end box10
713,147
714,147
715,147
716,147
717,147
718,148
718,149
719,154
718,155
717,156
715,156
714,155
713,155
end box11
739,179
740,178
741,178
742,178
743,179
743,179
744,180
744,181
744,182
744,183
744,185
744,185
742,186
741,187
740,186
739,185
738,184
end box12
727,158
728,158
730,158
731,158
731,158
732,159
732,160
732,162
732,163
731,164
730,165
729,165
728,165
727,164
end box13
end total14boxes
