80,221
93,206
109,198
125,195
138,195
157,195
167,196
181,194
199,196
216,204
226,220
227,240
223,256
204,267
185,268
120,268
100,267
81,256
77,242
end box0
375,248
375,246
375,242
376,238
378,232
382,225
388,221
392,227
395,235
395,241
396,245
396,248
396,251
395,254
394,257
394,263
393,272
389,279
381,278
378,269
377,260
377,256
376,253
375,251
end box1
561,176
562,175
563,175
564,175
565,176
565,176
566,177
566,178
566,179
566,180
566,181
566,182
564,183
563,183
562,183
561,182
560,181
end box2
594,163
595,163
596,163
597,163
598,163
598,163
599,164
600,165
599,166
599,167
599,168
599,169
597,170
596,170
595,170
594,169
593,168
end box3
509,193
510,191
511,190
513,189
515,188
517,187
519,188
520,189
522,191
523,193
523,194
524,197
524,199
523,201
522,203
520,205
517,205
514,204
512,203
511,201
510,200
509,198
509,196
end box4
end total5boxes
