9,226
44,189
82,174
131,181
160,184
178,187
193,189
210,189
228,191
260,193
296,208
345,235
370,281
351,300
285,309
238,308
215,308
90,310
33,296
12,272
end box0
710,218
714,205
726,190
737,180
753,180
768,180
781,180
794,182
810,184
821,191
833,205
838,219
838,237
837,255
832,271
813,271
792,266
780,268
769,269
754,271
730,277
714,274
710,257
711,238
end box1
433,190
433,181
438,175
446,173
454,174
471,174
479,173
485,176
488,183
492,190
494,198
493,207
488,212
479,214
472,214
465,213
460,214
454,214
447,213
439,211
435,205
434,197
end box2
499,180
501,177
504,174
508,173
522,174
526,175
530,177
534,180
535,185
534,190
530,193
524,193
503,191
499,189
499,185
end box3
11,258
24,231
39,212
69,208
93,209
113,215
128,221
143,223
159,226
180,231
201,244
222,265
235,293
228,314
198,326
170,333
150,335
130,330
113,331
95,335
72,336
46,330
19,312
12,289
end box4
621,179
621,178
623,176
624,175
626,174
634,174
636,175
637,177
638,179
638,182
638,185
638,188
635,188
632,188
627,188
625,189
622,188
621,187
620,184
620,182
end box5
155,214
170,188
205,183
235,185
251,186
284,190
297,191
314,195
337,203
371,219
384,246
373,262
333,271
177,259
161,243
end box6
539,181
540,179
541,178
543,176
552,177
554,177
556,179
558,181
559,184
558,187
557,190
554,190
551,190
544,190
542,190
540,189
539,186
538,184
end box7
591,174
592,172
594,171
595,170
604,169
607,170
609,172
610,174
610,177
610,180
609,183
606,183
596,183
593,183
591,182
591,179
591,177
end box8
384,194
385,186
391,179
398,177
406,177
425,178
432,178
439,180
445,187
450,194
451,204
450,213
444,220
435,222
426,222
397,221
390,218
384,212
384,203
end box9
556,179
556,177
558,175
559,174
568,174
570,175
572,176
573,178
574,181
574,184
572,186
569,186
566,186
561,186
558,186
556,185
555,183
555,181
end box10
625,175
626,175
629,174
630,175
631,175
632,177
633,178
633,179
633,181
633,183
631,183
630,184
628,184
627,184
625,183
624,183
624,181
end box11
484,190
484,186
485,182
488,180
492,180
502,180
506,180
509,183
512,186
513,190
514,194
514,199
512,203
509,205
504,205
499,204
496,204
492,204
489,203
486,201
484,197
484,193
end box12
610,173
610,173
611,172
613,172
614,172
615,173
615,174
616,175
616,176
616,177
616,179
615,179
613,180
612,180
611,180
610,180
609,179
608,178
end box13
576,173
577,172
581,172
582,173
583,174
584,175
584,176
584,178
584,180
582,180
581,180
578,180
577,180
575,180
575,178
end box14
665,192
666,188
668,185
670,183
674,182
677,183
683,182
688,182
691,184
694,187
694,191
694,196
693,200
691,204
688,205
684,206
677,206
673,207
669,206
666,204
664,200
664,196
end box15
569,177
569,175
570,174
572,173
580,172
581,173
583,175
584,176
585,179
585,181
584,184
581,184
573,184
570,184
569,183
568,181
568,179
end box16
178,149
189,148
192,149
192,152
192,162
191,164
179,165
177,164
177,161
end box17
641,173
642,173
643,172
645,172
646,173
648,173
648,175
649,176
649,177
649,179
649,181
648,182
646,182
644,183
643,182
641,182
640,181
end box18
657,174
658,173
659,173
661,173
662,173
663,174
664,175
664,176
664,177
664,178
664,180
663,181
662,182
660,182
659,182
658,181
657,180
end box19
674,145
675,145
676,145
677,145
678,145
679,146
678,152
678,153
676,154
675,154
674,153
end box20
480,154
481,153
484,153
485,154
485,155
485,164
484,165
482,165
481,165
479,164
end box21
end total22boxes
