92,224
114,208
130,198
146,195
158,195
169,194
179,193
189,194
202,194
221,196
243,204
261,222
262,244
256,260
229,268
205,269
191,270
179,269
169,267
158,266
143,267
117,269
92,260
87,245
end box0
583,187
584,184
587,181
589,177
593,177
604,177
609,177
610,180
614,184
616,187
616,192
616,197
616,203
611,204
592,203
587,203
583,202
583,196
583,192
end box1
623,177
623,175
624,173
625,172
627,171
633,172
636,172
638,173
639,175
640,177
640,180
640,183
640,186
637,187
634,187
627,186
625,186
623,184
623,182
623,179
end box2
606,180
605,178
606,176
608,174
610,174
615,174
617,175
619,176
620,177
621,179
621,182
621,184
621,187
619,188
616,188
609,187
607,187
606,186
606,183
605,181
end box3
891,257
919,221
955,192
990,179
1025,177
1055,180
1083,180
1115,174
1150,178
1192,187
1226,217
1248,256
1255,308
1246,349
1209,377
1161,385
1117,377
1083,370
1055,371
1020,379
977,387
930,374
890,351
884,309
end box4
600,180
600,177
602,174
604,172
608,173
615,173
618,173
621,175
623,177
625,180
625,183
625,187
624,191
620,192
616,192
607,191
604,190
602,189
601,186
600,183
end box5
635,177
635,175
636,174
638,172
640,172
646,171
648,172
650,172
652,175
652,177
652,180
652,183
651,185
649,186
646,187
644,187
641,187
639,187
637,186
635,184
635,182
635,180
end box6
678,196
682,190
689,185
695,182
701,182
706,182
711,182
716,182
724,181
729,183
735,190
740,196
742,204
740,213
736,220
726,220
717,217
699,219
689,223
680,221
676,213
677,204
end box7
619,178
620,175
622,172
624,170
627,170
636,170
639,170
642,172
644,174
646,178
646,182
646,186
645,190
641,191
636,191
627,190
624,189
621,188
620,184
619,181
end box8
650,177
650,175
652,173
653,172
656,172
664,171
667,172
668,174
669,177
669,180
669,183
668,186
665,187
655,187
652,187
650,185
650,182
649,180
end box9
644,179
645,175
647,172
650,171
653,171
666,170
669,171
672,175
673,178
673,183
673,187
671,191
667,192
662,192
652,192
649,192
645,190
644,186
644,182
end box10
626,174
626,173
627,173
630,173
631,173
632,174
633,175
633,176
633,177
633,179
633,180
632,181
631,182
629,182
628,182
627,181
626,180
625,179
end box11
641,174
642,173
643,173
645,172
646,173
647,174
648,175
649,176
648,177
648,179
648,180
647,181
646,182
644,182
643,182
642,181
641,180
end box12
646,158
646,158
647,159
648,160
647,161
647,162
647,164
647,165
645,165
644,165
643,165
642,164
641,163
end box13
642,143
642,143
643,142
644,142
645,142
646,143
647,143
647,144
648,145
648,146
648,147
647,149
647,149
645,150
644,150
643,150
642,149
641,148
641,148
end box14
631,159
632,159
633,160
633,161
633,162
633,163
633,164
632,165
631,165
630,165
629,165
628,165
628,164
end box15
1077,45
1076,39
1139,39
1141,45
1140,56
1140,63
1131,68
1084,68
1077,63
1078,55
end box16
581,159
582,160
583,161
584,162
584,163
583,165
583,166
582,167
581,168
579,168
578,167
577,167
576,166
end box17
527,176
528,175
529,175
531,174
532,175
533,176
534,177
534,179
534,180
534,182
533,183
532,184
530,184
529,184
528,183
527,182
end box18
595,162
596,162
597,163
597,164
597,165
597,166
597,167
596,168
595,168
594,168
593,168
592,168
591,167
end box19
1078,8
1085,4
1128,3
1135,8
1136,33
1130,37
1082,36
1078,31
end box20
575,186
576,184
577,184
579,184
580,186
581,196
579,198
578,199
575,198
574,197
end box21
576,175
577,174
578,174
579,174
580,175
581,176
582,177
582,182
581,183
580,184
578,184
577,184
576,183
575,182
end box22
end total23boxes
