823,197
839,189
849,184
856,181
863,181
874,181
880,181
887,180
897,182
912,186
923,195
927,209
921,218
904,222
889,221
880,220
863,220
853,222
839,222
820,219
818,210
end box0
538,182
538,180
540,178
542,177
552,177
554,178
556,180
558,182
558,185
558,189
557,192
554,192
550,192
543,192
540,192
538,190
537,188
537,185
end box1
571,178
572,176
573,175
574,174
575,173
577,172
578,172
580,172
582,173
584,174
585,176
586,177
586,180
586,182
585,185
583,185
581,186
579,186
576,186
574,186
572,185
571,184
571,181
571,179
end box2
409,189
410,187
411,185
413,184
415,184
421,183
423,184
425,185
426,187
428,189
428,192
428,195
427,198
424,199
421,199
414,199
411,198
409,197
409,194
409,192
end box3
545,178
550,178
552,178
553,179
553,181
554,182
554,184
554,186
552,187
550,187
547,187
545,187
544,186
543,185
end box4
405,188
407,185
410,182
412,180
415,180
424,180
427,180
430,181
433,184
436,187
436,192
436,197
434,200
429,201
424,200
415,200
411,200
407,199
405,196
405,192
end box5
562,176
562,176
563,175
564,175
565,175
566,176
566,176
567,177
567,178
567,179
567,180
567,182
567,182
565,183
564,184
563,183
562,182
561,181
end box6
577,176
577,176
578,175
579,175
580,175
581,176
582,176
582,177
582,178
582,179
582,180
582,182
582,182
580,183
579,184
578,183
577,182
576,181
576,181
end box7
577,176
577,176
578,175
579,175
580,175
581,176
582,176
582,177
582,178
582,179
582,180
582,182
582,182
580,183
579,184
578,183
577,182
576,181
576,181
end box8
562,176
562,176
563,175
564,175
565,175
566,176
566,176
567,177
567,178
567,179
567,180
567,182
567,182
565,183
564,184
563,183
562,182
561,181
end box9
721,139
722,138
724,137
731,137
733,138
734,140
734,149
732,151
730,152
728,152
723,151
722,150
721,148
end box10
910,135
911,134
913,132
915,132
918,131
920,132
922,133
924,135
925,147
923,150
921,151
918,151
915,151
912,150
911,148
end box11
723,142
724,141
730,141
731,141
732,142
732,144
732,147
732,149
730,150
729,150
724,150
723,149
723,148
end box12
725,161
726,161
727,161
728,161
729,161
730,162
730,163
731,168
730,169
729,170
727,170
726,170
725,169
724,168
end box13
592,177
592,177
593,176
594,176
595,176
596,176
597,177
597,178
597,179
597,180
597,181
597,182
597,184
596,185
594,185
593,185
592,184
591,182
end box14
613,177
613,177
614,176
615,176
616,176
617,177
617,177
618,178
618,179
618,180
618,181
618,182
617,183
616,184
615,185
614,184
613,183
613,182
end box15
623,174
624,174
624,174
625,174
626,174
626,174
627,175
628,175
628,176
628,177
628,178
628,179
627,180
626,180
625,181
624,180
623,180
623,179
end box16
511,143
512,142
514,142
515,143
515,143
515,149
514,150
513,150
512,150
511,149
end box17
590,139
590,139
592,139
592,139
593,140
593,145
592,146
591,146
590,146
589,145
end box18
end total19boxes
