299,220
309,207
323,196
337,192
350,192
362,192
372,191
383,191
396,191
410,196
427,207
437,219
439,240
437,258
425,268
400,268
383,264
336,264
314,266
300,256
297,239
end box0
4,243
36,209
74,192
113,191
140,189
161,194
179,196
198,197
218,202
249,205
286,219
322,248
341,291
329,318
277,330
234,334
204,332
181,326
109,333
63,333
15,317
2,288
end box1
565,191
566,188
569,185
572,183
589,183
592,185
596,188
598,191
599,196
598,201
596,205
591,206
571,205
567,205
564,200
564,196
end box2
554,193
556,188
562,184
567,182
573,183
590,182
595,184
600,189
604,193
606,201
605,207
599,212
593,213
564,214
559,212
553,207
553,200
end box3
522,192
522,190
523,188
524,187
526,186
535,187
537,188
539,190
539,192
540,195
539,198
539,201
536,202
533,202
526,202
523,201
522,199
521,195
end box4
417,194
418,190
420,186
423,184
427,184
430,184
433,184
436,185
440,185
443,187
446,190
448,193
449,198
449,203
447,207
442,209
437,209
433,208
430,207
427,207
423,206
419,205
417,201
417,198
end box5
408,194
409,188
413,183
418,181
424,181
428,181
433,181
437,181
442,182
447,184
450,189
455,194
456,201
457,208
453,213
445,214
438,214
433,213
428,213
424,213
418,212
411,211
408,206
408,200
end box6
598,166
599,166
600,167
600,168
600,169
600,170
600,172
599,173
598,173
596,174
595,173
594,173
593,172
end box7
593,173
594,173
596,173
597,173
598,174
599,175
599,176
599,177
599,178
599,180
598,181
597,182
595,182
594,182
593,181
592,180
end box8
653,159
654,156
666,155
668,157
669,182
667,184
654,183
end box9
559,177
560,176
561,176
562,176
563,176
564,177
564,178
565,179
565,180
564,181
564,183
564,184
563,184
561,185
560,184
559,184
end box10
463,143
467,143
468,144
469,145
469,146
469,149
469,150
468,151
467,152
464,152
462,151
462,150
end box11
35,239
47,228
63,231
74,242
78,262
82,331
79,358
65,360
47,361
34,352
end box12
320,185
322,184
325,183
330,182
335,183
338,184
339,187
339,200
337,202
324,202
321,201
320,198
end box13
546,176
547,175
548,175
549,175
550,176
551,177
552,178
552,183
551,185
550,185
548,186
547,185
546,184
end box14
557,189
558,188
559,187
561,188
562,188
562,189
563,196
562,197
561,198
559,199
558,199
556,198
end box15
559,177
560,176
561,176
562,176
563,176
564,177
564,178
565,179
565,180
564,181
564,183
564,184
563,184
561,185
560,184
559,184
end box16
end total17boxes
