572,191
574,188
577,185
579,183
582,182
595,182
597,184
601,187
602,190
602,195
603,199
601,204
597,205
581,204
577,204
573,203
572,199
572,195
end box0
603,191
603,189
604,188
606,187
608,186
615,186
617,187
619,189
620,191
621,194
621,197
620,200
617,200
614,200
607,200
605,199
603,198
602,196
602,194
end box1
557,190
557,188
558,187
559,186
560,185
562,185
563,184
565,185
567,185
568,186
569,188
570,190
570,192
570,194
570,196
568,197
565,197
563,197
561,198
560,197
558,197
557,195
556,193
556,191
end box2
656,179
658,177
661,177
662,177
663,178
664,179
664,180
664,181
664,183
662,183
661,183
659,183
658,183
657,183
656,182
656,181
656,180
end box3
643,177
644,176
646,176
647,177
648,177
648,178
648,179
648,180
648,181
647,182
646,182
645,182
644,182
643,182
643,181
642,180
end box4
586,191
586,189
587,187
589,185
591,185
600,185
602,186
604,189
606,191
605,194
606,197
605,201
602,202
599,202
591,201
588,200
586,199
585,196
585,194
end box5
605,190
606,189
606,188
607,187
608,186
613,187
614,187
615,188
616,190
616,191
615,193
615,195
614,196
612,196
609,196
607,196
606,195
605,194
end box6
619,187
620,185
622,184
623,183
632,183
634,183
637,185
638,187
639,190
638,193
637,196
633,196
622,195
620,195
619,192
618,190
end box7
560,189
560,189
561,188
561,187
562,187
563,187
564,187
565,187
566,188
566,189
567,190
567,191
567,192
567,194
566,194
564,195
563,196
562,195
561,195
560,194
559,193
560,192
559,191
end box8
626,181
632,181
633,182
633,183
634,184
634,186
634,188
632,188
630,188
627,188
626,187
625,186
end box9
543,190
544,189
544,188
544,188
545,187
546,187
547,187
548,187
549,187
550,188
551,189
551,190
552,191
551,192
551,194
550,195
548,195
547,195
546,195
545,195
544,194
543,193
543,192
543,191
end box10
540,189
540,188
542,186
544,185
552,185
554,186
556,187
557,189
558,192
558,195
556,197
553,198
551,197
545,197
542,197
540,196
539,194
539,192
end box11
622,188
623,187
624,186
625,185
632,185
633,186
634,188
635,189
634,191
634,194
632,194
625,194
623,194
622,193
623,191
622,189
end box12
676,174
680,174
680,174
681,175
682,176
682,177
682,178
682,180
680,180
679,180
677,180
676,180
675,180
675,179
end box13
513,188
514,187
515,185
516,185
518,185
518,187
519,188
519,189
519,190
519,191
519,192
519,193
519,195
518,197
517,198
515,197
514,195
513,193
end box14
526,187
526,186
527,185
528,185
529,185
530,186
531,187
531,188
532,189
531,190
531,191
531,193
531,194
530,195
528,196
527,195
526,194
525,193
end box15
694,188
695,187
696,186
698,187
699,187
699,189
700,190
700,195
699,196
698,197
696,198
695,198
694,196
end box16
end total17boxes
