212,201
229,187
247,182
263,182
273,181
281,182
288,180
296,182
304,183
315,186
332,192
355,203
363,222
355,231
330,238
309,237
243,236
220,230
212,220
end box0
369,192
368,184
374,178
383,178
391,178
401,179
406,179
412,179
417,183
422,188
429,193
433,202
433,211
425,215
414,216
408,217
402,216
396,216
391,214
378,211
373,207
371,200
end box1
418,188
420,184
423,181
428,181
432,182
435,182
439,182
442,184
444,186
448,189
449,192
451,197
450,202
450,207
446,210
440,210
436,209
432,208
429,207
end box2
430,186
431,182
434,180
439,180
443,180
446,180
450,181
453,182
455,184
459,187
460,191
462,195
462,200
460,205
457,207
451,208
447,207
443,206
439,205
436,204
433,201
end box3
338,205
340,197
343,191
351,189
358,189
364,189
369,189
374,191
380,192
385,195
389,200
396,205
399,214
399,222
393,228
384,230
376,230
370,230
364,230
358,228
352,227
345,225
340,219
339,212
end box4
621,180
622,178
623,176
624,175
633,175
635,176
637,177
638,179
638,182
638,185
637,187
634,187
625,187
623,187
621,186
621,184
621,181
end box5
624,176
625,175
626,175
630,175
631,175
632,176
633,178
633,179
633,181
633,183
631,183
630,184
627,183
625,183
624,183
623,182
end box6
438,181
439,175
445,171
452,171
469,172
474,171
479,173
485,177
490,182
493,189
492,196
485,200
476,200
471,200
466,200
461,200
457,199
453,198
445,198
440,194
438,188
end box7
288,192
299,179
315,174
329,174
339,176
353,177
359,178
366,178
377,179
392,184
409,194
418,211
412,222
391,228
372,226
361,225
353,225
314,225
295,219
289,209
end box8
545,176
545,176
546,175
547,175
548,175
549,176
550,176
550,177
551,178
551,179
551,180
551,182
550,182
548,183
547,183
546,183
545,182
544,182
543,181
end box9
450,189
451,185
453,182
456,180
460,180
463,180
466,180
469,181
473,180
475,182
479,185
481,189
483,193
482,198
480,202
475,203
470,203
466,202
463,202
460,202
456,201
452,200
450,197
450,193
end box10
539,180
539,178
540,176
542,175
543,175
548,175
550,175
552,176
553,177
554,179
555,182
555,184
554,187
551,187
549,188
546,187
545,187
543,187
540,187
538,186
538,184
538,182
end box11
447,181
449,177
452,174
456,173
460,174
469,174
472,174
475,175
480,178
483,181
484,186
483,191
480,195
474,196
470,196
466,195
452,193
449,190
447,186
end box12
561,174
561,174
562,173
563,173
564,173
565,174
565,174
566,175
566,176
566,177
566,178
566,179
565,180
564,181
563,182
562,181
561,180
560,179
end box13
646,159
647,159
647,160
648,161
647,163
647,165
647,165
645,166
643,166
642,165
641,165
end box14
364,153
365,153
366,153
367,152
368,153
369,154
369,161
368,162
366,162
365,162
364,161
end box15
end total16boxes
