146,195
154,187
164,183
172,183
177,182
191,183
197,183
204,184
214,188
224,195
229,206
225,214
212,216
198,216
192,216
187,215
182,215
177,215
172,215
159,215
147,213
144,205
end box0
717,185
722,180
729,176
734,174
739,174
752,175
757,174
762,176
769,180
776,185
779,194
777,201
769,204
759,204
738,204
731,205
721,205
715,201
715,193
end box1
376,194
380,188
386,183
391,180
398,179
413,180
420,180
427,181
434,187
438,193
439,203
438,212
432,216
421,216
414,216
408,215
403,216
396,218
388,218
379,217
374,211
375,202
end box2
292,190
295,184
298,177
303,173
310,172
316,172
329,173
336,173
343,175
347,183
349,190
349,198
348,206
345,212
336,215
329,215
323,214
316,214
309,217
301,216
293,214
290,206
291,198
end box3
891,262
916,226
941,194
970,173
1006,167
1038,164
1069,165
1103,165
1143,172
1187,182
1211,215
1223,259
1228,307
1220,350
1192,375
1138,381
1101,384
1068,379
1039,379
1005,387
965,388
915,373
881,354
878,310
end box4
491,177
494,172
498,167
503,165
508,165
527,165
532,166
536,171
539,177
541,183
540,190
535,195
528,196
522,195
517,195
512,195
507,197
500,197
494,195
489,190
490,183
end box5
837,214
845,191
865,172
887,162
910,162
929,163
945,161
966,161
989,164
1015,170
1031,188
1033,213
1033,239
1023,262
1006,277
908,291
884,292
854,288
836,269
833,244
end box6
31,194
39,186
50,183
95,182
106,186
114,194
117,206
113,213
98,217
45,217
30,214
28,205
end box7
236,209
239,205
242,203
245,202
249,201
256,202
260,202
263,203
267,205
271,209
274,214
272,219
268,222
262,222
257,221
254,221
251,221
248,222
244,222
238,221
234,218
234,213
end box8
174,141
188,140
190,142
191,159
190,161
175,161
173,160
end box9
717,156
718,157
719,165
718,166
716,167
713,167
711,166
end box10
708,140
709,139
710,139
712,139
713,140
714,141
713,150
712,151
710,152
709,151
707,150
end box11
684,122
686,120
693,119
696,121
697,123
697,135
696,138
694,139
685,138
684,136
end box12
743,155
747,155
748,156
749,157
749,162
748,163
747,164
744,163
743,163
end box13
688,158
692,158
693,159
694,160
694,165
693,166
692,167
690,167
689,167
688,166
end box14
255,186
256,185
258,185
259,186
260,187
261,193
260,194
259,195
256,195
255,194
end box15
685,113
689,112
693,110
697,112
699,115
699,139
698,144
693,144
688,143
685,141
end box16
end total17boxes
