506,203
507,198
511,193
515,191
520,191
533,191
539,191
543,193
545,198
548,203
548,209
548,215
545,220
540,221
533,220
519,221
513,221
509,219
506,214
507,208
end box0
508,193
510,189
514,186
518,185
534,186
539,187
544,189
547,193
547,199
547,204
543,207
536,207
511,207
508,203
508,198
end box1
578,175
579,174
581,174
582,175
582,175
583,176
583,177
583,179
583,180
582,181
581,182
580,182
579,182
578,181
577,180
end box2
701,166
703,165
715,165
716,167
717,182
715,185
702,186
701,184
end box3
460,177
460,176
461,176
462,175
463,176
464,176
465,177
465,178
465,179
465,180
465,181
465,182
465,184
464,184
462,185
461,185
460,184
459,183
end box4
544,188
545,187
546,187
547,187
548,188
548,188
549,189
549,190
549,191
549,192
549,193
548,194
547,195
546,195
545,195
544,194
544,193
end box5
end total6boxes
