739,237
741,222
749,204
760,193
778,193
795,192
810,191
827,192
844,193
857,204
868,221
869,236
867,255
866,275
863,296
849,301
826,296
810,295
780,294
756,301
743,295
739,275
739,256
end box0
619,212
619,211
621,209
622,208
624,208
631,208
633,208
635,210
636,212
637,215
637,218
636,221
633,221
630,221
623,221
620,221
618,220
618,217
618,215
end box1
876,194
877,193
878,193
879,193
880,194
881,195
882,196
882,201
881,202
880,203
878,203
877,203
876,202
875,201
end box2
747,164
747,163
748,161
755,158
762,160
763,162
764,164
764,167
764,169
763,172
761,174
756,175
749,173
748,171
747,169
747,167
end box3
823,155
824,154
825,154
827,154
828,154
828,156
828,163
827,164
825,165
824,164
823,163
end box4
704,187
705,187
708,187
709,187
709,197
708,198
706,199
705,198
704,197
end box5
695,191
696,190
697,190
698,190
699,191
700,192
700,199
699,200
697,201
696,200
695,199
end box6
696,158
697,157
698,157
700,157
701,158
701,168
700,169
699,170
697,169
695,168
end box7
884,209
885,208
886,208
887,208
888,209
889,217
888,218
886,219
885,218
884,217
end box8
703,157
705,157
706,157
708,156
709,158
710,159
710,168
708,170
707,171
704,170
703,169
end box9
end total10boxes
