544,204
571,185
599,180
620,180
631,180
641,180
650,179
659,182
670,182
688,184
712,189
743,206
753,230
739,243
701,250
614,249
590,251
552,244
540,231
end box0
147,192
148,190
149,188
150,187
152,186
153,184
156,184
158,184
160,186
162,187
163,189
165,191
165,194
165,197
163,199
161,201
159,203
156,203
153,203
151,202
149,200
147,198
147,196
146,194
end box1
1127,195
1128,193
1129,190
1130,188
1132,186
1135,185
1138,185
1141,186
1144,187
1146,189
1147,192
1148,195
1148,198
1148,201
1147,204
1145,207
1142,209
1138,210
1135,210
1131,209
1129,206
1128,204
1127,201
1126,198
end box2
299,161
300,160
301,160
303,160
304,161
305,162
306,170
305,171
303,173
302,173
300,172
298,171
end box3
854,173
855,173
857,173
858,173
859,174
859,175
859,179
859,181
858,181
856,182
855,181
854,181
end box4
968,177
972,177
973,177
974,179
975,180
975,183
974,184
973,186
972,186
970,186
969,186
967,186
967,184
end box5
952,174
953,173
954,173
955,173
957,174
957,174
957,183
956,183
954,184
953,184
951,183
end box6
1019,174
1020,173
1021,173
1023,173
1024,174
1025,175
1025,184
1023,185
1022,186
1020,185
1018,184
end box7
804,152
805,152
807,152
809,152
809,153
810,160
809,161
808,162
806,163
805,162
803,162
end box8
365,0
368,-1
390,-1
394,0
395,5
395,18
394,23
391,26
382,28
end box9
911,189
912,188
913,188
915,188
916,189
917,190
918,191
918,198
917,199
915,200
914,201
912,200
910,199
909,198
end box10
22,161
23,161
24,160
26,160
27,161
28,162
29,163
29,165
29,166
29,168
29,170
28,171
26,172
24,172
23,172
21,171
20,170
20,168
end box11
18,161
20,160
22,159
24,159
26,159
28,160
29,161
30,163
30,165
30,168
30,170
30,172
28,174
26,176
24,176
21,176
19,175
17,173
17,171
end box12
313,92
317,89
354,89
361,92
360,100
358,103
315,103
313,99
end box13
615,162
616,161
617,161
618,161
619,162
619,162
620,163
620,167
620,168
618,169
617,170
616,169
615,168
end box14
152,143
153,143
156,143
157,143
158,144
158,146
158,151
158,153
156,154
154,154
153,154
151,153
end box15
598,144
599,144
601,143
602,144
603,145
603,152
602,153
600,153
599,153
598,152
end box16
50,138
51,136
52,134
53,132
55,132
58,131
60,131
63,132
64,134
65,147
64,150
61,152
58,152
55,151
53,150
51,148
50,145
50,143
end box17
1020,139
1021,138
1024,138
1025,139
1026,140
1025,149
1024,150
1022,150
1021,150
1019,149
end box18
607,142
608,142
609,142
610,142
612,142
612,144
612,151
611,152
609,153
608,153
607,152
end box19
1044,134
1045,131
1047,130
1050,130
1053,131
1055,132
1057,132
1059,134
1059,136
1060,138
1060,141
1060,143
1059,145
1057,147
1055,148
1053,150
1050,150
1047,150
1045,148
end box20
1017,143
1017,141
1018,139
1019,138
1022,138
1024,138
1026,138
1028,138
1029,140
1029,143
1029,145
1029,146
1029,148
1029,151
1028,153
1026,154
1024,155
1021,155
1019,154
1018,152
1017,150
1017,148
end box21
152,143
153,143
156,143
157,143
158,144
158,146
158,151
158,153
156,154
154,154
153,154
151,153
end box22
end total23boxes
