766,265
795,218
844,187
894,179
937,173
972,179
1005,179
1039,178
1076,185
1123,193
1172,224
1204,268
1216,331
1203,378
1147,399
1084,403
1040,398
1004,384
945,385
901,391
839,392
783,373
768,328
end box0
556,181
556,179
557,177
558,176
560,176
565,175
567,176
569,176
570,178
571,180
571,183
571,185
571,188
568,189
566,189
561,189
559,189
557,188
556,187
555,185
555,182
end box1
624,178
625,177
626,177
627,176
628,176
629,177
630,178
631,179
631,180
631,181
631,182
631,184
630,185
629,186
627,186
626,186
625,185
624,184
624,183
end box2
end total3boxes
