804,191
804,189
804,187
805,185
806,181
808,176
811,173
814,178
816,183
817,186
816,189
816,191
816,192
815,194
815,196
815,199
815,206
812,210
808,209
806,202
805,197
805,195
804,194
804,192
end box0
465,158
466,157
467,156
468,156
469,156
470,157
472,157
472,158
473,160
473,161
473,163
473,164
471,166
470,166
468,167
467,166
466,165
465,164
464,163
end box1
462,159
462,157
463,156
463,154
465,153
467,152
469,151
471,152
473,153
474,154
475,156
476,158
475,161
475,163
475,165
474,167
471,169
469,169
466,169
464,168
463,166
462,164
461,162
461,160
end box2
496,172
497,171
498,171
499,171
500,172
501,173
502,179
501,180
500,181
498,182
497,181
496,180
end box3
661,145
662,144
663,144
664,144
666,145
667,145
667,146
668,148
668,149
668,151
668,152
667,154
665,155
663,155
662,155
661,153
660,152
end box4
380,156
383,155
384,156
385,157
386,158
387,159
386,160
386,161
386,163
385,164
384,165
382,165
381,165
380,164
379,163
end box5
494,161
495,160
496,160
497,160
498,160
499,161
499,162
500,163
500,164
499,165
500,167
499,168
498,168
496,169
495,168
494,168
493,166
end box6
660,155
661,154
662,154
663,154
664,155
665,156
665,157
666,158
666,160
665,162
665,163
664,164
662,165
661,164
660,163
659,162
end box7
495,146
496,145
497,145
498,145
499,146
499,146
500,147
500,148
500,149
500,150
500,151
500,152
498,153
497,153
496,153
495,152
495,151
end box8
674,160
675,159
676,159
678,159
679,160
680,161
681,162
681,167
681,169
680,170
678,171
677,172
675,171
673,170
672,169
end box9
481,161
482,160
483,160
484,160
485,161
486,161
486,162
487,163
487,164
487,165
487,167
486,168
484,168
483,168
482,168
481,168
480,167
end box10
510,172
510,172
514,172
515,172
515,173
516,174
516,175
516,176
516,178
515,178
513,179
512,179
511,179
510,178
509,178
end box11
690,161
691,160
693,160
695,161
696,161
696,162
697,168
695,170
694,170
692,171
691,170
689,170
688,169
end box12
467,148
468,147
469,147
470,147
471,147
472,147
473,148
474,149
475,150
475,151
474,153
474,154
473,155
472,156
470,156
469,155
468,155
467,154
466,153
end box13
644,89
645,88
646,86
647,85
649,85
650,85
652,85
654,86
656,87
657,89
657,91
657,92
657,95
656,97
655,98
653,99
651,100
649,99
647,99
645,97
644,96
644,92
end box14
679,170
681,169
684,169
685,169
686,171
686,181
684,182
680,181
679,181
end box15
724,175
725,174
726,174
727,174
728,175
729,176
729,177
729,182
729,183
728,184
726,184
725,184
724,183
end box16
511,158
511,158
515,158
515,158
516,159
517,160
517,161
517,162
517,164
516,164
514,165
513,165
512,165
511,164
510,164
end box17
557,173
557,172
558,172
559,172
560,172
561,172
562,173
562,174
563,176
563,177
563,179
562,180
560,180
559,181
558,180
557,180
556,179
end box18
511,146
511,146
512,146
513,146
513,146
514,147
514,147
514,148
514,149
514,150
514,151
514,152
513,152
512,152
511,152
510,151
end box19
441,157
442,156
443,157
444,157
444,157
445,157
446,158
446,159
446,161
446,162
445,163
444,164
443,164
442,164
441,163
end box20
675,144
676,143
677,143
678,143
679,144
680,145
681,146
682,147
681,150
681,151
680,152
679,153
677,153
676,153
675,152
674,151
end box21
544,160
544,160
545,160
546,159
547,159
548,160
548,160
549,161
549,162
549,163
549,164
549,165
548,166
547,167
546,167
545,167
544,166
543,165
543,164
end box22
464,171
464,171
465,171
466,171
466,171
467,172
467,172
467,176
467,177
466,177
465,177
464,177
463,177
end box23
546,130
550,130
551,130
551,131
552,132
552,133
552,134
552,136
551,137
549,137
548,137
547,137
546,136
545,136
end box24
464,171
464,171
465,171
466,171
466,171
467,172
467,172
467,176
467,177
466,177
465,177
464,177
463,177
end box25
560,152
563,139
564,123
575,115
591,116
604,116
615,116
628,117
641,118
653,125
659,137
660,152
658,165
659,180
654,194
642,199
629,200
616,199
603,200
589,202
577,201
565,194
561,180
559,166
end box26
end total27boxes
