713,229
728,208
751,186
770,177
792,175
813,179
830,180
851,179
870,183
889,192
915,209
927,230
934,260
928,286
913,306
881,307
850,297
794,300
761,312
731,307
712,288
710,260
end box0
469,194
472,188
480,181
485,176
492,176
499,175
506,176
512,176
521,176
527,180
534,187
539,193
540,204
539,215
535,223
524,223
513,220
491,222
480,224
471,223
468,214
469,204
end box1
-3,223
17,205
37,194
57,193
73,193
85,195
95,194
105,195
119,195
136,199
155,209
180,225
189,249
184,267
153,274
124,274
108,273
28,273
2,265
-5,248
end box2
526,190
526,186
528,182
530,180
534,180
538,180
541,180
544,180
548,181
550,183
553,186
554,189
555,194
555,198
554,203
551,205
546,205
541,204
534,204
530,203
528,201
527,197
527,193
end box3
645,192
654,185
664,178
671,174
680,174
687,175
694,174
701,175
710,174
719,177
730,183
736,192
738,205
736,217
727,225
713,225
701,222
678,225
664,228
652,227
643,218
642,206
end box4
630,178
631,174
635,172
637,170
640,170
649,170
652,170
656,171
659,174
661,177
661,182
660,186
657,189
653,190
639,191
636,191
632,189
630,186
629,182
end box5
606,179
607,177
608,176
609,174
610,174
612,173
613,172
615,173
618,173
620,174
620,176
621,178
621,181
620,183
620,185
618,186
616,187
614,188
611,188
609,188
607,187
606,185
606,182
606,180
end box6
197,108
207,104
264,104
277,108
279,121
271,125
202,125
195,121
end box7
656,158
657,157
658,157
659,157
660,158
660,158
661,159
661,160
661,162
661,163
661,165
659,165
658,166
657,165
656,164
end box8
725,123
727,121
728,121
731,120
733,120
735,121
736,124
736,134
735,136
734,138
731,139
728,138
726,137
725,134
end box9
411,120
412,119
421,119
422,121
422,135
412,136
410,134
end box10
546,160
547,159
548,159
549,159
550,160
551,160
551,161
551,165
551,167
549,167
548,167
547,167
546,166
end box11
944,154
951,151
994,151
1002,154
1003,164
999,168
945,168
942,163
end box12
614,159
615,159
615,160
616,161
616,163
616,165
615,166
613,166
611,166
610,165
609,164
end box13
548,143
549,142
550,142
551,142
553,142
553,144
553,152
552,153
550,153
549,153
548,152
end box14
578,156
579,155
581,155
582,156
582,156
583,161
582,162
581,163
580,163
579,163
578,162
end box15
end total16boxes
