295,206
302,194
312,185
324,181
336,181
345,182
354,181
363,181
374,181
385,185
396,195
406,206
409,222
407,237
396,244
377,246
365,247
355,245
345,243
337,242
326,242
308,242
299,234
295,221
end box0
7,261
32,233
54,215
87,211
111,210
131,211
147,215
165,216
185,219
212,224
239,239
265,265
278,300
269,324
232,336
191,338
167,338
149,339
131,340
113,338
87,338
47,340
13,323
6,297
end box1
764,256
805,210
851,182
905,180
944,179
973,185
999,186
1027,185
1058,190
1104,194
1151,217
1192,258
1209,316
1189,352
1127,369
1064,369
1028,364
948,361
907,369
843,370
776,354
759,317
end box2
534,188
537,185
540,183
542,181
545,181
555,181
558,182
562,185
564,188
565,192
565,196
562,199
557,200
544,199
540,199
536,199
534,196
533,192
end box3
638,180
638,178
640,177
641,176
643,176
650,175
653,176
654,178
655,180
656,183
656,186
655,189
652,189
649,189
642,189
639,189
638,188
637,185
637,183
end box4
389,196
389,189
392,182
398,180
405,181
411,181
416,182
421,182
427,182
433,185
436,190
440,196
441,204
441,212
438,218
430,220
423,221
417,220
411,219
405,219
399,218
393,215
390,210
390,203
end box5
501,190
503,187
505,184
507,182
510,182
523,181
525,183
528,186
530,189
530,194
530,198
529,203
525,204
509,203
505,203
502,202
500,198
500,193
end box6
6,281
10,262
13,243
26,229
44,222
63,226
78,236
93,241
108,246
122,254
127,268
131,284
133,300
129,315
124,328
106,334
93,344
80,356
63,362
47,357
28,349
11,340
8,318
end box7
535,181
537,178
539,175
541,173
545,174
552,174
556,173
559,175
562,177
564,180
564,185
564,189
562,193
558,194
553,193
544,193
540,193
536,192
535,188
535,184
end box8
642,175
643,175
647,175
648,176
649,177
650,178
650,179
650,181
650,183
648,183
647,184
644,184
642,183
641,183
641,181
end box9
610,175
614,175
615,175
616,176
616,177
616,178
616,180
616,181
615,182
613,182
611,182
610,182
609,181
608,180
end box10
477,195
478,193
478,191
479,189
481,188
482,187
485,187
487,187
489,189
490,190
491,193
492,194
492,197
492,199
491,202
490,204
488,206
485,206
482,205
480,204
479,202
478,200
477,198
477,196
end box11
560,187
561,186
562,186
563,186
564,186
565,186
566,187
566,188
567,193
566,194
565,194
563,195
562,194
561,194
560,193
end box12
561,175
562,174
563,174
564,174
565,175
566,176
567,177
567,178
567,179
567,180
567,182
566,183
565,184
563,184
562,184
561,183
560,182
end box13
168,78
170,63
178,60
188,56
197,60
199,75
199,121
197,135
189,140
177,137
170,131
end box14
end total15boxes
