326,219
332,207
341,192
351,184
366,182
380,182
392,181
405,182
421,183
433,190
446,204
449,218
449,236
449,255
444,268
423,270
405,267
391,266
380,265
368,266
350,268
329,268
324,254
323,237
end box0
502,193
504,190
507,187
509,184
513,183
517,183
520,183
524,183
528,184
530,186
534,190
537,193
538,198
538,204
536,209
531,210
525,209
512,209
507,209
503,208
501,203
501,198
end box1
554,175
554,174
555,172
557,171
559,170
566,171
568,171
570,173
571,175
572,178
572,181
571,184
568,184
565,184
558,184
556,184
554,183
554,180
553,178
end box2
557,176
558,175
558,174
559,173
560,173
564,173
566,173
566,174
567,176
567,177
567,179
567,181
565,181
564,182
562,182
561,182
559,182
558,181
557,180
558,178
557,177
end box3
519,177
519,173
520,169
523,166
527,166
538,166
542,166
545,169
548,173
549,176
549,181
549,185
548,191
545,193
539,193
523,190
521,188
519,184
519,180
end box4
572,173
572,171
574,170
575,169
576,168
583,168
585,169
586,171
587,172
587,175
587,177
586,180
584,180
581,180
579,180
578,180
575,180
573,180
572,179
572,176
572,174
end box5
592,174
593,173
593,173
594,172
594,172
595,171
596,171
597,171
598,172
599,172
599,173
600,174
600,175
600,176
600,178
599,178
597,179
596,179
595,179
594,178
593,178
592,177
592,176
592,175
end box6
575,174
576,173
576,173
577,172
577,172
578,171
579,171
580,171
581,171
582,172
582,173
583,174
583,175
583,176
583,178
582,178
580,179
579,179
578,179
577,179
576,178
575,177
575,176
575,175
end box7
538,177
539,174
540,173
542,172
544,172
547,172
548,172
551,173
552,174
553,176
554,178
554,181
554,183
554,186
552,188
549,188
547,188
544,188
542,187
540,187
539,184
end box8
607,173
607,173
608,173
609,173
610,173
611,173
611,173
612,174
612,175
612,176
612,177
612,179
611,179
610,179
609,180
608,179
607,179
606,178
606,178
end box9
22,271
37,232
67,203
104,192
140,190
170,193
197,197
224,200
251,207
279,220
315,243
341,275
352,320
345,356
310,378
272,394
230,385
198,373
172,374
142,383
102,389
61,380
29,354
21,316
end box10
511,189
511,185
513,181
516,179
521,179
525,179
528,179
532,179
535,180
538,183
542,186
543,189
544,194
545,199
543,205
539,206
533,206
528,205
525,204
521,204
517,203
514,201
512,197
512,194
end box11
547,175
548,174
549,173
550,174
551,174
552,174
553,175
553,176
554,177
554,178
554,179
554,181
553,182
552,182
550,183
549,182
548,182
547,181
end box12
643,159
644,158
645,158
646,159
647,159
647,159
648,160
648,161
648,162
648,163
648,164
647,165
646,166
645,166
644,166
643,165
643,164
end box13
755,0
758,-2
793,-2
797,0
797,7
795,11
756,11
end box14
839,150
853,149
855,151
856,167
854,169
840,170
838,168
end box15
1210,145
1211,143
1211,142
1213,140
1214,140
1216,139
1217,139
1219,139
1221,139
1223,141
1224,142
1224,144
1224,147
1224,149
1224,151
1222,153
1220,154
1218,154
1216,153
1213,153
1212,152
1211,150
1210,148
1210,146
end box16
1214,141
1215,141
1216,141
1217,141
1218,141
1219,142
1220,143
1220,144
1220,145
1220,146
1220,148
1219,149
1218,150
1216,150
1215,150
1214,149
1213,148
1212,147
end box17
1145,239
1145,237
1146,236
1147,234
1148,234
1150,233
1151,233
1153,233
1155,234
1157,235
1158,237
1158,239
1158,240
1158,243
1157,245
1156,246
1154,247
1152,247
1149,247
1148,247
1146,246
1145,244
1145,242
1145,240
end box18
end total19boxes
