1025,248
1031,223
1049,197
1065,176
1091,171
1118,170
1145,167
1174,168
1206,170
1227,184
1240,215
1237,244
1237,277
1231,308
1227,341
1205,350
1171,344
1143,341
1118,341
1089,348
1054,354
1029,341
1022,314
1022,280
end box0
712,190
749,175
770,169
784,167
794,166
803,166
810,165
819,166
830,165
848,167
878,170
910,188
913,212
896,222
858,230
834,226
778,227
755,229
715,224
704,214
end box1
84,248
109,221
133,198
158,187
185,183
208,185
229,187
251,188
275,194
305,201
334,218
353,248
360,284
351,313
319,326
277,330
251,331
229,329
209,330
187,332
160,334
117,328
81,316
75,286
end box2
287,224
290,213
296,202
308,199
320,198
330,197
339,197
349,197
361,197
368,204
377,215
383,224
384,238
384,253
381,263
362,264
349,262
339,262
330,263
321,262
310,261
295,259
288,251
287,237
end box3
886,173
889,170
892,167
895,167
907,167
910,168
914,170
918,173
919,177
918,181
914,184
909,184
890,183
887,180
886,177
end box4
882,165
882,163
883,162
885,161
886,160
892,160
894,161
896,163
897,164
897,167
897,169
896,171
894,172
891,172
886,172
884,172
882,170
881,168
881,167
end box5
1053,155
1057,155
1058,156
1058,157
1059,162
1058,163
1057,163
1055,164
1054,163
1053,163
end box6
1160,140
1161,141
1160,145
1160,147
1150,147
1149,146
end box7
924,142
925,142
926,143
926,144
926,145
926,146
926,147
925,148
924,148
923,149
922,148
921,148
end box8
777,94
778,93
779,93
780,93
781,94
782,95
783,96
784,97
783,98
783,100
783,101
782,102
781,103
779,103
778,103
777,102
776,101
775,100
end box9
1146,140
1147,139
1161,138
1163,140
1164,142
1163,148
1162,150
1148,151
1146,149
1145,147
end box10
-1,238
-1,231
-2,223
-2,208
1,195
11,196
22,208
30,213
34,219
36,227
36,233
36,238
38,243
39,249
40,258
40,270
35,282
24,282
11,288
1,287
-2,271
-3,259
-3,251
-2,243
end box11
657,109
658,109
659,109
660,109
661,109
661,110
662,115
661,116
660,117
659,117
658,117
657,116
end box12
end total13boxes
