627,206
628,202
631,198
634,194
638,195
643,194
646,194
650,195
656,195
659,197
661,202
663,206
663,211
663,216
661,222
658,224
651,222
637,224
630,225
628,222
627,216
628,211
end box0
546,190
547,187
550,184
552,182
555,182
564,182
567,182
569,184
572,187
574,189
574,194
574,198
572,202
569,202
555,202
551,202
548,201
546,197
546,193
end box1
713,213
714,210
717,207
719,205
722,205
730,205
734,205
737,206
741,209
743,212
743,217
743,221
740,224
735,225
731,225
725,225
722,225
718,225
714,224
712,221
712,217
end box2
556,182
556,181
558,179
559,178
568,178
570,179
571,180
573,182
573,185
573,187
572,190
569,191
558,190
556,189
556,187
555,185
end box3
576,187
576,187
577,186
578,186
579,186
580,187
580,187
581,188
581,189
581,190
581,191
581,193
580,193
579,194
578,194
577,194
576,193
575,192
end box4
543,189
544,189
549,189
550,189
550,190
551,195
551,196
549,198
548,198
546,198
545,198
543,198
542,197
end box5
782,149
783,147
785,146
790,146
792,146
795,147
797,148
798,151
798,156
798,158
797,161
795,163
793,164
790,164
787,164
784,164
782,163
781,161
end box6
608,190
608,190
609,189
610,189
611,189
612,189
613,190
613,191
613,192
613,193
613,194
613,195
613,196
611,197
610,198
609,197
608,197
607,195
607,195
end box7
629,175
631,175
632,175
633,176
633,177
633,178
633,179
633,180
632,181
631,181
630,182
629,181
628,181
628,180
end box8
538,214
540,213
550,213
552,215
554,230
552,232
549,233
539,232
537,231
end box9
540,191
541,189
542,188
544,187
552,187
554,188
555,190
555,192
555,195
555,197
554,200
553,201
550,202
543,202
541,201
540,199
end box10
665,209
666,208
667,208
668,208
668,209
669,210
669,210
670,211
669,212
669,213
669,214
669,215
668,216
667,217
666,216
665,215
end box11
end total12boxes
