427,194
428,187
432,181
438,178
445,178
451,179
456,179
462,179
468,179
474,182
479,188
482,194
484,202
485,211
481,217
471,218
463,218
456,217
451,216
445,217
438,216
431,214
428,209
427,201
end box0
358,211
360,201
366,194
376,191
387,191
394,191
401,191
408,192
416,193
422,198
429,205
437,212
441,224
441,236
435,242
419,243
410,245
402,244
393,244
386,244
379,241
367,239
362,232
359,222
end box1
252,223
264,210
278,202
290,198
302,198
311,197
320,196
330,197
341,197
353,202
368,210
381,223
384,241
381,256
364,263
343,264
331,264
321,264
311,263
302,261
289,262
268,263
253,255
250,240
end box2
525,188
525,186
526,184
527,183
529,182
536,182
538,183
540,184
542,186
543,188
543,191
543,194
542,197
540,198
536,198
531,197
529,198
526,197
525,196
524,193
524,191
end box3
554,180
555,178
556,177
558,175
560,175
568,175
570,176
572,178
573,180
573,183
573,186
572,189
569,190
566,189
561,189
559,190
556,189
554,188
554,185
554,183
end box4
527,183
527,181
529,179
530,178
532,177
539,177
541,178
543,180
544,182
544,185
544,188
543,190
541,191
538,191
531,191
529,191
527,189
527,187
527,185
end box5
576,177
577,176
577,176
578,175
579,175
580,175
581,176
582,176
582,177
583,178
583,179
583,180
583,182
582,183
580,183
579,183
578,183
577,183
576,182
575,181
end box6
559,175
559,174
560,174
564,174
565,175
566,176
567,177
567,178
567,180
567,182
565,182
564,183
562,183
561,183
559,182
558,181
558,180
end box7
536,183
536,181
538,179
539,178
541,177
548,178
550,178
552,180
553,182
553,185
553,188
552,190
550,191
547,191
543,191
540,191
538,190
536,189
536,187
536,185
end box8
592,177
592,176
593,175
593,175
598,175
599,175
600,176
601,177
601,178
601,180
601,182
599,182
597,182
594,182
592,182
591,181
592,179
591,178
end box9
686,203
692,196
699,187
705,180
714,179
722,179
730,179
739,179
751,178
760,183
769,191
769,202
767,214
766,226
762,236
751,238
739,238
730,238
722,239
712,240
700,240
688,238
684,227
685,215
end box10
570,181
570,179
571,177
572,176
574,176
576,176
579,176
581,176
583,177
584,178
585,180
585,183
585,185
585,188
582,189
580,189
577,188
576,188
573,189
571,188
570,187
569,185
569,182
end box11
636,183
636,181
637,179
639,177
641,177
642,176
645,175
647,176
649,177
651,178
652,180
653,182
653,185
653,188
652,190
650,192
648,193
645,193
642,193
640,192
638,191
636,189
636,187
636,185
end box12
544,178
545,177
549,177
550,178
551,179
551,180
552,181
552,183
552,185
550,185
549,185
547,186
546,185
545,185
544,184
543,183
end box13
501,191
501,188
503,186
505,184
508,183
510,183
513,183
515,183
519,183
521,185
523,188
524,191
525,194
525,198
524,202
521,204
517,204
513,203
510,203
507,203
504,202
502,200
501,197
500,194
end box14
530,177
530,177
535,176
536,177
537,178
537,179
538,180
537,182
538,183
536,184
534,184
532,184
531,184
530,183
529,182
end box15
508,193
508,191
509,190
509,188
511,187
513,186
515,185
517,186
518,187
519,189
520,191
520,193
521,194
521,196
520,199
519,201
517,203
515,203
512,202
511,201
509,199
508,197
508,196
508,194
end box16
670,180
671,178
672,177
674,176
676,176
683,175
686,176
688,178
689,180
689,183
689,186
688,189
685,189
682,189
675,189
672,189
670,188
669,185
669,183
end box17
484,193
484,189
485,186
488,183
492,183
495,183
498,183
501,184
505,184
507,186
510,189
511,193
512,197
513,201
511,206
508,208
503,208
498,207
495,207
491,207
488,206
485,203
484,200
484,196
end box18
623,177
624,176
627,176
628,176
629,177
630,178
630,179
630,180
630,181
630,183
629,184
628,184
626,185
625,184
624,184
623,183
622,182
end box19
534,187
534,185
535,183
537,182
539,181
541,181
544,181
546,181
548,182
550,184
551,186
551,189
551,192
551,195
548,195
545,195
543,195
540,195
538,195
536,194
534,193
534,191
533,189
end box20
470,194
470,190
471,186
474,183
478,183
482,183
485,183
489,183
492,184
495,187
498,190
499,193
500,198
500,203
499,208
496,211
490,211
486,210
482,209
478,209
475,207
end box21
621,181
621,180
623,178
624,177
626,177
633,176
636,177
637,179
638,181
639,184
639,187
637,189
634,190
632,190
630,190
627,190
625,190
623,190
621,188
620,186
620,184
end box22
611,175
614,175
615,175
616,176
617,177
617,178
617,179
617,181
615,181
614,181
613,181
612,181
611,181
610,181
610,180
end box23
587,178
588,176
591,175
592,174
601,174
603,174
606,176
608,178
609,181
609,185
606,187
603,187
593,187
590,187
587,186
586,184
586,181
end box24
505,184
505,181
506,180
508,179
510,179
517,179
519,179
521,181
522,183
523,186
522,189
521,191
519,192
516,192
507,191
505,190
504,188
504,186
end box25
647,160
648,161
649,162
649,167
648,168
647,168
644,168
643,168
642,167
end box26
564,164
565,164
566,165
566,166
566,167
566,168
566,169
565,170
564,171
563,171
562,170
561,170
end box27
364,175
365,174
366,174
368,174
369,174
369,176
369,183
368,185
366,185
365,185
364,184
end box28
end total29boxes
