-19,247
2,222
26,202
50,194
74,193
93,196
111,196
130,195
152,199
182,202
203,219
218,246
221,277
209,300
182,313
149,316
93,315
73,322
48,326
10,321
-19,307
-26,281
end box0
103,246
132,214
157,192
191,187
221,187
242,187
262,188
283,188
307,193
341,198
371,217
397,249
410,289
401,318
361,332
312,332
284,333
263,333
243,333
224,328
194,330
146,332
107,317
98,287
end box1
893,172
898,166
906,163
913,162
918,162
934,162
940,163
947,167
955,172
960,181
958,188
946,191
936,191
911,191
901,191
891,188
891,181
end box2
419,205
422,199
427,193
434,192
440,191
445,191
450,191
455,192
461,191
467,194
471,200
477,206
480,214
480,222
474,226
463,227
456,228
450,227
445,227
440,226
435,225
426,223
420,220
418,213
end box3
509,195
509,193
510,191
511,189
513,189
515,188
516,188
518,189
520,189
522,190
523,192
524,194
524,197
525,199
524,202
522,203
519,204
517,204
514,204
512,203
510,202
509,200
508,196
end box4
436,196
439,189
446,186
453,186
470,187
475,186
480,188
486,192
493,197
498,205
496,212
487,215
477,215
471,215
445,213
438,210
436,204
end box5
485,190
485,186
487,183
490,182
494,182
501,182
504,183
507,185
510,187
511,190
512,194
512,198
510,201
506,202
503,203
499,202
496,201
end box6
521,193
522,191
523,189
524,188
526,188
531,187
533,188
535,188
536,190
537,192
538,195
538,197
537,200
534,201
532,201
530,201
527,201
525,201
523,201
521,199
521,197
521,195
end box7
389,189
390,186
393,184
407,185
410,186
413,187
416,190
418,194
419,198
419,202
416,206
413,208
408,209
404,208
end box8
595,189
596,188
597,187
601,187
602,187
602,188
603,189
604,190
603,192
603,193
602,193
600,194
599,194
598,194
597,193
596,193
595,192
595,191
595,190
end box9
393,208
396,202
398,196
405,195
411,195
416,195
421,195
425,196
430,196
437,198
442,203
447,209
450,217
449,225
444,229
434,231
427,230
421,230
416,230
411,229
405,229
398,226
393,222
393,215
end box10
552,193
553,191
554,190
556,188
565,188
568,189
570,191
571,193
572,196
572,199
571,202
567,202
564,202
557,203
554,203
552,201
551,198
551,196
end box11
1029,81
1030,77
1060,76
1062,79
1062,109
1061,112
1030,112
1029,108
end box12
1002,143
1003,143
1006,143
1007,143
1008,144
1009,151
1008,153
1006,154
1004,154
1003,154
1001,153
end box13
1028,113
1029,110
1063,110
1064,113
1064,124
1061,128
1031,128
1028,124
end box14
612,177
612,177
613,176
614,177
614,177
615,177
616,178
616,179
616,180
616,181
616,182
615,183
614,184
613,184
612,184
611,183
end box15
823,142
827,142
828,142
829,144
830,145
830,148
829,149
828,151
827,151
825,151
824,151
822,151
822,149
end box16
838,142
842,142
843,143
844,144
845,145
845,148
845,149
843,151
842,151
840,151
839,151
837,150
837,149
end box17
644,172
644,172
645,172
646,172
647,172
647,172
648,173
648,174
648,175
648,176
648,177
647,178
646,179
645,179
644,179
643,178
643,177
end box18
861,125
862,126
864,126
865,127
865,129
865,130
865,132
865,134
864,135
862,135
860,136
859,135
857,135
856,134
856,132
end box19
808,158
811,157
812,157
813,158
813,159
814,160
814,162
814,164
813,165
811,165
810,165
809,165
808,164
807,164
end box20
858,142
859,142
861,142
862,142
863,143
864,144
865,145
864,146
865,148
864,149
863,150
862,151
860,151
859,151
858,150
857,149
856,148
end box21
872,145
873,145
874,145
875,145
876,145
877,146
878,147
878,148
878,149
878,150
878,152
877,153
876,154
874,154
873,153
872,153
871,152
end box22
806,145
807,145
808,145
809,145
810,145
811,146
811,147
812,148
812,149
812,150
811,152
811,153
810,154
808,154
807,153
806,153
805,151
end box23
772,157
773,156
775,156
777,157
778,157
778,164
777,166
776,167
774,167
773,167
771,166
end box24
822,126
826,125
827,126
828,127
829,128
830,130
829,131
829,133
829,135
828,136
826,137
824,138
823,137
821,136
820,135
819,134
end box25
838,126
842,126
843,126
844,127
845,135
844,136
842,137
840,137
839,137
837,136
836,135
end box26
730,144
731,145
732,147
732,148
732,150
731,152
730,153
728,154
723,153
722,152
721,151
end box27
739,90
740,89
742,87
744,86
746,87
747,89
749,90
749,93
750,95
750,96
749,98
749,100
748,102
746,105
744,106
741,106
740,103
738,101
737,96
end box28
723,157
724,156
726,156
727,157
728,158
729,159
729,164
728,165
727,166
725,166
724,166
723,165
end box29
818,112
818,110
829,108
830,110
832,111
831,116
830,118
829,119
819,118
818,117
818,115
end box30
874,157
875,157
877,157
878,157
878,157
879,158
879,159
879,160
879,161
879,162
878,163
877,164
876,164
875,164
874,163
end box31
543,191
544,190
545,190
546,189
547,190
548,190
549,191
549,192
550,193
550,194
550,195
550,197
549,198
548,199
546,199
545,199
544,198
543,197
end box32
609,186
609,186
610,185
611,185
612,185
613,186
613,186
614,187
614,188
614,189
614,190
614,191
613,192
612,193
611,193
610,193
609,192
608,191
608,191
end box33
818,125
820,123
821,122
824,122
826,121
828,122
830,122
833,123
833,126
833,131
833,133
833,136
831,138
829,139
826,140
823,140
821,139
818,137
818,135
end box34
744,146
745,145
746,145
747,145
748,146
749,147
750,148
751,149
750,150
750,152
750,153
749,154
748,155
746,156
745,155
744,154
end box35
790,156
791,155
792,155
793,156
794,156
795,157
795,158
796,163
795,164
794,165
792,165
791,165
790,164
end box36
481,172
484,171
485,172
486,172
486,173
487,178
486,179
484,179
482,179
481,179
end box37
816,109
817,108
832,106
833,109
834,111
833,117
832,119
818,120
816,118
815,116
end box38
808,172
809,172
810,171
811,171
812,172
813,173
813,174
814,175
813,176
813,177
813,179
813,180
812,181
810,181
809,181
808,180
807,179
end box39
854,125
855,124
857,123
859,123
861,122
862,123
865,123
866,124
867,126
868,128
867,131
868,133
867,135
865,137
863,138
861,139
858,138
856,138
854,136
854,134
end box40
833,70
835,69
839,69
840,70
840,82
839,84
837,84
834,84
833,83
end box41
581,111
582,110
583,110
585,110
586,111
586,120
585,122
583,122
582,122
581,121
end box42
1023,125
1024,124
1027,124
1028,125
1029,126
1029,135
1027,136
1025,137
1024,136
1022,135
end box43
743,122
744,121
745,121
747,121
748,122
749,123
748,132
747,133
745,134
744,133
742,132
end box44
750,69
751,67
753,66
756,66
758,67
760,68
761,70
761,73
761,75
761,76
761,78
761,81
760,83
758,85
756,87
753,87
750,86
749,83
end box45
674,74
676,73
679,73
680,74
681,86
680,87
675,88
674,87
end box46
821,156
822,156
823,156
824,156
825,156
826,157
826,158
827,163
826,164
825,165
823,165
822,165
821,164
end box47
end total48boxes
