-12,273
26,224
67,198
121,197
160,198
189,203
213,206
240,206
268,211
312,216
357,237
402,278
421,335
407,370
344,387
283,389
244,384
215,375
191,374
125,382
60,389
1,367
-17,330
end box0
320,219
319,197
332,183
354,180
374,180
389,182
402,180
415,183
430,185
443,194
455,207
467,222
473,242
471,261
457,272
432,275
417,278
403,276
390,275
340,271
330,258
325,239
end box1
727,209
729,202
736,196
742,193
749,192
776,192
785,193
790,201
792,209
792,218
790,227
785,233
775,234
767,234
761,234
755,235
748,236
740,236
729,235
725,228
726,218
end box2
899,162
928,137
955,117
985,111
1009,113
1028,113
1046,112
1067,109
1091,111
1130,112
1158,128
1176,162
1181,199
1170,227
1135,241
1091,241
1065,240
1046,239
1027,240
1006,245
977,251
934,246
896,230
890,202
end box3
464,208
469,200
474,191
480,185
490,186
499,186
506,185
515,186
524,186
532,191
540,199
544,208
546,220
546,232
542,244
531,246
516,243
507,242
499,242
489,243
476,245
467,242
464,230
463,219
end box4
552,189
552,185
554,182
557,180
561,180
570,181
574,180
576,182
579,185
580,189
581,193
581,197
579,201
576,203
571,202
561,201
558,201
555,199
553,196
553,192
end box5
569,189
569,186
570,184
571,182
573,182
575,181
578,181
580,182
582,182
584,184
585,186
586,188
586,191
586,193
586,197
583,198
580,198
578,198
575,198
573,198
571,197
569,195
569,193
569,191
end box6
652,193
653,191
655,190
656,189
665,188
668,189
670,191
671,193
671,196
671,199
670,202
667,202
657,202
654,202
652,201
652,198
652,196
end box7
554,190
554,188
554,186
556,184
558,184
565,184
567,185
569,186
570,188
571,190
571,193
571,196
571,199
568,200
566,201
563,200
560,200
558,200
556,199
554,197
553,193
end box8
622,181
622,179
623,177
624,176
626,176
633,176
635,177
636,178
637,180
638,183
638,185
637,188
634,189
632,189
625,189
623,188
621,187
621,185
621,183
end box9
end total10boxes
