540,176
541,174
542,172
543,171
545,170
552,170
554,171
556,173
557,175
557,178
557,181
556,183
554,184
551,184
544,184
542,184
540,182
540,180
540,178
end box0
483,177
484,174
487,170
490,168
494,168
504,168
509,168
512,170
516,173
518,177
518,182
518,187
516,192
511,193
505,192
494,192
489,192
485,191
484,186
483,182
end box1
612,226
611,221
610,213
611,202
614,184
624,159
635,160
646,181
650,201
651,212
650,220
652,226
651,231
651,237
649,244
648,254
648,280
639,298
621,298
614,273
615,249
613,241
612,236
612,231
end box2
444,209
444,205
445,200
446,192
449,181
456,167
464,162
471,178
474,192
474,200
475,205
476,209
475,213
473,217
473,222
475,234
475,253
467,257
453,255
446,249
447,229
448,221
446,217
445,213
end box3
640,125
641,124
643,123
645,122
647,122
649,122
651,123
652,124
653,126
654,128
654,131
653,133
653,135
652,137
649,139
647,139
644,139
642,138
640,136
640,134
end box4
642,128
643,127
644,126
645,125
646,125
648,125
649,126
650,127
651,128
652,130
651,131
651,133
651,135
650,136
648,137
646,138
645,137
643,136
642,135
642,134
end box5
656,97
657,97
658,96
660,96
662,96
663,97
664,98
664,100
664,103
664,104
663,106
661,107
659,107
658,107
656,106
655,105
end box6
576,144
577,144
579,143
580,144
581,145
582,146
582,147
582,150
582,151
581,152
580,153
578,153
577,153
576,152
575,151
end box7
594,176
595,175
596,175
597,175
599,176
599,177
600,178
600,183
599,184
598,186
596,186
595,186
594,184
593,183
end box8
594,139
597,139
599,139
600,140
600,141
600,147
600,149
598,150
596,150
595,150
593,149
592,148
end box9
582,128
583,129
584,130
584,133
583,134
582,135
581,136
578,136
577,135
576,134
575,133
end box10
671,90
672,90
675,90
676,90
677,91
678,98
677,100
675,101
673,101
672,101
670,100
669,99
end box11
591,126
593,126
594,126
595,127
596,128
596,130
596,133
596,135
595,136
593,137
591,137
590,137
588,136
587,135
end box12
525,111
526,110
528,110
530,111
531,111
531,118
530,120
529,121
527,121
526,121
524,120
end box13
527,160
529,160
530,161
530,161
531,162
532,163
532,164
531,165
531,167
531,168
529,168
528,168
527,168
526,167
end box14
509,157
510,156
511,156
512,156
513,157
513,157
514,158
514,159
514,160
514,161
514,162
513,163
512,164
511,164
510,164
509,163
end box15
548,157
549,157
549,158
550,159
550,161
550,163
549,164
547,164
546,164
545,164
544,163
end box16
527,123
528,122
530,122
532,122
532,124
532,131
531,133
529,133
528,133
527,132
end box17
415,154
416,154
417,153
419,153
420,154
420,155
420,164
419,165
417,166
416,165
415,164
end box18
end total19boxes
