553,164
553,162
554,161
556,160
558,159
566,159
568,160
569,162
570,164
571,167
571,170
570,173
567,173
564,173
559,173
557,173
554,173
553,172
552,169
552,167
end box0
587,174
587,172
588,170
589,168
591,167
598,166
601,167
603,169
604,171
605,174
605,177
605,180
604,183
602,185
599,186
593,186
590,186
587,185
586,182
586,177
end box1
1202,207
1203,203
1204,199
1205,194
1208,188
1213,184
1219,182
1227,181
1231,188
1231,196
1231,202
1232,206
1231,211
1232,216
1231,221
1231,230
1227,237
1220,237
1211,238
1202,242
1201,230
1202,220
1201,214
1202,210
end box2
559,159
560,158
561,158
562,158
563,158
564,158
565,159
565,160
566,161
566,162
566,163
566,165
565,166
563,166
562,167
561,166
560,166
559,165
558,164
end box3
547,163
548,160
551,158
553,156
556,156
563,156
566,156
569,157
572,160
574,163
574,167
574,171
572,174
568,175
564,174
555,175
551,174
548,173
546,170
546,166
end box4
596,172
597,168
600,165
602,163
606,162
615,162
620,162
623,164
626,167
627,171
627,176
627,180
625,185
621,186
616,186
609,186
604,187
600,187
597,184
596,180
596,176
end box5
773,206
773,202
774,196
776,190
779,181
786,166
795,162
802,172
807,185
807,194
808,201
809,206
808,211
807,216
806,222
807,234
806,252
797,256
783,254
776,244
776,228
775,220
773,215
773,211
end box6
640,159
640,158
641,157
642,157
643,157
644,158
645,159
645,160
645,161
645,162
645,163
645,164
645,166
644,167
642,167
641,167
640,166
639,164
end box7
511,163
511,162
512,160
513,160
514,160
515,162
516,163
516,164
516,165
516,166
516,167
516,168
516,170
515,172
514,173
512,172
511,170
510,168
end box8
528,161
528,160
529,159
530,159
531,159
532,160
533,161
533,162
533,163
533,164
533,165
533,167
533,168
532,169
530,170
529,169
528,168
527,166
end box9
625,159
625,159
626,158
627,158
628,158
629,158
629,159
630,160
630,161
630,162
630,163
630,164
629,165
628,166
627,167
626,166
625,165
624,164
end box10
670,162
670,161
671,160
672,160
673,160
674,161
675,162
675,163
675,164
675,165
675,166
675,167
675,169
674,170
672,171
671,170
670,169
669,167
end box11
541,160
541,160
542,159
543,159
544,159
545,159
546,160
546,161
546,162
546,163
546,164
546,165
545,166
544,167
543,168
542,167
541,166
540,165
end box12
590,126
591,125
593,125
594,126
594,126
595,127
595,131
595,132
593,133
592,133
591,133
590,132
589,131
end box13
641,126
642,125
643,125
645,125
646,125
647,126
648,127
648,128
648,130
648,132
647,133
646,133
644,134
643,133
642,133
641,132
end box14
671,97
690,96
691,99
691,105
689,108
671,107
671,104
end box15
595,109
595,108
596,107
597,107
598,107
599,108
600,109
600,110
600,114
600,116
599,117
597,117
596,117
595,116
594,115
end box16
621,123
623,121
633,120
635,121
637,124
636,135
634,136
624,136
621,136
620,133
end box17
604,109
605,108
606,108
607,108
608,109
609,110
609,117
608,118
606,119
605,119
604,117
end box18
607,123
608,122
610,122
611,123
612,124
612,131
611,132
608,132
607,131
end box19
686,141
687,140
688,140
689,140
691,141
691,142
692,143
692,148
691,149
690,150
688,151
687,150
685,150
end box20
451,210
452,207
452,203
451,195
453,188
459,184
466,184
473,187
475,194
474,202
475,206
475,210
475,213
476,217
475,221
474,228
472,236
467,241
459,240
454,234
453,226
452,220
452,216
451,213
end box21
361,224
362,218
362,211
362,199
367,192
376,188
387,188
397,190
402,199
402,211
402,218
403,224
405,230
404,236
404,245
402,254
396,262
387,266
375,269
365,268
361,255
359,245
359,236
360,229
end box22
447,194
448,190
448,185
449,178
452,169
458,159
465,161
471,170
474,179
476,184
477,189
478,193
477,197
476,202
476,207
475,215
473,225
467,231
457,229
451,224
450,212
450,205
449,201
448,197
end box23
360,194
361,188
363,182
366,175
370,166
378,154
387,151
394,161
399,173
402,180
403,187
404,193
404,199
402,205
400,211
400,222
396,235
388,239
376,238
368,233
366,218
365,209
363,204
362,199
end box24
end total25boxes
