365,216
372,206
382,194
390,186
402,185
414,186
425,185
437,186
450,186
461,191
473,204
478,215
476,232
477,250
472,262
454,264
436,260
424,259
414,259
403,260
386,262
368,262
364,249
364,233
end box0
573,194
576,189
581,184
586,181
591,180
596,180
601,180
606,180
613,180
617,183
622,189
625,194
627,202
627,210
624,217
616,217
607,215
601,214
596,214
589,216
580,219
574,217
571,209
573,201
end box1
529,193
530,191
533,187
535,185
538,184
548,184
553,184
555,187
559,190
560,193
561,198
561,203
560,208
555,209
549,208
537,208
532,209
529,207
528,202
528,198
end box2
571,180
571,178
573,176
575,175
585,175
587,175
589,177
591,180
591,183
591,186
590,189
586,190
576,190
573,190
571,188
570,186
570,183
end box3
367,187
368,184
370,181
373,179
376,178
385,178
389,178
392,180
395,183
396,186
396,191
396,195
393,198
389,200
385,200
382,200
379,200
375,200
372,199
368,198
367,194
366,190
end box4
577,176
582,176
583,176
584,177
585,179
585,180
585,182
585,184
583,185
582,185
579,185
577,185
576,184
575,183
end box5
554,186
555,184
556,183
558,182
567,182
570,183
571,185
572,188
572,191
572,194
571,197
569,198
566,199
560,199
558,198
555,198
554,196
553,191
end box6
538,193
538,191
540,189
542,187
544,187
551,186
554,187
556,188
558,190
559,193
559,196
560,200
559,204
556,205
552,204
543,204
540,204
538,202
537,199
537,196
end box7
853,173
854,172
854,172
855,171
855,171
859,171
860,171
860,172
861,173
861,174
861,175
861,177
860,177
858,178
857,178
856,178
855,177
854,177
853,176
853,175
853,174
end box8
595,191
596,187
597,183
600,180
604,180
608,180
611,180
615,180
619,180
622,182
625,186
626,190
627,195
627,200
626,206
622,207
616,207
604,206
599,206
595,204
594,199
594,195
end box9
851,173
852,171
853,170
855,169
856,169
863,168
865,169
866,170
868,172
868,175
868,178
867,180
864,180
856,180
853,180
851,179
850,177
850,175
end box10
563,192
564,189
566,186
568,183
571,183
574,183
580,183
584,183
587,185
589,188
590,192
589,195
589,199
588,204
585,205
570,206
565,206
563,204
563,199
563,195
end box11
568,190
568,188
570,186
571,184
573,184
581,183
583,184
585,187
585,189
585,192
585,194
584,197
582,199
571,200
569,199
568,197
568,194
568,192
end box12
821,172
821,171
822,170
823,170
824,170
825,171
826,172
826,173
826,174
826,175
826,176
826,178
826,179
825,180
823,181
822,180
821,179
820,177
end box13
772,164
772,163
773,161
774,161
775,162
776,163
777,164
777,165
777,166
777,167
777,168
777,169
777,171
776,173
775,175
773,173
772,171
end box14
671,146
671,145
672,143
674,141
676,140
677,139
680,139
682,139
684,141
686,142
688,144
689,146
689,149
689,152
687,154
685,156
683,158
680,158
677,158
675,156
673,155
672,153
671,151
670,149
end box15
823,146
829,146
830,146
831,147
831,149
831,150
831,152
831,154
830,155
828,156
825,155
823,155
822,154
end box16
826,157
827,157
827,158
828,159
827,161
828,163
827,164
825,164
824,164
823,164
822,163
821,162
end box17
530,173
531,172
532,172
533,172
534,173
534,173
535,174
535,175
535,176
535,177
535,178
534,179
533,180
532,180
531,180
530,179
529,178
end box18
704,172
705,171
706,170
707,170
708,170
709,171
710,172
710,173
711,174
711,175
711,176
711,178
710,179
709,180
707,181
706,180
705,179
704,178
end box19
676,190
677,188
678,188
680,188
681,190
682,191
682,200
680,202
679,203
676,202
675,201
end box20
444,165
445,164
446,164
447,164
448,164
449,165
449,166
450,167
450,168
450,169
450,171
449,172
448,172
446,173
445,172
444,172
end box21
365,127
365,125
367,124
369,123
371,123
372,123
375,124
376,126
377,127
377,134
376,136
375,138
373,139
371,139
368,139
366,139
365,137
364,135
end box22
675,182
677,179
681,178
683,179
684,208
681,208
676,207
674,206
end box23
682,162
683,163
684,165
684,168
683,170
682,171
680,172
675,171
674,170
673,169
end box24
644,163
644,163
645,162
646,162
647,162
648,163
648,163
649,164
649,165
649,166
649,167
649,168
649,169
647,170
646,171
645,170
644,169
643,168
end box25
465,175
466,175
467,175
468,175
469,175
470,176
470,177
471,178
471,179
471,180
471,182
470,183
469,183
467,184
466,183
465,183
end box26
817,146
819,144
820,144
829,144
831,145
832,147
833,154
832,157
830,159
828,160
820,159
818,158
817,156
end box27
525,189
525,189
526,188
527,188
528,188
529,188
530,189
530,190
531,191
530,192
530,193
530,194
529,195
528,196
527,196
526,196
525,196
524,195
524,194
end box28
559,178
560,177
563,177
564,177
565,178
566,179
566,180
566,181
566,183
566,184
565,185
564,186
562,186
561,186
560,185
559,184
end box29
674,172
676,171
679,171
680,172
681,174
682,182
681,184
680,185
678,186
675,185
674,184
end box30
567,160
568,160
568,161
569,162
569,164
569,166
568,167
566,167
565,167
564,167
563,166
end box31
end total32boxes
