1037,189
1060,175
1076,166
1092,162
1103,160
1114,160
1123,159
1133,161
1147,160
1168,161
1190,168
1203,188
1203,209
1196,224
1169,231
1088,233
1062,234
1037,226
1031,211
end box0
552,176
553,173
555,170
557,167
559,166
563,167
569,167
574,166
576,168
579,172
579,176
579,179
579,183
577,188
574,190
570,189
563,190
558,191
554,191
552,188
551,183
552,179
end box1
554,177
554,175
555,173
556,172
558,171
559,170
562,169
564,170
566,170
568,172
569,174
569,176
569,179
569,181
568,184
566,185
564,186
562,186
559,187
556,187
554,186
553,183
553,181
553,178
end box2
763,220
763,214
764,207
766,198
771,185
778,169
787,174
795,192
799,201
800,209
801,215
803,220
802,225
801,229
798,234
797,241
796,255
789,274
776,277
770,260
769,242
767,235
764,231
763,225
end box3
495,171
496,170
497,167
499,166
500,168
501,170
501,171
502,173
502,174
502,175
501,176
502,178
501,179
500,182
499,184
497,183
496,179
495,178
end box4
510,161
510,160
511,159
512,159
513,159
514,160
515,161
515,162
515,163
515,164
515,165
515,166
515,168
514,169
512,170
511,169
510,168
509,166
end box5
505,169
506,168
507,166
508,165
510,166
511,168
511,170
511,171
512,172
511,173
511,174
511,176
511,177
510,179
509,182
507,181
506,178
505,176
end box6
541,172
542,170
543,169
544,168
546,169
547,170
547,172
548,173
548,175
547,176
548,178
547,179
546,181
545,183
543,182
542,179
541,178
end box7
496,163
496,162
497,161
498,160
499,161
500,162
501,163
501,164
501,165
501,166
501,167
501,169
501,170
500,172
499,173
497,172
496,170
495,168
end box8
528,159
528,159
529,158
530,158
531,158
532,159
532,159
533,160
533,161
533,162
533,163
533,164
532,165
531,166
530,166
529,166
528,165
527,164
end box9
479,172
480,170
481,168
482,168
484,169
485,170
485,172
485,173
486,174
486,175
485,176
486,178
485,179
484,181
483,183
481,182
480,179
479,177
end box10
587,145
592,144
593,145
594,146
594,151
593,152
592,153
589,153
588,152
587,151
end box11
559,127
560,126
561,126
566,126
567,126
567,127
568,133
566,135
565,135
563,136
562,135
560,135
559,134
end box12
591,157
592,156
593,156
594,157
595,157
596,158
596,159
597,164
596,165
595,166
593,166
592,166
591,165
590,164
end box13
563,111
564,110
565,110
566,110
568,111
568,111
569,113
569,116
569,118
568,119
567,120
565,121
564,121
563,119
562,118
end box14
606,130
607,129
608,129
609,129
610,128
611,129
612,130
613,131
613,132
613,134
613,136
612,137
611,138
609,138
608,138
607,137
606,136
end box15
546,143
550,143
551,143
551,144
552,145
552,149
551,150
549,150
548,150
547,150
546,149
545,148
end box16
585,126
586,125
600,125
601,127
600,139
599,140
585,139
584,137
end box17
588,129
597,128
597,129
598,131
598,134
598,136
596,137
589,137
588,137
587,135
end box18
560,110
561,109
563,108
565,107
567,108
569,109
570,111
570,113
570,115
570,116
570,118
570,120
569,123
567,125
565,125
562,125
560,123
559,121
end box19
409,121
428,120
429,123
429,129
427,131
409,131
408,128
end box20
558,122
560,120
562,120
564,120
566,120
568,121
569,122
570,124
569,133
568,135
566,136
564,137
561,137
559,136
558,134
557,132
end box21
583,139
583,140
584,147
582,148
576,147
end box22
561,137
563,137
563,138
564,144
562,146
556,146
555,145
end box23
459,208
459,205
460,200
463,199
467,198
470,199
472,202
472,207
471,210
471,212
471,213
472,216
472,218
472,222
470,226
467,228
463,228
460,224
459,220
459,217
459,215
end box24
452,190
452,187
452,183
453,179
455,172
460,163
466,161
471,169
473,177
474,182
475,186
475,190
474,193
473,196
472,199
472,204
471,214
467,220
459,218
456,210
455,202
455,198
454,195
453,193
end box25
end total26boxes
