787,227
809,199
838,181
865,175
890,173
910,174
929,175
949,174
967,180
990,189
1021,205
1045,228
1054,264
1045,288
1010,303
980,311
951,306
863,304
826,306
795,288
783,262
end box0
768,204
775,195
786,184
796,177
807,177
818,177
828,177
838,178
851,178
865,181
877,191
879,204
878,220
875,234
866,245
850,244
790,251
775,249
768,236
768,221
end box1
638,176
638,174
638,172
640,170
642,170
647,170
649,170
651,171
653,173
654,175
654,178
654,180
653,183
651,184
648,184
641,184
639,183
638,182
637,179
637,177
end box2
750,193
753,187
757,181
761,175
767,173
774,172
788,172
798,172
807,174
809,182
780,220
774,222
764,225
755,225
750,219
748,209
749,201
end box3
319,189
322,182
328,177
335,176
341,176
355,177
362,176
367,178
372,184
378,190
381,198
380,205
372,209
362,209
356,210
351,209
346,210
342,209
337,208
327,207
321,204
320,197
end box4
539,179
539,177
541,175
542,174
544,174
551,174
553,174
555,176
556,178
556,181
556,184
555,186
553,187
550,187
543,187
541,187
539,185
539,183
538,181
end box5
660,172
660,172
661,171
662,171
663,171
664,171
665,172
665,173
666,174
666,175
666,176
666,178
665,179
663,179
662,179
661,179
660,179
659,178
end box6
643,172
644,172
645,171
647,171
648,172
649,173
650,174
651,175
650,176
650,178
650,179
649,180
648,181
646,181
645,181
644,180
643,179
end box7
417,188
418,185
421,182
423,180
426,180
429,180
432,180
434,180
438,180
440,182
444,185
445,188
446,192
446,196
444,200
440,201
435,200
432,200
429,200
426,200
422,200
418,199
417,195
417,192
end box8
584,195
588,190
595,185
600,182
605,182
610,181
615,181
620,182
626,181
631,184
638,189
643,194
644,203
643,211
638,218
630,219
594,220
588,218
583,210
584,203
end box9
511,186
511,183
512,180
514,176
517,174
520,177
521,181
522,184
522,187
522,189
522,190
521,192
521,194
521,198
521,204
518,206
514,205
512,200
511,195
511,193
end box10
674,106
675,105
676,105
677,105
678,106
679,107
679,114
678,115
676,116
675,115
674,115
end box11
632,144
633,143
635,143
636,143
637,144
637,145
638,146
638,147
638,148
638,150
637,151
635,151
634,151
633,151
632,151
631,150
end box12
462,173
463,172
464,172
465,172
466,173
466,173
467,174
467,175
467,176
467,177
467,178
467,180
465,180
464,180
463,180
462,179
461,178
end box13
676,161
676,161
677,160
678,160
679,160
680,161
680,161
681,162
681,163
681,164
681,165
681,166
680,167
679,168
678,168
677,168
676,167
675,166
end box14
643,160
644,160
646,160
646,160
647,161
647,161
648,162
648,163
648,164
648,165
647,166
646,166
645,167
644,166
643,166
643,165
end box15
542,159
546,159
546,159
547,160
547,161
547,162
547,163
547,164
546,165
545,166
544,166
543,166
542,165
541,164
end box16
632,157
632,157
634,157
634,157
635,158
636,158
636,159
636,161
636,162
635,163
634,163
633,164
632,163
631,163
631,162
end box17
631,130
631,129
632,128
633,128
634,128
635,129
636,130
636,131
637,132
637,133
637,134
636,136
636,137
635,138
633,138
632,138
631,137
630,136
end box18
528,159
531,158
532,159
532,159
533,160
533,161
533,162
533,163
533,164
532,165
531,166
530,166
529,166
528,165
end box19
515,174
516,173
517,173
518,173
519,174
520,175
521,176
521,177
521,178
521,179
521,181
520,182
519,183
517,183
516,183
515,182
end box20
107,124
108,123
111,123
112,124
113,125
114,126
115,128
114,131
114,133
113,134
111,135
109,135
108,135
106,134
105,133
end box21
658,160
658,160
659,160
660,160
660,160
661,161
661,161
661,162
661,163
661,164
662,165
661,166
660,166
659,167
658,166
657,166
end box22
643,143
644,143
646,143
647,143
648,144
648,145
649,146
649,148
648,150
648,151
647,151
645,152
644,151
643,151
end box23
734,142
735,140
736,138
738,138
740,137
742,137
744,137
746,138
748,139
749,141
749,143
749,146
749,148
749,151
747,153
745,154
742,153
737,153
735,152
734,150
end box24
end total25boxes
