18,230
47,198
74,177
110,174
140,176
160,177
178,178
199,176
224,178
261,181
290,200
317,233
332,275
322,305
279,317
226,313
199,315
180,318
160,317
143,309
114,311
60,319
22,302
13,272
end box0
291,220
294,208
297,197
309,194
323,195
333,196
341,195
350,195
360,196
371,201
380,210
385,221
388,235
389,249
383,260
366,263
352,263
342,263
332,262
323,260
312,257
298,256
293,245
end box1
399,192
400,183
407,177
416,177
440,178
447,178
454,180
461,185
468,193
470,202
469,211
460,216
449,217
442,217
436,217
402,209
400,201
end box2
311,207
319,195
331,188
344,187
355,188
363,190
370,189
377,190
385,190
395,193
407,200
420,209
428,225
424,236
408,243
391,244
379,243
371,242
330,241
318,233
312,222
end box3
454,191
455,183
460,177
468,176
475,177
480,177
485,178
490,178
496,178
502,180
506,185
512,191
515,200
514,208
508,213
498,214
491,214
485,213
480,214
475,213
469,212
462,210
456,205
455,198
end box4
end total5boxes
