533,192
534,189
536,186
539,184
542,184
554,184
557,185
560,188
562,191
562,196
562,200
561,205
557,206
542,204
538,204
534,203
533,199
532,195
end box0
539,191
539,189
541,187
542,186
544,185
553,185
555,186
557,189
558,191
558,194
558,197
557,200
555,201
544,201
541,200
539,199
539,196
539,194
end box1
558,180
563,180
564,180
565,181
565,182
566,183
565,185
565,186
564,187
562,187
560,187
559,187
558,186
557,185
end box2
557,190
557,188
558,186
559,185
561,184
568,184
570,185
571,187
572,189
572,192
572,194
572,197
570,198
567,198
560,198
558,197
557,196
557,193
556,191
end box3
552,183
552,181
554,179
556,178
564,178
566,179
567,180
569,182
569,185
569,188
568,190
565,190
557,190
554,190
552,189
552,187
551,185
end box4
576,182
578,180
582,180
583,180
583,181
584,182
584,183
584,184
584,186
583,186
581,186
579,186
578,186
577,186
576,185
576,184
576,183
end box5
end total6boxes
