566,189
566,187
567,185
569,183
570,182
572,181
575,180
577,181
579,183
581,184
582,186
583,188
583,191
583,193
582,196
580,198
578,200
575,200
572,200
570,198
568,197
567,195
566,193
566,191
end box0
686,129
686,126
687,125
689,123
690,122
692,121
695,121
697,121
699,122
702,123
703,126
703,128
703,131
703,134
702,136
700,138
698,140
695,140
692,140
690,139
688,137
687,135
686,133
686,131
end box1
685,108
686,107
687,105
688,104
690,104
691,103
693,103
695,104
697,105
698,107
698,110
698,111
698,114
697,116
696,118
694,119
692,119
689,119
687,119
686,117
685,115
685,113
end box2
686,109
687,108
688,107
689,107
690,107
692,107
693,107
694,108
695,109
695,111
695,114
695,115
694,117
692,118
690,118
689,118
687,117
686,116
686,114
end box3
639,175
640,174
641,174
642,174
643,175
644,176
644,177
645,178
644,180
645,182
644,183
643,184
641,184
640,184
639,183
638,182
end box4
628,125
629,126
630,127
629,130
629,131
628,132
627,133
624,133
622,132
622,131
end box5
638,141
639,141
640,141
641,141
642,141
643,142
643,147
643,149
642,150
640,150
639,150
638,149
end box6
end total7boxes
