692,158
693,157
697,157
698,157
699,158
699,159
699,160
699,162
699,163
698,164
696,164
695,164
694,164
693,163
692,163
691,162
end box0
727,160
730,160
731,160
732,161
732,162
733,163
732,164
732,166
731,166
730,166
729,166
728,166
727,166
726,165
726,165
end box1
704,158
705,157
705,157
709,157
709,157
710,158
711,159
711,160
711,161
711,163
709,163
708,163
707,164
706,163
705,163
704,163
704,162
end box2
702,163
702,161
703,160
704,158
706,158
713,158
715,159
716,160
717,162
717,165
717,167
716,170
714,170
711,170
705,171
703,170
702,169
701,167
701,164
end box3
689,176
689,174
690,173
690,171
692,170
694,169
696,169
697,169
699,170
701,172
701,174
702,176
702,178
702,180
702,182
700,184
698,185
696,185
693,185
691,184
690,183
689,181
689,179
688,177
end box4
737,177
737,175
738,174
739,173
740,172
742,172
745,171
747,172
749,173
750,175
750,177
750,179
750,181
750,183
748,184
745,184
743,184
741,185
739,185
737,184
736,183
736,180
736,178
end box5
704,172
704,170
705,169
706,167
708,167
710,166
711,166
713,166
715,167
717,168
718,170
719,171
719,174
719,176
718,179
716,179
714,180
711,179
709,179
707,180
705,179
704,178
704,175
704,173
end box6
254,186
254,184
255,182
257,181
268,180
271,181
273,183
274,186
274,189
273,192
272,195
269,196
264,197
256,196
254,194
253,191
253,189
end box7
627,148
631,147
632,148
633,149
633,150
633,151
633,152
633,154
632,155
631,156
629,156
628,155
627,155
end box8
754,158
755,158
756,158
757,158
758,158
759,159
760,160
760,161
760,162
760,163
760,165
759,166
758,167
756,167
755,167
754,166
753,165
end box9
779,155
781,155
782,156
782,158
782,161
782,163
781,164
779,164
777,164
776,164
774,164
773,163
end box10
254,156
254,154
270,153
271,155
271,164
271,167
255,167
254,166
end box11
629,157
630,157
631,157
632,157
633,157
634,158
634,159
634,164
634,165
633,166
631,166
630,166
629,165
end box12
254,173
255,172
256,172
258,172
259,173
260,174
261,175
261,182
260,183
258,184
257,185
255,185
253,183
252,182
end box13
794,171
795,170
797,170
799,170
800,171
800,180
798,181
795,180
793,180
end box14
739,159
743,159
744,159
744,160
745,161
745,162
745,163
745,165
744,165
742,166
741,166
740,166
739,165
738,165
end box15
251,176
251,174
252,173
254,171
256,171
258,170
260,171
262,171
264,173
264,175
265,177
265,180
265,182
264,184
263,187
261,188
258,189
255,188
253,187
251,185
251,183
250,181
250,179
end box16
888,144
888,142
888,141
889,139
891,138
893,137
895,136
897,137
899,138
900,139
901,141
901,143
901,146
901,148
901,150
900,152
897,154
895,154
892,154
890,153
888,151
888,149
888,147
888,145
end box17
545,175
551,174
552,175
553,176
554,178
554,179
554,181
554,183
552,184
550,185
547,184
545,184
544,183
543,182
end box18
741,10
745,9
755,9
757,13
756,46
744,47
740,45
end box19
445,65
452,61
460,61
468,60
471,70
469,112
468,124
460,126
450,128
444,124
444,109
end box20
243,132
243,130
243,128
243,124
245,121
248,120
252,117
256,117
258,120
259,146
257,150
252,150
248,148
245,145
243,141
243,137
243,135
243,133
end box21
end total22boxes
