526,194
526,191
528,187
531,184
535,184
542,183
546,183
550,184
553,187
556,191
556,194
556,199
557,204
556,210
553,211
547,211
534,210
530,209
527,207
527,202
527,198
end box0
571,190
571,188
573,186
574,185
583,185
585,186
587,187
588,189
588,192
588,195
587,197
584,197
575,197
573,197
571,196
571,194
570,192
end box1
553,188
553,186
555,184
556,183
562,184
564,184
566,186
567,187
568,189
568,192
568,194
567,197
566,198
563,199
561,199
558,198
556,198
554,197
553,195
end box2
503,213
503,211
502,207
502,202
504,195
509,188
514,187
519,194
522,201
522,206
522,210
522,213
522,216
522,219
521,222
521,228
520,236
516,242
508,241
504,234
504,225
504,220
503,218
503,216
end box3
688,174
689,173
690,173
691,173
692,174
693,175
694,176
694,181
693,182
692,183
690,184
689,183
688,182
687,181
end box4
680,144
681,143
686,143
687,144
688,152
687,153
685,154
682,154
680,153
679,152
end box5
680,176
681,175
682,175
683,175
684,176
685,177
686,178
686,183
685,184
684,185
682,186
681,185
680,184
end box6
677,157
678,156
680,156
682,156
682,157
683,164
682,166
681,166
679,167
678,166
677,166
676,164
end box7
end total8boxes
