1,245
19,217
39,201
73,199
96,200
114,206
127,213
141,215
156,216
180,219
202,231
229,252
245,283
236,301
200,313
168,318
148,319
130,314
12,299
2,278
end box0
-1,222
41,181
89,165
142,170
173,171
193,171
212,171
233,172
254,177
292,180
340,194
388,227
407,279
382,302
309,311
261,312
236,314
145,308
91,316
24,302
-1,276
end box1
467,188
469,180
476,177
484,177
502,178
507,177
513,179
520,183
527,188
531,197
529,204
518,206
509,207
503,207
477,205
469,202
467,196
end box2
540,181
540,179
541,177
542,176
544,176
549,176
550,177
552,177
553,179
554,181
555,183
555,185
554,187
552,188
550,188
547,188
546,188
544,188
542,188
541,186
540,184
540,182
end box3
555,178
555,176
556,175
558,174
559,173
565,174
567,174
569,176
570,177
570,180
570,182
569,184
567,185
564,185
562,185
559,185
557,185
555,183
555,181
554,179
end box4
end total5boxes
