1051,157
1053,154
1056,151
1059,149
1061,149
1070,149
1073,149
1075,151
1079,154
1081,156
1082,161
1082,166
1080,169
1075,170
1061,169
1056,169
1052,169
1051,165
1050,161
end box0
799,166
800,164
801,162
802,161
805,161
810,161
812,161
814,162
816,164
818,166
818,169
818,172
817,175
814,176
811,175
809,175
806,175
804,175
801,175
799,174
799,171
798,169
end box1
761,166
764,163
766,161
769,161
772,161
780,161
783,161
786,163
789,166
791,170
790,174
787,176
782,176
778,176
776,176
773,176
771,176
768,176
763,176
761,173
760,170
end box2
730,166
731,162
733,160
737,159
740,159
747,159
750,159
753,160
757,162
759,166
760,170
760,174
757,177
752,178
748,178
745,177
742,177
739,177
736,176
732,176
730,173
729,170
end box3
817,165
817,163
818,161
819,160
821,159
823,159
824,158
826,159
828,159
830,160
831,162
832,164
832,167
832,169
832,172
830,173
827,174
825,173
822,173
820,173
818,172
817,171
817,168
816,166
end box4
784,166
784,164
786,163
788,161
790,161
798,161
800,162
802,164
803,166
804,169
803,172
802,175
799,175
796,175
794,175
791,175
789,175
786,175
784,174
784,171
783,169
end box5
842,160
843,157
846,154
848,152
851,152
860,152
863,152
866,153
869,156
871,160
872,164
872,168
870,172
865,173
860,172
851,173
847,172
843,171
841,168
841,164
end box6
746,165
747,162
749,160
752,159
755,159
762,159
764,159
767,160
770,162
773,165
774,169
774,173
771,176
766,176
763,176
760,176
757,176
755,176
752,175
748,174
746,172
745,168
end box7
751,167
751,165
753,163
754,162
756,161
758,161
761,161
763,162
765,163
766,164
767,166
768,169
768,171
767,174
764,175
762,175
760,175
758,175
755,175
753,174
752,173
751,171
751,169
end box8
714,166
716,162
719,160
721,159
725,159
732,159
735,159
738,160
742,162
744,166
745,170
745,174
742,178
737,178
733,178
730,177
727,177
724,178
721,177
717,176
715,173
714,169
end box9
1142,144
1142,142
1144,141
1145,140
1147,139
1155,139
1157,140
1158,142
1159,144
1160,147
1160,150
1158,152
1156,153
1146,153
1143,153
1141,152
1141,149
1141,147
end box10
1161,148
1162,146
1163,144
1164,143
1166,143
1173,142
1175,143
1177,145
1178,147
1178,150
1178,153
1177,155
1175,156
1172,156
1165,156
1163,156
1161,154
1161,152
1161,150
end box11
831,163
831,161
833,160
834,158
836,158
837,157
842,157
844,157
846,158
848,161
848,163
849,166
848,169
848,172
845,173
842,173
840,173
837,173
835,174
832,173
831,171
830,168
830,166
end box12
1052,148
1054,144
1057,142
1059,140
1062,140
1074,140
1077,142
1080,144
1083,147
1084,152
1083,157
1080,160
1076,161
1071,161
1062,160
1058,160
1054,159
1051,156
1051,152
end box13
1060,157
1060,155
1062,154
1064,152
1066,152
1074,152
1076,153
1078,155
1079,157
1079,160
1079,163
1078,166
1076,167
1072,167
1065,167
1062,166
1060,165
1060,162
1060,160
end box14
305,175
308,168
314,164
321,163
327,163
340,164
346,163
351,165
357,170
364,175
366,184
365,191
356,194
346,194
341,195
336,195
331,196
326,196
320,195
312,194
305,190
304,183
end box15
873,163
874,162
875,160
876,159
878,160
878,161
879,163
879,164
879,165
879,166
879,167
879,169
879,170
878,172
877,173
875,173
874,170
873,168
end box16
887,163
887,161
888,159
889,159
891,160
892,161
892,163
892,164
892,165
892,166
892,167
892,168
892,170
891,173
890,174
888,173
887,170
886,168
end box17
871,164
871,162
872,161
873,160
875,158
877,157
878,158
880,160
881,161
881,163
882,165
882,166
882,168
881,170
881,172
879,175
877,175
874,174
873,173
872,170
871,169
871,167
871,166
end box18
1048,142
1049,141
1051,141
1052,142
1052,142
1053,143
1053,144
1053,145
1053,146
1053,147
1052,148
1051,149
1050,149
1049,149
1048,148
1047,147
end box19
1036,143
1037,143
1039,143
1040,143
1041,144
1042,145
1043,146
1042,147
1042,149
1042,150
1041,151
1040,152
1038,152
1037,152
1036,151
1035,150
end box20
955,146
961,145
962,146
963,147
964,149
964,152
963,154
962,155
960,156
955,156
954,154
end box21
end total22boxes
