355,219
359,207
364,196
375,190
387,190
398,190
407,189
418,190
431,190
442,195
449,206
452,219
453,233
452,248
447,256
429,259
419,261
408,260
397,260
387,260
377,258
359,257
356,246
354,232
end box0
472,195
474,189
477,183
483,181
490,181
495,181
500,181
505,182
511,182
516,184
520,190
525,195
527,203
528,212
523,217
514,218
507,218
500,217
495,216
490,216
483,216
476,214
472,209
472,202
end box1
889,188
907,177
921,169
932,166
941,166
950,166
957,164
966,165
976,165
991,166
1009,173
1021,186
1022,204
1017,216
996,222
977,222
966,223
958,223
950,221
942,221
929,222
909,223
888,217
884,206
end box2
1005,188
1021,176
1033,167
1045,163
1056,162
1066,162
1075,162
1084,162
1097,162
1114,163
1130,171
1138,187
1139,205
1135,219
1117,227
1096,226
1084,226
1075,227
1066,226
1057,226
1043,227
1021,228
1004,220
1002,206
end box3
674,202
680,195
686,187
692,182
700,181
708,180
715,180
723,180
732,181
739,185
748,192
752,201
752,212
751,224
746,232
734,233
723,232
715,231
708,231
700,231
691,232
680,229
674,223
673,212
end box4
488,190
488,183
490,176
497,175
504,175
510,175
515,175
520,175
526,176
531,179
534,185
538,190
540,198
541,206
537,211
529,214
522,214
516,213
510,212
505,211
492,202
end box5
36,259
63,224
100,200
135,192
167,193
192,193
215,192
241,191
269,194
302,204
341,227
371,260
381,307
371,341
326,364
287,374
246,364
124,367
84,362
43,338
30,305
end box6
827,186
839,178
848,171
856,166
864,165
872,166
879,166
886,166
896,166
909,167
923,172
927,185
926,198
922,210
909,215
895,215
886,216
879,216
872,217
864,217
853,219
838,217
825,211
824,200
end box7
554,189
554,187
554,185
555,182
557,182
559,181
562,181
564,182
566,183
567,184
568,186
569,188
569,191
569,193
569,196
567,198
564,199
562,199
559,199
557,199
555,197
554,195
end box8
500,180
499,172
502,165
510,164
535,165
541,165
546,169
549,174
553,180
555,188
555,195
551,202
543,204
536,205
530,204
524,203
end box9
735,177
738,170
743,165
749,164
755,165
767,166
773,165
780,166
785,171
789,177
792,184
791,191
783,195
774,195
768,195
764,195
759,195
755,195
749,195
741,194
735,190
734,184
end box10
457,203
461,197
467,192
473,190
478,190
483,190
488,190
493,190
499,190
504,192
511,197
517,203
520,212
518,220
511,225
501,225
494,224
477,224
470,225
462,224
456,219
456,211
end box11
756,187
759,183
763,181
766,180
770,179
777,180
781,179
784,180
789,183
793,186
796,192
794,197
789,200
783,200
778,200
775,199
772,199
769,199
765,199
759,199
755,196
754,192
end box12
799,187
801,181
804,175
809,173
815,171
820,171
825,171
830,172
837,172
843,173
845,180
848,187
848,193
848,200
844,206
837,208
831,208
825,208
819,209
813,210
806,210
799,207
796,201
798,193
end box13
1134,204
1144,194
1153,186
1161,180
1170,179
1179,178
1188,176
1198,176
1210,176
1220,182
1228,191
1235,204
1236,217
1234,229
1224,239
1210,241
1197,240
1188,242
1179,243
1168,244
1154,245
1142,240
1132,230
1131,218
end box14
52,209
55,205
59,204
63,203
74,203
77,204
82,205
86,209
88,213
86,217
81,220
76,220
57,219
53,217
51,213
end box15
795,190
796,186
799,183
801,180
804,178
808,178
811,178
815,178
820,178
823,181
826,185
826,189
826,194
826,198
824,203
821,206
816,206
812,207
807,208
802,208
798,206
795,203
794,198
794,194
end box16
796,179
797,175
799,172
801,169
805,168
809,167
812,167
816,168
821,167
825,169
827,173
827,178
826,183
825,187
824,191
821,194
817,195
812,196
808,196
804,196
799,195
797,192
796,187
796,182
end box17
734,141
735,139
740,138
742,139
744,140
745,141
744,154
742,156
740,156
737,156
735,156
734,153
end box18
737,144
738,143
742,142
743,143
744,144
745,145
745,152
744,153
742,154
740,154
739,154
737,153
736,152
end box19
574,114
575,113
576,113
578,113
579,114
579,124
578,125
577,126
575,125
573,124
end box20
644,175
644,175
645,175
646,175
646,175
647,176
647,176
648,180
647,181
646,182
645,182
644,181
643,181
end box21
end total22boxes
