529,196
529,192
531,189
534,186
551,187
554,189
556,192
558,195
558,200
559,204
557,209
553,211
533,209
530,207
529,203
529,199
end box0
637,159
638,157
639,156
640,154
642,153
644,152
647,152
649,152
651,153
654,154
655,157
657,159
656,162
656,165
655,168
653,170
650,171
647,171
644,171
641,170
639,169
638,167
637,164
637,162
end box1
515,139
517,136
556,135
559,139
559,147
558,150
515,150
514,146
end box2
561,161
562,160
563,160
564,160
565,161
566,162
567,163
567,166
567,168
566,169
565,170
563,171
562,170
561,169
560,168
end box3
566,175
567,176
568,177
568,182
567,183
566,184
564,184
563,184
562,183
561,182
end box4
70,13
71,12
73,10
74,10
77,10
79,10
81,10
82,12
83,15
83,17
83,18
83,21
83,23
82,25
80,27
77,27
74,27
72,26
70,24
70,22
end box5
559,187
561,185
563,185
565,185
566,187
567,188
567,200
565,201
563,202
560,202
559,200
end box6
412,129
413,127
414,126
416,126
419,126
421,126
423,127
424,128
425,130
426,132
426,135
426,137
425,140
424,142
421,143
419,143
416,143
414,142
412,141
411,138
end box7
639,173
650,172
651,173
650,177
650,179
640,179
639,178
end box8
575,186
577,185
578,185
580,185
581,186
582,188
582,198
581,199
579,200
576,199
575,198
end box9
578,177
581,177
582,178
583,179
583,180
583,181
583,182
583,184
582,185
581,186
579,186
578,186
577,185
576,184
end box10
670,192
671,192
672,192
673,192
674,192
675,193
675,198
675,200
674,200
672,201
671,201
670,200
end box11
609,175
610,174
612,174
613,175
613,175
614,176
614,179
614,180
613,181
612,182
611,182
610,182
609,181
end box12
520,159
521,156
549,151
553,155
554,159
554,169
550,173
520,168
end box13
end total14boxes
