568,194
569,188
574,181
579,178
586,178
603,178
610,178
615,181
619,188
623,194
623,202
623,210
620,218
613,219
577,218
571,216
568,209
568,201
end box0
827,221
827,214
833,210
876,210
882,214
884,221
884,230
885,240
880,242
829,243
826,239
end box1
538,145
539,143
540,141
541,140
548,140
550,140
552,142
553,144
553,146
553,149
553,151
553,154
551,156
549,157
546,157
543,157
541,157
538,155
538,153
end box2
526,143
527,142
530,142
531,143
532,144
532,153
530,154
529,155
526,155
525,153
end box3
624,161
625,160
627,160
629,161
630,161
630,168
629,170
628,170
626,171
625,170
624,169
end box4
376,137
380,135
411,135
417,137
417,144
414,147
378,147
376,144
end box5
602,158
603,159
604,160
604,165
603,166
602,167
599,167
598,166
end box6
620,161
621,159
628,159
630,160
631,161
632,172
631,175
629,176
623,176
621,175
619,173
end box7
542,145
543,144
547,143
548,144
549,145
550,146
551,148
551,151
550,153
549,154
547,155
545,155
544,155
542,154
541,153
540,152
end box8
end total9boxes
