463,207
462,200
464,189
470,185
480,185
488,185
495,184
503,186
510,188
514,194
519,202
522,207
523,216
524,226
523,236
516,240
505,239
496,236
488,235
480,237
471,237
467,232
466,223
466,215
end box0
502,188
501,181
502,174
507,171
516,171
522,171
527,171
533,172
539,173
542,178
546,183
549,188
551,195
552,203
549,211
544,214
535,214
528,212
516,211
510,209
507,206
end box1
324,231
325,211
333,193
352,188
374,189
390,193
404,190
419,191
434,193
449,202
464,216
472,232
475,254
473,276
463,288
438,293
421,294
404,289
391,288
376,289
360,288
337,286
end box2
638,189
642,184
647,179
651,175
657,174
662,175
672,176
679,175
686,176
690,182
693,189
693,197
691,204
686,208
678,209
672,210
667,210
662,211
655,212
648,212
640,211
635,205
636,197
end box3
684,201
709,185
731,178
751,177
762,176
772,178
781,176
790,177
802,176
820,179
843,185
867,202
873,224
863,238
829,245
804,243
747,245
721,246
688,239
680,226
end box4
543,189
543,185
544,182
547,179
550,179
557,179
560,179
564,180
565,183
568,186
569,189
569,192
570,197
570,202
567,204
561,203
550,202
546,202
545,199
544,192
end box5
622,182
622,180
623,179
624,177
626,176
628,176
629,175
631,176
634,176
635,177
636,179
637,181
637,184
636,186
636,188
634,189
632,190
629,190
627,191
625,190
623,190
622,188
622,185
622,183
end box6
617,182
618,180
619,177
621,175
624,175
626,175
629,174
631,175
635,175
637,176
640,179
640,182
640,185
639,188
638,192
635,193
632,193
629,193
626,194
623,194
619,194
617,192
616,188
617,185
end box7
430,188
432,185
436,183
449,184
453,184
456,186
459,189
460,192
461,197
461,201
459,206
455,208
450,208
446,208
end box8
577,173
577,173
580,172
581,173
582,173
582,174
583,175
583,176
583,177
583,179
582,180
580,180
579,180
578,180
577,179
576,179
575,178
end box9
544,179
544,175
546,172
548,169
552,169
561,170
565,170
567,172
569,176
570,179
570,182
570,186
569,191
567,193
562,193
551,192
548,191
546,189
545,182
end box10
624,188
625,186
625,185
626,183
628,182
630,181
632,181
634,181
636,182
638,183
638,185
639,187
639,190
638,192
638,194
636,195
634,196
632,197
629,197
627,197
625,196
624,194
624,191
624,189
end box11
608,180
608,178
609,177
610,176
611,175
613,175
614,174
616,175
618,175
620,175
621,177
621,179
621,181
621,183
620,185
618,186
616,187
614,187
612,188
610,188
608,187
608,185
607,183
607,181
end box12
550,175
551,173
553,171
555,171
561,171
564,172
566,173
567,175
568,177
569,180
569,183
568,186
566,187
563,188
553,186
551,184
end box13
593,175
593,175
594,174
595,173
596,173
597,173
597,173
598,173
599,174
599,175
599,176
599,177
599,178
598,179
597,179
596,179
595,179
594,179
593,178
593,178
593,177
593,176
end box14
608,179
608,178
608,178
609,177
609,177
610,176
611,176
612,176
613,176
614,177
614,178
615,179
615,180
615,181
615,183
613,183
612,184
611,184
610,184
609,184
608,183
607,182
607,181
607,180
end box15
16,220
14,206
13,190
18,174
34,169
51,169
65,170
78,178
90,184
96,197
98,209
99,222
102,233
103,246
101,261
94,273
81,281
67,286
50,288
33,288
19,280
15,264
18,245
17,232
end box16
543,186
544,185
547,184
549,184
552,184
554,185
556,186
557,187
559,189
559,191
560,194
559,196
559,199
558,202
555,203
552,203
549,201
end box17
786,130
787,128
787,127
788,125
790,124
792,123
794,122
796,123
798,124
799,125
800,127
801,129
801,132
801,134
800,136
799,139
797,140
794,140
791,140
789,139
788,137
787,135
786,133
786,131
end box18
549,159
549,159
550,160
550,161
550,162
550,163
550,165
550,165
548,166
547,166
546,166
545,165
544,164
end box19
792,144
800,143
801,144
802,151
800,152
793,152
792,151
end box20
485,154
487,152
488,151
495,150
497,151
499,153
500,155
499,165
498,167
496,168
488,168
486,166
485,163
end box21
488,157
489,156
490,155
495,155
496,156
497,157
497,164
496,165
494,166
491,166
489,165
488,164
end box22
674,144
675,144
679,144
680,144
681,146
681,151
680,152
679,153
676,153
674,153
674,151
end box23
end total24boxes
