538,177
538,175
539,174
541,172
543,172
548,171
551,172
553,173
554,175
555,177
555,180
555,183
554,185
552,187
549,187
547,187
544,186
542,186
540,186
538,184
538,182
538,180
end box0
481,178
482,174
485,171
488,168
492,168
503,169
507,168
511,170
514,174
516,178
517,183
517,189
514,193
509,195
503,194
492,194
487,194
483,192
481,187
481,183
end box1
439,196
439,193
439,189
440,184
443,176
448,167
454,166
459,173
462,182
463,187
464,192
464,196
464,199
464,203
462,207
463,214
461,225
455,231
446,230
441,223
441,210
441,205
440,202
439,199
end box2
408,222
408,216
408,208
409,197
414,183
424,165
434,169
443,187
447,201
449,210
450,217
451,223
451,228
449,234
448,240
447,249
445,268
437,283
422,283
415,266
415,246
413,238
411,233
409,228
end box3
593,140
597,140
598,140
599,141
600,142
601,144
600,147
600,149
599,150
597,151
595,151
594,151
592,150
591,149
end box4
577,142
580,141
581,142
582,143
583,144
584,145
583,148
583,149
582,150
581,151
579,151
578,151
577,150
576,149
end box5
577,128
585,127
586,128
587,130
586,133
586,135
585,136
577,135
577,134
end box6
587,141
588,139
589,137
590,136
593,136
595,136
597,136
599,136
601,138
602,140
602,142
602,145
602,147
601,150
600,152
597,153
595,153
592,153
590,152
588,151
587,148
end box7
544,157
548,157
549,157
549,158
550,159
550,160
550,161
550,163
549,164
547,164
546,164
545,164
544,164
543,163
end box8
end total9boxes
