626,179
626,179
630,179
631,179
631,180
632,181
632,182
632,183
632,185
631,186
629,186
628,186
627,186
626,186
625,185
624,184
end box0
558,178
558,177
559,176
564,176
565,176
566,177
567,178
567,179
567,181
567,183
565,183
563,183
562,183
561,183
560,183
558,183
557,182
558,180
558,179
end box1
544,177
544,177
545,176
547,176
548,177
549,177
549,178
550,179
550,180
550,181
550,183
549,183
547,184
546,184
545,184
544,183
543,183
543,182
end box2
576,175
580,175
581,175
582,176
582,177
582,178
582,179
582,181
581,182
579,182
578,182
577,182
576,182
575,181
574,180
end box3
641,176
641,176
644,175
645,176
646,176
646,177
647,178
647,179
647,180
647,182
646,182
644,183
643,183
642,183
641,182
640,182
640,181
end box4
525,180
525,178
526,176
527,175
529,175
534,174
536,175
538,176
539,177
540,179
541,182
541,184
540,187
537,188
535,188
533,188
531,188
529,187
526,187
525,186
524,183
524,181
end box5
391,183
393,180
395,178
397,177
410,177
412,178
415,180
417,183
418,187
418,191
416,194
411,194
408,194
399,194
396,194
392,193
391,190
391,186
end box6
529,176
530,175
531,175
532,175
533,175
534,175
535,176
535,177
536,178
536,179
536,180
536,182
535,183
533,183
532,183
531,183
530,183
529,182
end box7
505,181
505,179
506,177
507,176
509,176
515,177
517,177
519,179
520,180
521,183
521,185
520,188
517,188
514,188
509,188
506,188
505,187
504,185
504,183
end box8
621,181
621,179
623,178
624,177
625,176
632,176
634,177
635,178
636,180
637,183
637,185
636,188
633,188
630,188
627,188
624,188
622,188
620,187
620,185
620,183
end box9
614,178
615,177
616,177
617,177
618,178
618,178
619,179
620,180
620,181
620,182
620,184
619,184
617,185
616,185
615,185
614,184
613,184
end box10
552,176
553,175
555,173
557,172
565,172
567,173
569,174
571,176
572,179
571,182
570,185
566,184
557,185
555,185
552,184
551,181
551,179
end box11
530,144
530,143
531,143
533,143
534,143
535,144
535,145
536,146
536,147
536,148
536,150
535,151
534,151
532,152
531,151
530,151
529,150
end box12
532,157
533,157
533,158
534,159
534,161
534,163
533,164
531,164
529,164
528,164
527,163
end box13
589,130
590,129
591,129
592,129
593,130
593,130
594,137
592,137
591,137
590,137
589,136
end box14
644,162
645,162
646,163
646,164
646,167
645,168
644,169
643,169
642,168
641,168
end box15
667,157
668,157
668,158
668,163
668,164
666,164
664,164
663,163
662,162
end box16
691,73
692,72
693,72
694,72
696,72
697,73
697,74
698,80
697,82
695,83
693,83
692,83
690,82
end box17
631,163
632,164
632,168
631,169
630,170
629,170
628,169
627,169
end box18
1065,162
1065,160
1066,158
1067,157
1069,156
1071,155
1073,155
1074,155
1076,156
1078,157
1079,159
1080,161
1080,164
1080,166
1079,168
1077,170
1075,171
1073,171
1070,171
1068,170
1066,169
1065,167
1065,165
1065,163
end box19
592,141
596,141
596,141
596,147
595,148
593,148
592,147
end box20
end total21boxes
