576,174
576,174
577,174
578,174
579,174
580,174
580,174
581,175
581,176
581,177
581,178
581,179
580,180
579,180
578,181
577,180
576,180
575,179
575,179
end box0
607,175
608,174
608,174
609,173
610,173
611,173
612,174
612,174
613,175
613,176
614,177
613,178
613,180
612,180
611,181
610,181
609,181
608,180
607,180
607,179
end box1
564,172
564,172
565,172
567,172
568,172
568,172
569,173
569,174
569,175
569,176
569,177
568,178
567,178
566,179
565,178
564,178
563,177
563,177
end box2
545,173
545,173
546,172
547,172
548,172
549,173
549,173
550,174
551,175
551,176
551,177
551,179
549,179
548,180
547,180
546,180
545,179
544,179
544,178
end box3
480,175
481,175
481,175
482,175
483,175
484,175
484,175
485,176
485,177
485,178
485,179
485,181
484,181
483,181
482,182
481,181
480,181
479,180
479,180
end box4
513,175
513,175
517,175
518,175
518,176
519,177
519,178
519,179
519,181
518,181
516,182
515,182
514,182
513,181
512,181
511,180
end box5
572,177
573,175
573,174
574,173
576,173
577,172
580,172
581,173
583,174
584,175
585,177
585,178
585,180
584,183
582,183
580,183
577,184
575,184
573,183
572,182
572,180
572,178
end box6
496,173
496,173
497,173
498,173
499,173
500,173
500,173
501,174
501,175
501,176
501,177
501,179
500,179
499,180
498,180
497,179
496,179
495,179
495,178
end box7
528,172
528,172
529,171
530,171
531,171
532,172
532,172
533,173
533,174
533,175
533,176
533,178
532,178
531,179
530,179
529,179
528,178
527,177
end box8
594,173
595,173
595,173
596,173
597,173
597,173
598,173
599,174
599,175
599,176
599,177
599,178
598,179
597,180
596,180
595,179
594,179
594,178
end box9
603,175
603,173
605,172
606,171
607,170
609,170
612,170
614,170
615,171
617,173
618,174
618,177
618,179
617,182
615,182
612,182
610,182
609,182
606,183
604,182
603,181
602,179
602,176
end box10
674,175
674,175
675,174
676,174
677,174
678,174
679,175
679,176
680,177
680,178
680,179
680,181
679,181
677,182
676,183
675,182
674,182
673,181
673,180
end box11
581,162
582,163
583,163
583,164
583,165
583,166
583,167
582,168
581,168
580,168
579,168
578,168
578,167
end box12
596,163
597,163
597,163
598,164
598,165
597,166
597,167
597,167
596,168
595,168
594,168
593,167
593,167
end box13
402,162
406,162
407,163
408,164
409,165
408,168
408,169
407,170
406,171
404,171
403,171
402,170
401,169
end box14
643,175
643,175
644,174
645,174
646,174
647,174
648,175
648,176
648,177
648,178
648,179
648,180
648,182
646,182
645,183
644,182
643,181
642,180
642,180
end box15
566,163
567,163
567,163
567,164
567,165
567,166
567,167
567,168
566,168
565,168
564,168
563,167
end box16
665,158
666,158
667,159
667,160
667,162
667,164
666,165
664,165
662,165
661,165
660,164
end box17
757,189
758,188
759,187
760,187
761,187
762,188
763,189
764,190
764,191
764,192
764,193
764,195
763,196
762,197
760,198
759,198
758,196
757,195
757,194
end box18
659,177
659,176
660,176
661,175
662,176
663,176
664,177
664,178
664,179
664,180
664,181
664,183
664,184
663,185
661,185
660,185
659,184
658,183
end box19
550,145
551,145
552,146
552,147
552,148
552,149
552,150
551,151
550,152
549,152
548,151
547,151
end box20
500,162
501,163
502,163
502,164
502,165
502,166
502,167
501,168
500,168
499,169
498,168
497,168
497,167
end box21
707,177
707,176
708,176
709,176
710,176
711,176
712,177
712,178
713,179
713,180
713,181
713,183
712,184
711,185
709,185
708,185
707,184
706,183
end box22
789,142
790,142
791,142
792,142
793,142
794,143
795,144
795,145
795,149
794,150
793,151
791,151
790,151
789,150
end box23
613,162
614,162
614,163
614,164
614,165
614,166
613,167
612,167
610,167
609,167
609,166
end box24
383,176
384,175
385,175
387,175
388,175
388,176
388,185
387,186
385,186
384,186
382,185
end box25
645,162
646,163
647,163
647,164
647,165
647,166
647,167
646,168
645,168
644,169
643,168
642,168
end box26
1112,125
1113,124
1114,124
1115,124
1116,125
1117,126
1117,133
1116,134
1114,134
1113,134
1112,133
end box27
806,128
807,128
809,128
810,128
811,129
812,130
812,131
812,133
812,135
811,136
810,137
808,137
807,137
806,136
end box28
430,160
430,160
431,160
432,160
432,160
433,160
434,161
434,162
434,163
434,164
434,165
433,166
432,166
431,167
430,166
429,166
end box29
608,106
609,106
610,105
611,105
612,106
613,107
612,114
612,115
610,115
609,115
608,114
end box30
530,163
530,163
531,163
532,163
532,163
533,164
533,164
534,165
534,166
534,167
534,168
533,169
532,170
531,170
530,170
529,169
end box31
end total32boxes
