333,228
352,216
364,206
375,200
386,197
396,196
407,195
418,195
433,194
450,198
468,209
478,226
477,245
474,263
457,270
431,270
418,271
407,271
396,269
387,268
372,270
345,271
329,263
326,247
end box0
456,207
454,200
457,193
463,190
471,190
477,190
482,190
488,191
494,192
498,196
502,202
506,207
507,215
507,223
505,230
498,232
490,232
483,230
477,229
471,230
465,229
461,225
end box1
533,181
534,178
535,175
537,173
540,172
543,173
546,173
549,173
552,173
554,175
556,178
557,181
557,184
557,188
557,192
554,194
550,194
546,193
543,193
540,193
537,193
535,190
534,187
534,184
end box2
502,194
502,191
505,187
508,184
512,184
516,184
519,184
523,185
527,184
530,187
533,191
535,194
536,199
536,205
535,210
530,211
523,209
511,210
507,209
503,208
501,203
501,199
end box3
603,194
604,190
608,185
612,183
617,182
630,183
635,183
639,185
643,190
645,194
645,200
645,207
643,213
639,215
631,213
615,215
607,216
604,214
603,206
604,200
end box4
594,159
598,159
599,159
600,160
600,161
600,162
600,163
600,165
599,166
597,166
595,166
594,166
593,165
592,164
end box5
450,191
452,188
455,185
459,183
462,183
474,184
478,185
482,187
484,191
484,196
483,200
480,204
475,204
458,204
454,203
451,200
451,196
end box6
607,161
608,160
612,160
613,160
614,161
614,162
614,163
614,164
614,166
613,167
611,167
609,167
608,167
607,166
606,165
end box7
603,163
603,161
604,160
606,158
607,158
614,158
616,159
617,160
618,162
618,165
618,167
617,170
615,170
606,171
604,170
603,169
603,166
603,164
end box8
602,177
602,175
603,173
604,172
606,171
613,171
615,172
616,174
617,176
617,179
617,181
616,184
614,185
605,185
603,185
602,183
602,180
601,178
end box9
595,173
596,172
597,172
598,172
599,172
600,172
601,173
602,174
602,175
602,176
602,177
602,179
601,180
600,180
598,181
597,180
596,180
595,179
594,178
end box10
588,163
589,161
590,159
591,158
600,158
602,159
604,160
605,162
605,165
605,167
604,170
601,170
592,170
590,170
589,169
588,167
588,165
end box11
452,160
453,159
454,159
455,159
456,160
457,161
458,167
457,168
456,169
454,170
453,169
452,168
end box12
567,143
568,142
570,142
571,143
572,143
572,144
572,148
572,150
570,150
569,150
568,150
567,149
566,148
end box13
466,158
467,158
468,158
469,158
470,158
470,158
471,159
471,160
471,162
471,163
470,164
469,165
468,165
467,165
466,164
466,163
end box14
573,123
574,122
575,121
576,121
577,122
578,122
579,123
580,124
580,125
580,126
580,127
580,129
579,130
578,131
576,131
575,131
574,130
573,129
end box15
574,142
575,141
577,141
578,142
578,142
579,143
579,147
578,148
577,149
576,149
575,149
574,148
end box16
563,158
563,158
565,158
565,158
566,159
566,159
567,160
567,161
567,162
567,163
566,164
565,164
564,164
563,164
562,163
end box17
end total18boxes
