179,208
197,194
209,183
222,178
235,178
247,177
257,176
268,176
283,175
299,180
316,190
327,207
329,227
327,245
308,253
282,252
268,253
257,255
246,253
237,250
221,251
195,253
177,244
176,227
end box0
350,202
356,196
361,190
367,189
373,189
378,189
383,189
388,189
394,188
402,189
407,195
413,202
416,211
414,220
406,223
395,223
388,224
383,223
378,223
372,224
366,224
354,223
347,220
347,211
end box1
437,192
443,187
448,183
453,182
457,182
461,181
464,181
468,182
473,182
479,182
484,186
490,192
493,199
491,205
482,208
474,209
469,209
465,209
460,210
456,210
450,210
442,209
434,206
434,199
end box2
572,177
572,175
573,174
575,172
577,172
585,172
587,173
588,175
589,177
589,180
589,183
589,186
586,187
583,187
576,186
574,186
572,184
572,182
571,180
end box3
555,181
555,179
556,178
558,176
560,176
567,176
569,177
571,179
573,181
573,184
573,187
572,190
569,191
566,191
559,190
557,190
555,189
554,186
553,184
end box4
657,173
658,172
658,172
659,171
659,171
663,170
664,171
665,172
665,173
665,174
665,175
665,177
664,177
662,178
661,178
660,178
659,178
658,177
657,176
657,175
657,174
end box5
594,174
595,173
596,173
598,173
599,173
600,174
600,175
601,176
601,177
601,178
601,180
600,181
598,181
597,181
596,181
595,181
594,180
593,179
end box6
451,188
458,182
465,179
471,178
475,178
486,178
491,177
497,178
503,182
511,188
514,196
511,202
500,204
492,205
474,205
469,205
460,204
450,202
448,196
end box7
707,145
711,145
712,145
712,146
713,147
713,148
713,149
713,151
712,152
710,152
709,152
708,152
707,151
706,150
end box8
690,160
691,159
692,159
693,159
694,160
694,160
694,161
695,162
695,163
695,164
695,165
694,166
693,167
692,167
691,167
690,166
end box9
657,93
658,92
660,92
661,93
662,101
661,102
658,102
657,102
end box10
end total11boxes
