424,202
425,194
430,191
438,192
449,192
454,193
460,195
464,198
468,203
471,208
471,215
471,222
469,230
464,233
456,233
450,232
444,231
438,230
432,229
429,226
end box0
671,203
673,197
679,189
685,184
693,184
716,184
725,184
731,188
736,196
738,203
739,213
738,223
735,232
727,234
715,232
692,234
680,237
673,234
670,224
672,213
end box1
-71,223
-46,152
0,98
71,87
145,93
196,100
243,95
294,88
350,98
409,120
463,168
503,229
525,315
514,389
451,424
367,440
302,436
245,415
198,408
152,407
81,420
-5,421
-55,378
-71,308
end box2
1029,295
1045,271
1057,249
1077,237
1101,236
1123,236
1142,236
1166,232
1190,233
1214,244
1231,265
1238,293
1241,324
1237,352
1225,377
1197,385
1167,382
1143,375
1124,370
1103,371
1073,377
1042,372
1028,351
1022,324
end box3
497,191
499,187
503,183
506,180
511,180
527,181
530,183
535,187
538,191
539,197
539,203
536,208
529,209
510,208
505,208
500,207
497,202
497,196
end box4
540,180
540,178
541,176
542,174
544,174
549,174
551,174
553,175
554,177
555,179
555,182
555,184
555,187
553,188
550,189
548,188
545,188
543,188
541,187
540,186
540,183
539,181
end box5
594,175
594,174
595,173
595,173
599,173
599,173
600,174
601,175
601,176
601,177
600,179
599,179
598,179
597,179
596,179
595,179
594,179
594,178
594,177
594,176
end box6
562,176
562,176
563,175
565,175
566,176
566,176
567,177
568,178
568,179
568,180
568,182
567,182
565,183
564,183
563,183
562,182
561,181
561,181
end box7
444,197
444,191
447,184
452,182
460,182
465,182
470,182
475,183
481,184
485,187
490,192
493,197
495,205
495,212
492,219
485,221
477,221
470,220
465,219
454,218
449,215
446,209
445,204
end box8
548,160
549,160
550,160
551,160
552,160
553,161
554,162
555,163
555,164
554,166
554,167
553,168
552,169
550,169
549,169
548,168
547,167
end box9
531,140
532,139
533,139
534,138
536,138
537,139
538,140
539,141
539,143
539,144
539,146
538,147
537,149
536,150
534,150
533,150
531,149
531,147
end box10
578,161
579,161
580,161
581,161
582,161
583,162
583,163
584,164
584,165
584,166
584,168
583,169
582,170
580,170
579,169
578,169
577,168
end box11
576,174
576,174
577,174
579,174
580,174
580,174
581,175
581,176
581,177
581,178
581,179
580,180
579,181
578,181
577,180
576,180
575,179
575,179
end box12
562,131
566,131
567,131
568,132
569,133
570,134
570,135
570,137
569,138
568,140
567,140
565,140
564,140
563,139
562,138
end box13
757,139
758,139
761,139
762,139
763,140
763,149
761,150
758,150
756,149
end box14
597,158
598,158
600,158
601,158
601,158
602,159
602,160
602,161
602,162
602,163
601,164
600,165
599,165
598,165
597,164
596,163
end box15
511,171
512,170
514,170
515,171
516,171
517,173
518,178
517,180
515,181
512,181
510,180
end box16
562,138
565,137
566,138
567,139
568,140
569,141
569,142
568,144
568,145
567,146
566,147
564,147
563,147
562,146
561,145
end box17
534,188
535,188
536,187
537,188
538,189
539,190
540,191
540,196
539,197
538,198
536,199
535,198
534,197
end box18
615,140
616,141
617,142
618,143
618,146
617,147
616,148
615,149
611,148
610,147
end box19
495,174
496,173
497,173
498,173
499,174
500,175
501,176
501,181
500,183
499,183
497,184
496,184
494,183
end box20
489,147
489,145
490,143
491,142
496,141
498,141
500,141
502,142
504,144
504,146
504,149
504,151
503,153
502,155
497,156
490,154
489,152
488,150
488,148
end box21
579,140
580,140
582,140
583,140
584,141
584,142
584,143
584,145
584,146
584,147
582,148
581,148
580,148
579,148
end box22
end total23boxes
