475,192
475,190
476,188
478,187
489,187
491,188
493,190
494,192
495,195
495,198
493,201
490,202
480,201
477,202
475,200
474,197
474,195
end box0
504,195
504,193
506,192
508,191
510,190
517,191
519,191
521,193
523,195
523,198
523,201
522,204
519,204
516,203
509,204
506,204
504,203
504,200
503,198
end box1
621,192
622,190
623,189
624,188
625,188
631,188
633,188
635,190
635,192
636,194
636,196
635,198
632,198
630,198
625,199
623,198
621,197
621,195
621,193
end box2
623,192
624,191
624,190
624,190
625,189
629,189
630,190
631,191
631,192
631,193
631,194
631,196
630,197
628,197
627,197
626,197
625,197
624,196
623,195
623,194
623,193
end box3
543,187
543,187
544,187
548,186
549,187
550,188
550,189
551,190
551,192
551,193
549,194
547,194
546,194
545,194
544,194
543,193
542,192
end box4
529,189
530,189
533,189
534,189
535,190
536,191
537,192
537,193
537,195
537,197
535,197
534,197
532,198
531,197
530,197
528,196
528,195
end box5
312,194
314,191
316,187
320,186
324,186
333,186
337,186
340,188
344,191
346,194
348,199
347,204
345,209
339,210
334,210
319,208
314,207
312,203
312,199
end box6
556,188
557,187
558,186
558,186
563,185
564,186
565,187
566,188
566,189
566,191
566,193
564,193
562,193
560,193
559,193
557,193
556,192
556,190
556,189
end box7
523,194
523,192
524,190
525,189
527,189
534,189
536,190
537,191
538,193
539,196
539,199
538,201
536,202
533,202
526,201
524,201
523,200
522,198
522,196
end box8
639,190
640,189
640,189
641,188
641,188
645,187
646,188
646,189
647,190
647,191
647,192
647,194
646,194
644,195
642,195
641,195
640,194
639,193
639,192
end box9
580,188
580,188
581,187
582,187
583,187
584,187
585,188
585,189
586,190
586,191
586,192
586,194
585,195
583,195
582,195
581,195
580,194
579,194
579,193
end box10
561,179
564,179
565,179
566,180
567,181
567,182
567,183
567,185
566,185
564,185
563,186
562,185
561,185
560,185
559,184
end box11
544,180
547,180
548,180
549,181
549,182
549,183
549,184
549,186
548,186
547,186
546,187
545,186
544,186
543,185
end box12
638,193
639,191
640,190
641,189
642,189
649,188
650,189
652,190
653,192
653,195
653,197
651,199
649,199
642,200
640,200
638,198
638,196
637,194
end box13
613,189
618,188
619,189
620,190
621,191
621,192
621,194
621,196
619,196
618,197
616,197
615,196
614,196
613,195
612,194
end box14
479,130
479,129
480,129
481,128
482,129
483,129
483,130
483,131
484,132
484,133
484,134
484,135
484,137
483,138
481,139
480,138
479,137
479,135
end box15
498,132
498,131
499,130
500,130
501,130
502,131
502,131
502,132
503,133
503,134
503,135
503,136
502,137
501,138
500,139
499,138
498,137
498,136
end box16
287,148
287,147
288,146
289,146
290,146
291,147
292,148
292,149
292,150
292,152
292,153
292,155
291,156
289,157
288,156
287,155
end box17
673,159
674,159
679,159
680,159
680,160
680,166
679,168
678,168
675,168
673,168
673,166
end box18
672,177
673,176
675,176
676,177
677,178
678,184
677,185
676,186
673,186
671,186
671,184
end box19
658,174
662,174
662,174
663,175
663,179
662,180
661,181
660,181
659,181
658,180
658,179
end box20
528,159
529,159
531,159
532,159
532,159
533,160
533,161
533,162
533,163
533,164
532,165
531,166
530,166
529,166
528,165
end box21
648,177
649,177
650,178
650,179
650,180
650,181
650,182
649,183
648,184
647,184
646,184
645,183
end box22
625,139
626,139
627,139
628,139
629,139
630,140
630,147
629,148
627,148
626,148
625,147
end box23
578,178
580,173
581,167
584,163
590,162
606,161
612,162
616,165
618,172
619,177
619,183
618,189
617,197
614,201
607,200
600,198
595,199
588,200
582,200
581,195
580,183
end box24
end total25boxes
