427,206
434,198
441,188
447,182
457,182
467,182
475,182
483,182
494,183
504,186
513,196
519,205
519,219
520,234
514,242
496,242
484,241
475,240
466,239
458,239
447,240
431,240
426,231
426,219
end box0
660,209
663,203
669,196
675,193
683,193
700,194
708,193
715,195
719,203
723,209
725,219
724,227
720,234
710,235
700,233
681,235
671,237
663,235
658,228
660,218
end box1
622,163
622,161
623,159
624,158
626,157
634,157
635,158
637,160
637,162
637,165
637,167
637,170
635,171
625,172
623,171
622,169
622,166
622,164
end box2
-5,275
4,242
17,214
45,198
77,194
107,201
132,207
157,208
182,214
206,229
226,252
243,280
249,315
246,347
226,369
197,389
166,392
135,384
108,383
79,386
46,387
14,373
0,344
-5,312
end box3
605,175
605,173
606,171
607,170
609,170
616,170
618,171
619,172
620,174
621,177
621,179
620,182
618,183
615,183
608,183
606,183
604,181
604,179
604,177
end box4
624,160
625,159
632,159
633,160
633,162
633,163
633,165
633,167
632,168
625,168
624,167
623,166
end box5
721,161
722,160
723,159
724,159
725,159
726,160
727,161
728,162
729,163
729,164
729,166
728,167
727,168
726,169
724,170
723,169
722,168
721,167
720,166
end box6
543,177
543,176
544,175
545,175
546,175
547,176
548,177
548,178
549,179
549,180
549,181
549,183
548,184
547,185
545,186
544,185
543,184
542,183
end box7
723,173
724,172
725,172
726,172
727,173
728,174
729,175
729,176
729,177
729,178
729,180
728,181
727,182
725,182
724,182
723,181
722,180
end box8
740,157
741,157
742,157
743,157
744,157
745,158
745,159
746,160
746,162
746,164
745,165
744,165
742,166
741,165
740,165
739,164
end box9
738,178
738,176
739,175
740,173
741,172
743,171
745,170
747,171
748,172
750,174
751,176
751,178
751,180
751,182
751,184
749,186
747,188
745,188
742,188
740,187
739,185
738,183
737,181
737,179
end box10
738,175
739,175
740,174
741,174
742,174
743,175
744,176
745,177
746,178
745,179
745,181
745,182
744,183
743,184
741,185
740,185
738,184
738,182
737,181
end box11
577,139
578,139
580,139
581,139
582,140
583,146
582,147
581,148
579,148
578,148
577,147
end box12
542,185
543,184
544,184
545,184
546,184
547,185
547,186
547,188
547,189
547,190
546,191
545,192
544,192
543,192
542,191
541,190
end box13
525,163
526,161
528,159
543,158
545,160
547,163
547,166
547,170
545,172
528,173
525,171
524,169
524,166
end box14
527,163
539,159
541,161
542,162
542,165
542,167
541,169
539,170
529,169
528,168
528,166
end box15
624,160
625,159
632,159
633,160
633,162
633,163
633,165
633,167
632,168
625,168
624,167
623,166
end box16
718,164
718,162
719,161
720,159
721,158
723,157
725,157
726,157
728,158
730,160
731,162
731,163
731,166
731,168
731,170
729,172
727,173
725,174
722,173
720,172
719,171
718,169
717,167
717,165
end box17
437,173
438,173
439,173
440,172
441,173
442,174
442,175
443,180
442,181
441,182
439,182
438,181
437,181
end box18
577,139
578,139
580,139
581,139
582,140
583,146
582,147
581,148
579,148
578,148
577,147
end box19
end total20boxes
