176,238
207,214
232,198
256,190
277,190
294,186
310,183
330,181
353,183
385,187
413,205
431,234
436,269
423,292
388,308
351,309
275,306
247,311
209,310
174,295
163,272
end box0
749,247
761,225
782,202
800,188
824,185
848,191
867,195
889,195
910,198
929,207
950,227
961,249
969,279
965,308
954,329
921,331
889,323
850,317
826,327
793,336
764,329
746,310
746,279
end box1
291,157
292,153
295,151
318,152
321,156
321,170
320,174
316,176
294,175
290,174
290,169
end box2
609,156
610,156
611,156
612,156
613,156
614,157
614,158
615,163
614,164
612,164
611,165
610,164
609,164
608,163
end box3
end total4boxes
