779,207
778,202
777,196
779,189
782,178
790,158
797,155
805,173
808,187
809,195
809,202
808,206
808,211
808,215
806,219
806,228
806,247
800,263
787,262
782,239
783,222
781,217
779,214
779,210
end box0
300,244
300,235
300,224
303,212
309,190
322,166
332,174
345,201
351,217
353,228
354,237
357,244
358,252
355,259
352,266
349,276
347,297
338,324
317,329
307,308
307,277
304,266
299,260
298,252
end box1
813,209
812,204
812,198
813,191
816,179
824,159
831,163
839,178
844,188
844,197
844,203
845,208
844,213
843,217
842,221
841,229
840,244
834,260
821,263
815,244
816,226
815,220
813,217
813,212
end box2
372,225
372,218
372,210
375,202
380,188
389,167
396,172
406,192
411,203
413,212
414,219
415,225
415,230
412,235
408,239
407,245
405,260
400,286
385,291
378,270
379,247
377,240
373,236
372,230
end box3
265,240
264,234
263,225
264,213
268,194
278,172
290,172
301,194
306,213
307,225
306,233
306,240
306,245
305,251
303,257
302,267
302,292
294,315
276,315
268,290
269,264
268,256
265,250
265,245
end box4
424,214
424,211
423,207
424,201
426,192
432,177
438,176
444,187
447,198
447,205
447,210
447,214
447,217
447,221
446,224
444,229
444,242
440,258
430,259
426,238
427,226
425,223
424,220
424,217
end box5
22,270
20,254
21,236
24,209
34,171
57,148
79,160
98,198
108,226
111,244
111,259
111,271
112,282
109,293
107,305
112,335
110,380
88,396
50,399
26,393
25,345
27,311
25,296
23,283
end box6
576,180
576,179
577,177
578,177
579,178
580,179
581,180
581,181
581,182
581,183
581,184
581,185
581,187
580,189
579,190
577,189
576,187
575,185
end box7
592,179
592,178
593,177
594,176
595,177
596,178
597,179
597,180
597,181
597,183
597,184
597,186
596,187
595,189
593,188
592,186
end box8
495,190
496,189
497,188
498,188
499,188
500,189
501,190
502,191
502,192
502,193
502,194
502,196
501,197
500,198
498,199
497,198
496,197
495,196
end box9
548,160
549,161
550,162
550,163
550,164
550,165
550,167
549,168
548,168
546,169
545,168
544,168
543,167
end box10
753,121
754,121
755,121
757,120
758,121
758,123
758,130
757,132
755,132
754,132
752,131
end box11
end total12boxes
