756,205
771,192
785,182
798,176
810,176
821,176
831,175
842,176
856,176
872,179
891,188
900,204
900,223
895,240
878,248
855,247
841,246
831,247
821,248
809,250
793,252
770,252
754,242
752,225
end box0
557,195
560,191
565,187
569,185
574,185
578,185
581,185
585,185
590,185
594,187
599,192
603,195
606,203
606,210
601,214
593,215
587,213
572,214
566,215
559,214
556,208
556,202
end box1
594,189
594,185
595,181
597,179
601,179
605,179
608,179
611,179
615,180
616,183
619,186
620,189
621,193
621,197
621,202
617,204
613,204
608,203
605,202
602,202
598,201
596,198
596,195
595,192
end box2
690,178
691,176
692,174
693,173
695,172
703,171
706,172
707,175
707,177
707,180
707,182
706,185
704,186
701,187
699,187
696,187
694,187
691,186
690,184
690,182
690,180
end box3
585,180
586,176
589,173
592,172
595,172
604,172
607,172
610,174
614,176
616,179
617,184
617,189
614,193
610,194
591,192
587,191
585,187
585,184
end box4
691,144
692,143
696,143
697,144
698,145
698,150
697,151
696,151
693,151
692,151
691,150
end box5
625,156
629,156
630,156
630,157
630,161
630,162
628,163
627,163
626,163
625,162
end box6
644,144
645,143
648,142
649,143
650,144
651,150
650,151
649,152
647,152
646,152
645,151
644,150
end box7
595,141
596,140
598,140
600,141
601,141
601,143
601,148
600,150
599,150
597,151
596,150
594,150
594,148
end box8
707,142
708,141
715,141
716,142
716,149
715,150
708,150
707,149
end box9
625,145
626,144
627,144
628,144
629,145
630,146
631,152
630,153
629,154
627,155
626,154
625,153
end box10
679,159
680,159
681,161
682,166
680,168
679,168
676,168
674,167
674,166
end box11
696,157
697,158
697,159
698,164
697,165
696,165
693,165
692,165
691,164
end box12
660,161
661,160
663,160
664,160
665,161
665,162
665,167
665,168
664,168
662,169
661,168
660,168
end box13
498,119
500,118
510,118
511,120
511,136
499,136
498,134
end box14
709,129
710,128
711,128
714,127
716,128
717,128
717,129
718,134
718,135
717,137
715,137
713,137
712,137
710,137
709,136
709,134
end box15
850,61
868,61
868,63
868,69
866,71
850,70
849,68
end box16
611,158
615,158
616,158
616,159
617,164
616,165
614,165
613,165
612,165
611,165
end box17
708,126
710,125
713,124
715,124
718,125
719,126
720,137
718,139
716,140
709,140
708,138
end box18
781,140
782,139
785,139
786,140
787,141
788,149
787,150
785,151
784,152
782,151
780,150
end box19
721,122
722,121
731,121
733,123
733,135
732,137
722,138
720,136
end box20
675,144
680,143
681,144
682,145
682,150
681,151
680,151
677,151
676,151
675,150
end box21
726,142
727,142
728,143
728,150
727,151
725,151
722,151
720,151
719,150
end box22
783,120
785,119
797,119
799,122
798,141
784,142
782,140
end box23
end total24boxes
