223,213
234,204
241,196
250,193
259,193
266,194
273,193
280,194
288,194
298,197
310,202
319,213
322,226
319,237
308,243
289,241
280,241
273,243
266,242
259,242
250,242
235,241
223,236
221,225
end box0
38,217
55,196
76,185
99,183
115,183
129,183
141,182
153,183
169,184
184,190
203,202
228,219
236,244
230,263
200,269
166,266
151,266
141,270
128,272
116,270
103,267
69,270
44,262
39,242
end box1
405,193
411,188
416,184
421,183
425,183
436,183
441,183
446,183
452,187
458,193
461,200
459,207
450,209
442,210
437,210
433,210
428,210
424,210
419,210
410,210
402,207
402,200
end box2
289,202
299,192
307,186
317,184
326,183
333,184
340,183
347,184
355,184
365,187
378,192
388,202
392,217
390,229
376,234
358,234
348,233
340,233
333,232
326,232
318,231
303,231
290,226
287,215
end box3
504,181
506,178
508,175
511,174
513,174
521,174
525,173
527,175
531,178
533,181
533,185
534,189
531,193
527,194
522,193
512,193
509,193
505,192
504,188
504,184
end box4
521,180
521,177
522,176
524,174
526,174
531,174
533,174
535,175
537,177
538,179
538,182
539,185
538,188
535,189
532,189
530,188
527,188
525,188
523,187
521,186
521,184
521,182
end box5
529,175
530,175
531,175
533,175
534,175
535,176
536,177
536,178
537,179
537,181
537,182
535,183
534,184
532,184
531,184
530,183
529,182
528,181
end box6
448,191
449,187
451,184
454,182
458,182
467,182
471,182
474,184
477,187
479,191
480,195
479,200
478,204
473,205
468,205
464,204
461,204
457,204
454,204
450,202
449,198
448,195
end box7
625,144
629,144
630,144
630,145
631,146
631,147
631,148
631,150
630,151
628,151
627,151
626,151
625,151
624,150
end box8
394,170
398,170
399,171
400,172
400,177
399,178
398,179
395,179
394,178
393,177
end box9
625,129
626,129
628,129
629,129
630,130
630,131
631,134
630,136
630,137
629,138
627,138
626,138
625,137
end box10
394,165
399,165
401,165
401,166
402,168
402,169
402,171
402,173
401,174
399,174
397,175
396,174
394,174
393,173
393,171
end box11
514,160
515,161
515,161
516,162
516,163
516,164
516,165
515,166
514,166
513,166
512,166
511,166
511,165
end box12
625,129
626,129
628,129
629,129
630,130
630,131
631,134
630,136
630,137
629,138
627,138
626,138
625,137
end box13
end total14boxes
