583,193
584,189
590,182
594,178
600,178
606,178
611,178
617,178
624,178
627,182
632,189
635,193
635,201
635,209
633,217
628,219
598,218
587,221
584,218
583,209
584,201
end box0
451,186
452,178
459,175
469,176
475,176
482,177
488,178
494,179
498,184
502,189
506,195
507,203
508,211
505,219
498,221
489,222
482,221
476,220
470,220
463,218
458,214
end box1
322,201
322,183
328,167
345,162
364,162
378,163
391,162
404,164
419,166
432,174
443,187
449,202
452,220
451,239
443,250
419,253
405,257
392,257
379,255
368,251
337,245
end box2
499,179
501,175
504,172
507,171
511,172
521,172
524,173
528,175
531,178
532,183
532,188
528,191
523,191
519,191
503,189
500,186
500,183
end box3
565,179
566,176
568,173
571,171
574,171
577,171
583,171
586,171
589,172
593,175
594,179
594,183
594,187
592,190
588,192
583,192
580,191
577,191
574,191
570,190
567,189
565,186
565,182
end box4
572,178
572,176
573,175
575,173
577,173
579,172
581,172
583,172
585,173
587,173
589,176
590,178
590,181
590,184
589,187
586,188
583,189
581,188
578,188
576,188
573,187
572,186
571,183
571,181
end box5
163,215
185,191
209,174
236,169
258,167
275,170
290,172
307,173
326,176
350,180
376,193
398,216
408,248
400,272
368,284
333,287
310,286
291,285
273,289
253,294
230,294
196,286
165,274
160,248
end box6
1,218
1,207
2,194
9,183
23,183
36,187
46,188
56,190
68,191
77,197
79,208
79,219
82,230
82,242
81,257
74,265
59,265
47,266
36,267
22,269
4,270
0,261
end box7
555,179
556,177
557,175
558,174
560,173
562,172
564,172
565,172
568,173
569,174
571,176
572,178
572,181
572,183
571,186
569,188
566,189
564,188
561,188
559,188
557,187
556,185
555,183
555,181
end box8
597,179
599,175
602,173
606,172
619,172
623,173
627,175
630,178
632,183
631,188
627,191
622,192
604,190
599,190
596,187
596,183
end box9
586,178
586,176
587,174
588,173
590,172
592,172
593,171
595,172
597,172
599,173
601,175
601,177
601,180
601,182
600,185
598,186
596,187
594,186
591,187
589,187
587,186
586,184
585,182
585,179
end box10
447,178
449,175
453,172
456,172
470,173
473,174
478,175
482,178
483,183
481,188
477,190
449,186
447,183
end box11
542,177
542,175
543,173
544,172
546,171
548,171
550,170
551,171
553,171
555,172
556,174
557,176
557,179
557,181
557,184
555,185
552,186
550,186
547,186
545,185
543,184
542,182
542,180
541,178
end box12
659,191
660,188
664,185
666,183
669,183
678,183
681,183
684,185
687,187
690,190
691,195
691,200
688,204
683,204
678,203
669,203
664,204
660,203
658,199
658,195
end box13
80,203
83,192
86,181
93,172
103,167
115,165
126,165
137,169
147,173
153,182
158,192
162,203
164,213
162,225
158,237
149,243
136,245
125,249
115,250
104,248
92,244
85,236
82,224
81,213
end box14
557,147
561,147
562,148
563,149
563,150
563,151
563,153
563,154
562,155
561,156
559,156
558,156
557,155
556,154
end box15
184,22
185,12
189,2
198,-2
208,-4
218,-4
227,-5
236,-3
247,-2
255,2
261,12
262,22
262,33
261,44
257,53
245,56
234,57
226,59
219,60
210,59
199,57
191,52
187,43
185,33
end box16
495,143
496,142
500,142
501,143
502,144
502,149
501,150
500,151
497,151
496,150
495,149
end box17
559,174
560,174
561,173
562,173
563,173
564,174
565,174
566,176
567,177
567,178
567,180
567,181
565,183
564,183
562,184
561,183
559,183
558,181
558,180
end box18
545,172
546,172
547,171
548,171
549,171
550,172
551,173
552,174
552,175
552,176
552,177
552,179
551,180
550,181
548,181
547,181
546,180
545,179
end box19
483,143
487,143
488,144
489,145
489,150
488,151
487,152
485,152
484,152
483,151
482,150
end box20
659,143
660,143
662,143
663,143
664,144
665,145
665,146
665,148
665,150
664,151
663,152
661,152
660,152
659,151
658,150
end box21
657,174
658,174
659,174
660,174
661,174
662,175
662,176
663,177
662,179
663,181
662,182
660,182
659,183
658,182
657,182
656,181
end box22
690,161
691,161
692,161
693,161
694,161
695,162
695,163
696,168
695,169
694,170
692,170
691,169
690,169
689,168
end box23
657,159
661,159
662,160
663,161
663,166
662,167
661,168
659,168
658,167
657,167
656,166
end box24
691,128
692,127
693,127
694,127
696,128
697,128
697,129
697,135
696,136
695,137
693,138
692,137
690,137
689,136
end box25
676,176
676,176
677,175
678,175
679,175
680,176
680,176
681,177
681,178
681,179
681,180
681,181
681,182
679,183
678,184
677,183
676,182
675,181
end box26
597,163
597,163
598,164
599,165
599,166
599,167
599,169
598,170
596,170
594,170
593,169
592,169
end box27
end total28boxes
