496,170
496,168
496,165
497,161
498,153
502,145
508,143
512,149
515,158
515,163
515,167
515,170
515,173
514,176
514,179
515,186
514,195
509,199
500,201
496,196
496,183
497,178
496,175
496,173
end box0
582,252
581,246
581,237
582,224
585,200
597,164
610,160
624,195
628,221
628,236
628,245
630,252
628,259
625,264
624,271
621,280
622,309
615,350
592,350
584,313
587,278
585,270
583,264
581,258
end box1
500,162
499,160
500,158
500,155
501,151
504,145
508,144
511,148
512,153
513,157
513,159
513,161
513,164
513,166
513,168
512,172
512,179
508,183
503,182
501,174
501,169
500,167
500,165
500,163
end box2
557,251
555,241
557,230
559,214
566,190
582,156
598,152
615,176
623,206
626,225
627,239
626,251
625,261
623,270
622,281
627,310
623,348
605,356
575,353
560,336
555,302
559,279
558,268
556,260
end box3
870,91
871,90
872,90
873,90
875,90
876,91
876,98
875,100
874,100
872,101
871,101
869,100
end box4
end total5boxes
