1033,248
1044,226
1060,203
1078,190
1101,187
1123,187
1143,187
1167,187
1193,187
1216,195
1234,219
1232,245
1235,275
1230,304
1226,331
1194,330
1164,325
1143,320
1125,317
1105,320
1074,328
1043,325
1031,306
1029,277
end box0
270,212
274,205
280,200
287,198
293,199
315,198
321,200
327,206
332,212
334,221
332,229
326,234
316,235
308,233
298,233
292,235
283,236
275,235
269,229
270,220
end box1
809,199
824,175
841,153
866,145
892,141
913,144
933,143
955,142
979,147
1007,154
1026,174
1033,200
1039,232
1033,261
1015,275
973,274
951,280
933,284
913,285
896,279
870,279
824,281
808,265
806,234
end box2
143,219
148,213
155,207
161,204
167,204
183,205
190,204
197,206
205,211
210,218
212,228
210,237
203,242
192,242
184,241
178,240
173,240
166,242
158,243
148,242
142,237
142,228
end box3
80,194
81,192
82,190
83,189
85,189
92,189
94,190
96,191
97,193
97,196
97,199
96,201
93,201
84,201
82,201
80,200
80,198
80,196
end box4
606,205
632,190
654,184
670,182
680,181
689,181
698,180
706,182
718,181
736,182
760,187
781,204
783,225
772,239
741,245
665,247
641,248
608,241
601,228
end box5
523,207
535,196
547,188
558,186
568,187
576,187
583,187
590,188
600,187
614,187
628,193
637,206
637,221
634,234
618,239
600,238
590,238
583,241
576,241
569,238
558,239
539,240
524,235
521,223
end box6
103,194
103,193
104,191
105,189
107,188
117,187
119,189
121,191
120,203
117,204
106,206
104,205
103,202
103,197
end box7
63,195
64,193
65,191
66,190
68,190
73,189
75,190
77,191
78,192
79,194
80,197
80,199
79,202
76,203
74,203
72,203
69,203
67,203
65,202
64,201
63,199
63,197
end box8
538,210
541,204
544,197
549,194
555,194
561,194
566,194
571,195
578,194
585,196
588,203
590,209
590,216
589,223
586,228
578,231
572,232
566,231
561,232
555,232
548,232
540,230
537,224
537,217
end box9
84,193
84,192
85,191
85,191
86,190
90,190
91,191
92,192
93,193
93,194
93,196
93,198
91,198
90,198
87,198
86,198
84,198
84,197
84,195
84,194
end box10
51,195
51,193
53,191
54,190
56,189
58,189
61,189
63,189
65,190
67,192
68,194
68,197
68,200
67,202
65,203
62,204
60,203
57,203
55,203
53,203
51,201
51,199
51,197
end box11
32,194
32,191
33,189
35,188
37,188
42,188
44,189
46,189
48,191
49,193
49,196
49,199
48,201
46,202
43,203
41,202
38,202
36,202
34,202
33,200
32,198
32,196
end box12
23,193
23,189
26,186
29,185
32,185
40,186
43,186
46,187
50,189
52,193
53,197
53,201
51,205
46,206
41,206
38,205
25,203
23,200
23,196
end box13
261,214
261,212
262,210
263,209
265,208
267,208
268,207
270,208
272,208
274,209
275,211
276,213
276,216
276,218
276,221
273,222
271,223
269,223
266,223
264,223
262,222
260,220
260,218
260,216
end box14
70,192
71,191
72,191
73,191
74,191
75,191
76,192
77,193
77,194
77,195
77,197
77,198
76,199
75,199
73,200
72,199
71,199
70,198
69,197
end box15
13,195
13,191
15,188
18,187
21,187
27,187
29,187
33,187
35,189
38,191
40,195
41,199
41,203
39,207
35,208
30,208
27,208
14,205
13,202
13,198
end box16
494,188
495,188
497,188
498,188
499,189
500,190
500,195
499,196
498,197
496,197
495,197
494,196
end box17
556,158
557,157
558,157
560,157
561,158
562,159
562,168
560,169
558,170
557,169
555,168
end box18
107,190
108,189
113,189
115,190
116,191
116,198
114,199
112,200
109,200
107,200
106,199
105,197
end box19
556,170
557,169
559,169
561,169
562,170
562,177
561,179
560,179
557,179
555,179
end box20
106,122
107,122
110,121
111,122
111,132
110,133
108,133
107,133
105,132
end box21
111,186
115,175
118,162
126,151
139,151
178,151
193,151
202,158
207,173
207,186
205,200
204,214
200,226
189,233
177,234
164,232
152,234
137,238
123,239
115,229
112,214
111,200
end box22
111,186
115,175
118,162
126,151
139,151
178,151
193,151
202,158
207,173
207,186
205,200
204,214
200,226
189,233
177,234
164,232
152,234
137,238
123,239
115,229
112,214
111,200
end box23
end total24boxes
