590,180
592,177
596,172
600,170
604,170
612,169
617,169
622,169
626,172
631,176
633,180
634,187
633,193
631,199
625,200
617,198
603,199
596,200
592,198
590,192
590,186
end box0
618,182
618,179
619,175
622,174
625,174
634,174
637,174
639,176
642,179
643,182
643,185
643,190
643,194
639,195
635,195
631,194
625,194
622,193
619,191
618,185
end box1
280,170
283,158
291,145
303,140
317,140
328,139
339,140
350,141
363,141
379,144
389,155
389,170
387,186
388,202
381,212
363,214
350,215
339,215
328,215
318,213
303,214
284,214
279,202
280,186
end box2
621,177
622,175
623,174
625,173
631,174
634,174
635,175
637,177
637,179
638,182
638,185
637,187
635,189
632,189
623,188
end box3
398,183
400,179
403,176
406,175
420,176
424,177
428,179
430,183
432,187
432,192
428,195
423,196
418,196
409,195
405,195
400,194
398,191
397,187
end box4
647,158
648,158
648,159
648,164
648,165
646,165
645,165
644,165
643,164
642,163
end box5
606,144
609,144
610,144
611,145
611,146
611,148
611,149
610,150
609,151
608,151
607,151
606,150
606,149
end box6
693,117
697,113
724,115
729,117
728,169
724,169
699,168
696,165
end box7
548,140
552,139
553,140
553,141
554,142
554,144
554,146
553,147
551,147
549,147
548,147
547,146
end box8
607,128
611,127
612,128
612,129
612,134
612,135
611,135
609,135
608,135
607,135
606,134
end box9
622,160
623,159
624,159
625,159
626,160
626,160
627,161
627,162
627,163
627,164
627,165
627,167
625,167
624,168
623,167
622,166
end box10
661,160
663,160
664,161
664,161
665,162
665,164
665,165
664,166
663,166
662,167
661,166
660,166
end box11
691,172
691,172
692,171
693,171
694,171
695,172
696,172
696,173
697,174
697,175
696,176
696,177
696,178
694,179
693,179
692,179
691,178
690,177
690,177
end box12
626,140
626,140
628,140
629,141
629,141
630,145
629,146
628,146
627,146
626,146
625,146
end box13
611,112
612,112
614,112
615,112
616,113
616,120
615,121
613,121
612,121
611,120
end box14
675,159
676,158
678,158
679,159
680,159
680,160
680,161
680,163
680,164
680,165
678,166
677,166
676,166
675,165
674,164
end box15
end total16boxes
