413,203
421,192
430,182
442,178
454,179
463,179
472,178
481,179
492,179
504,182
518,192
528,203
528,219
527,235
515,241
493,242
482,241
472,239
463,238
456,237
445,237
425,239
416,231
413,218
end box0
510,203
511,198
514,191
518,187
525,187
531,187
536,187
541,188
548,189
551,193
556,199
559,203
561,211
561,219
558,226
552,227
543,226
536,225
531,225
525,225
519,225
514,222
512,216
512,209
end box1
603,194
604,190
607,188
610,185
613,185
622,185
626,185
629,187
632,190
635,193
635,198
636,203
633,208
628,208
623,207
612,208
607,208
603,207
601,202
602,198
end box2
717,181
718,179
719,178
721,176
723,176
731,176
733,177
735,179
736,181
736,184
736,187
735,190
732,190
729,190
722,190
719,190
717,189
717,186
717,184
end box3
621,193
621,191
622,189
623,188
625,187
627,187
632,187
634,188
636,189
637,191
639,193
639,196
639,199
638,202
636,204
633,204
630,204
627,203
625,203
623,202
621,201
620,198
620,196
end box4
753,193
753,191
754,189
755,188
757,187
767,187
769,188
770,190
771,193
770,196
770,199
770,202
768,203
765,204
759,204
756,204
754,203
752,201
752,198
752,196
end box5
702,182
702,180
703,178
704,177
706,176
708,176
709,176
711,176
713,177
715,178
716,179
717,181
717,184
717,186
716,189
714,190
712,190
710,190
707,190
705,190
703,189
702,188
702,185
702,183
end box6
602,194
602,192
605,190
606,188
608,188
610,187
615,187
618,188
620,189
622,191
623,194
624,197
624,201
622,204
619,205
616,205
610,205
607,206
604,205
602,203
601,200
601,197
end box7
7,76
8,74
34,73
36,76
35,81
35,84
8,84
7,81
end box8
2,108
2,103
4,96
6,89
13,88
20,88
27,90
31,95
30,104
32,108
31,113
32,117
33,121
31,125
30,133
26,137
20,142
13,141
6,139
5,130
3,125
1,121
2,116
end box9
5,130
5,127
8,125
28,127
30,130
30,142
30,146
27,148
7,147
4,145
end box10
end total11boxes
