362,220
367,213
373,204
379,197
389,196
398,195
407,194
417,195
427,196
435,201
445,211
447,219
445,233
445,245
442,256
430,258
416,255
406,253
398,254
389,255
376,257
365,256
362,244
362,233
end box0
436,193
437,189
439,186
441,182
445,181
461,182
462,185
465,189
466,192
466,197
466,201
465,206
462,209
457,208
444,208
441,207
438,205
437,200
437,196
end box1
524,193
525,191
526,189
527,188
529,187
531,187
534,186
537,187
539,188
540,190
541,192
541,195
541,197
540,200
538,201
535,201
530,202
528,202
525,202
524,200
524,197
524,195
end box2
513,189
513,189
514,188
515,188
516,188
517,188
518,189
519,190
519,191
519,192
519,193
519,195
518,196
516,196
515,196
514,196
513,196
512,195
511,194
end box3
473,194
474,192
475,190
476,189
478,189
485,189
487,190
489,191
490,193
491,196
490,199
489,201
486,201
477,202
475,202
473,201
472,198
472,196
end box4
493,191
494,190
494,190
495,189
495,189
499,189
500,189
500,190
501,191
501,192
501,193
501,195
500,196
498,196
497,196
496,196
495,196
494,195
493,194
493,193
493,192
end box5
526,193
527,192
527,191
528,191
529,190
530,190
531,190
533,191
534,191
534,193
535,194
535,195
534,197
534,198
533,199
532,200
530,200
529,200
527,200
526,199
526,197
end box6
478,192
478,191
479,190
479,190
480,189
484,189
485,190
486,191
486,192
487,193
486,195
486,196
485,197
483,197
482,197
481,197
480,197
479,196
478,195
478,194
478,193
end box7
491,192
491,190
493,189
494,188
495,187
502,187
503,188
505,190
506,191
507,194
507,196
506,199
503,199
500,199
495,199
492,199
490,198
490,196
490,194
end box8
561,193
562,192
563,191
564,191
565,191
566,192
567,193
567,194
568,199
567,200
566,201
564,202
563,201
562,200
561,199
end box9
0,20
5,8
14,11
19,20
22,84
16,90
3,92
0,80
end box10
460,174
461,174
463,174
464,174
464,174
465,175
465,179
464,180
463,181
462,181
461,181
460,180
end box11
end total12boxes
