369,227
381,214
391,200
403,193
417,191
430,191
441,189
454,191
470,191
487,196
500,209
507,226
507,245
506,265
496,274
469,276
455,277
442,277
430,275
418,274
402,275
375,275
366,264
364,246
end box0
697,217
701,204
712,190
723,181
740,183
765,184
779,183
797,181
808,189
819,203
822,216
822,236
823,255
819,273
802,274
715,276
701,272
697,255
698,236
end box1
658,160
658,160
663,159
664,160
665,161
666,162
666,163
666,165
666,167
664,167
663,167
660,167
659,167
658,166
657,165
end box2
652,164
652,162
653,161
655,159
656,159
663,159
665,160
666,161
667,163
667,166
667,168
667,171
664,171
655,172
653,171
652,170
651,168
651,165
end box3
637,177
637,175
638,173
639,172
641,172
646,171
648,172
650,173
651,174
652,176
653,179
653,181
652,184
649,185
647,185
644,185
642,185
640,185
638,184
637,183
636,181
636,179
end box4
642,174
643,173
644,173
645,173
646,173
647,173
648,174
649,175
649,176
649,177
649,178
649,180
648,181
647,181
645,182
644,181
643,181
642,180
641,179
end box5
557,190
558,188
559,187
559,185
561,184
563,184
564,184
566,184
568,185
570,186
571,188
571,190
572,192
572,194
571,196
569,198
567,198
565,198
562,198
560,198
558,197
557,196
557,193
557,191
end box6
791,159
791,158
800,158
801,160
801,168
799,169
792,169
790,168
end box7
628,163
629,163
630,164
631,165
631,166
631,168
630,169
629,170
628,170
625,170
624,170
623,169
end box8
787,175
788,174
799,173
801,174
803,177
803,188
801,190
790,189
788,188
786,186
end box9
616,159
617,160
618,161
618,162
618,164
617,165
616,166
611,166
610,165
end box10
689,141
691,141
692,142
692,142
693,143
693,144
693,145
693,146
692,147
691,147
690,147
689,147
688,147
688,146
end box11
594,146
595,145
597,145
598,146
599,147
600,148
600,153
599,154
598,155
596,156
595,155
594,155
end box12
790,158
791,157
800,157
802,159
803,171
801,173
791,174
789,172
end box13
707,158
712,157
713,158
714,159
714,160
714,161
714,162
714,164
713,165
711,165
709,165
708,165
707,164
706,163
end box14
562,174
563,174
564,174
565,174
566,174
567,175
567,176
567,177
567,179
567,180
567,181
565,182
564,183
563,182
562,181
561,180
end box15
789,175
789,174
798,175
798,176
799,183
797,184
790,185
789,183
end box16
554,163
565,161
566,163
566,164
566,166
565,168
555,167
555,165
end box17
593,154
594,154
596,153
597,154
598,155
598,162
597,163
595,163
594,163
593,162
end box18
end total19boxes
