464,209
470,202
477,193
482,188
491,187
499,187
506,186
514,187
523,188
531,191
541,199
545,207
544,220
544,232
539,240
526,241
514,238
506,238
499,238
491,239
479,241
468,239
463,231
463,220
end box0
602,186
602,184
605,183
607,183
617,183
619,184
621,186
622,189
621,192
619,194
616,194
605,194
602,194
601,191
600,189
end box1
627,176
627,176
630,176
631,176
632,177
632,178
632,179
632,180
632,181
631,182
630,182
629,183
628,182
627,182
626,181
626,181
end box2
642,174
642,174
646,174
646,174
647,175
647,176
647,177
647,178
647,180
646,180
645,180
644,181
643,180
642,180
641,180
641,179
end box3
462,193
462,192
463,191
464,190
465,191
466,192
467,193
467,194
467,195
467,196
467,197
467,198
467,200
466,201
464,202
463,202
462,200
461,198
end box4
448,191
448,190
449,189
450,188
451,189
452,190
453,191
453,192
454,193
453,194
453,195
453,197
453,198
452,199
450,200
449,200
448,198
447,196
end box5
432,205
433,201
435,197
438,195
441,198
442,203
442,206
442,208
442,210
442,211
442,213
442,214
441,217
441,224
439,227
435,225
433,220
end box6
544,179
548,179
549,179
549,180
550,181
550,182
550,183
550,185
549,186
547,186
546,186
545,186
544,186
543,185
end box7
582,181
582,181
583,181
584,181
584,181
585,181
585,182
586,186
585,187
584,188
583,188
582,188
581,187
end box8
end total9boxes
