477,194
479,189
482,184
486,182
491,182
496,182
499,182
504,182
509,182
514,184
516,189
519,194
520,200
519,206
517,211
512,214
505,212
500,211
495,212
490,213
482,215
479,211
477,205
477,199
end box0
449,196
452,193
455,190
458,190
471,190
474,190
479,192
482,195
483,200
482,205
478,207
473,208
457,207
452,207
449,204
448,200
end box1
479,176
480,175
481,175
482,175
483,176
483,176
484,177
484,178
484,179
484,180
484,181
483,182
482,183
481,183
480,183
479,182
478,181
end box2
434,188
435,188
437,188
439,188
440,189
440,190
441,197
440,198
438,199
435,199
433,198
432,197
end box3
511,175
511,175
512,175
513,175
513,175
514,176
514,176
515,177
515,178
515,179
515,180
514,181
513,181
512,182
511,181
510,181
end box4
463,157
464,156
476,155
478,156
477,161
476,162
464,161
464,160
end box5
472,161
483,159
485,161
484,162
484,164
483,166
473,165
473,164
end box6
465,159
466,157
486,156
487,159
487,162
487,165
485,168
467,167
466,165
end box7
496,172
496,172
497,172
498,172
498,172
499,173
499,173
500,174
500,175
500,176
500,177
499,178
498,178
497,178
496,178
495,178
end box8
444,192
445,191
446,191
447,192
448,192
449,193
449,194
449,196
449,198
449,200
448,201
446,201
445,201
444,200
end box9
460,156
461,154
482,153
483,155
483,162
480,165
462,164
460,162
end box10
496,172
496,172
497,172
498,172
498,172
499,173
499,173
500,174
500,175
500,176
500,177
499,178
498,178
497,178
496,178
495,178
end box11
end total12boxes
