586,201
587,195
591,187
595,181
603,180
611,180
618,179
626,180
634,181
639,186
643,195
645,201
646,210
645,219
644,229
637,232
626,229
618,227
611,227
603,230
593,231
588,227
586,218
587,209
end box0
132,213
133,210
133,207
134,202
135,196
140,188
146,185
151,190
154,199
155,205
155,209
156,213
155,216
155,220
155,224
154,231
153,240
147,246
138,245
134,238
133,227
133,222
132,219
132,216
end box1
658,161
658,160
659,159
660,159
661,159
662,160
662,161
663,162
663,163
663,164
663,165
663,166
663,168
662,169
660,170
659,169
658,167
658,166
end box2
705,132
705,132
706,131
707,131
708,131
709,132
710,132
710,133
711,134
710,135
710,136
710,137
710,139
708,139
707,139
706,139
705,139
704,138
end box3
640,172
641,171
642,171
643,170
644,170
645,171
646,172
646,173
647,174
647,175
647,176
647,178
646,179
645,180
643,180
642,180
641,179
640,178
end box4
643,160
643,160
644,159
645,159
646,159
647,159
648,160
648,161
648,162
648,163
648,164
648,165
648,167
647,167
645,168
644,167
643,166
642,165
end box5
677,160
677,160
678,159
679,159
680,159
681,159
682,160
682,161
683,162
683,163
683,164
683,166
682,167
681,168
679,168
678,168
677,167
676,165
end box6
625,126
626,125
627,124
628,124
629,124
630,125
631,126
632,127
632,128
632,129
632,130
632,132
631,133
630,134
628,134
627,134
626,133
625,132
624,131
end box7
726,129
726,129
727,128
728,128
729,128
730,129
730,129
731,130
731,131
731,132
731,133
731,134
730,135
729,136
728,136
727,136
726,135
725,134
end box8
696,144
697,144
698,145
698,146
698,147
698,148
698,149
697,150
696,151
695,151
694,150
693,150
end box9
702,112
722,58
762,17
822,8
875,3
919,14
958,12
1001,8
1045,15
1103,25
1152,61
1169,114
1176,185
1161,243
1118,271
1053,284
1006,286
959,273
921,267
882,265
832,272
764,266
722,239
708,184
end box10
end total11boxes
