298,223
302,211
310,201
321,198
333,199
343,198
351,197
360,197
370,198
380,203
390,212
397,223
399,237
398,251
390,258
370,259
361,261
352,261
342,260
335,258
325,257
306,257
300,249
298,236
end box0
402,207
403,199
406,191
413,189
421,190
428,190
433,190
439,191
446,191
451,195
456,201
460,207
463,216
463,225
459,231
448,232
440,232
434,231
428,230
422,230
415,230
407,228
404,222
403,214
end box1
12,252
15,230
28,219
50,228
67,238
81,243
92,251
100,262
104,274
107,287
109,300
109,314
108,330
100,346
87,359
69,359
50,363
29,370
16,357
15,332
end box2
682,194
685,188
689,182
694,177
700,176
706,176
718,177
727,176
735,178
738,185
739,194
737,201
735,208
731,214
718,218
712,218
706,220
699,221
690,221
682,218
680,211
680,202
end box3
78,250
100,228
119,213
144,209
165,211
181,211
194,212
209,212
226,213
252,217
274,229
294,252
304,282
295,303
266,316
236,321
215,322
196,317
180,315
163,316
140,320
109,318
81,302
73,281
end box4
662,190
663,187
665,185
667,182
670,181
673,181
676,180
679,180
684,180
688,181
690,185
689,189
679,202
676,204
673,204
669,205
664,204
662,202
661,197
662,193
end box5
842,177
855,168
865,162
874,160
882,159
894,159
900,160
909,159
922,160
938,163
945,175
947,189
941,200
925,204
881,206
872,206
857,205
839,201
837,191
end box6
907,175
926,164
939,157
950,154
960,152
968,153
975,151
983,152
995,151
1013,151
1031,156
1040,173
1039,190
1031,202
1011,208
957,213
945,213
924,212
902,206
899,193
end box7
590,177
590,175
592,174
593,173
595,173
602,173
604,173
606,175
608,177
608,180
608,183
607,185
604,186
601,186
594,186
592,186
589,185
589,182
589,180
end box8
512,191
514,187
517,184
520,183
535,183
538,185
542,187
544,190
546,195
546,200
542,203
537,204
533,204
519,202
515,202
512,199
512,195
end box9
650,188
651,185
653,183
655,180
657,179
660,179
663,179
666,180
670,179
673,181
675,184
675,188
674,191
674,195
672,198
669,199
666,200
663,201
660,201
656,201
652,201
650,199
649,195
649,191
end box10
500,194
501,190
503,187
506,185
509,186
512,185
515,186
518,186
521,186
524,188
527,190
528,194
530,198
530,202
528,206
523,208
519,207
515,207
512,207
509,206
505,206
502,204
500,201
500,197
end box11
711,194
717,187
724,183
731,181
736,181
750,181
757,180
765,181
773,186
778,194
780,203
777,211
767,214
741,217
735,217
727,217
717,216
708,212
708,203
end box12
883,182
919,156
952,145
979,140
998,139
1013,135
1028,133
1045,133
1066,136
1102,136
1138,148
1165,179
1172,216
1151,236
1100,246
995,248
973,249
939,246
889,236
871,218
end box13
938,171
970,155
994,149
1012,147
1023,146
1032,148
1041,146
1049,148
1062,147
1082,148
1109,152
1136,171
1140,194
1125,207
1004,217
979,218
940,211
929,198
end box14
635,182
635,180
636,178
637,177
639,176
641,176
644,176
647,176
649,177
650,179
650,181
650,184
650,186
649,188
647,190
645,190
643,190
640,191
638,191
636,190
635,188
634,186
634,183
end box15
602,179
603,178
604,176
605,175
607,175
614,175
616,176
618,177
619,179
619,182
619,185
618,187
615,187
613,188
606,188
604,187
602,186
601,184
601,182
end box16
579,173
580,172
581,172
582,172
583,172
584,173
584,174
585,175
585,176
585,177
585,179
584,180
583,180
581,181
580,180
579,180
578,179
end box17
559,159
563,159
564,160
565,161
565,166
564,167
563,168
561,168
560,168
559,167
end box18
532,157
533,157
534,157
535,156
536,157
537,158
538,159
538,160
538,162
538,164
537,165
536,166
534,166
533,166
532,165
531,164
end box19
775,138
776,137
777,137
779,137
780,138
781,139
781,148
779,149
778,150
776,149
774,148
end box20
677,158
677,158
678,159
678,160
678,161
678,162
678,163
677,164
676,164
675,165
674,164
673,164
672,163
end box21
788,77
789,75
799,75
801,76
801,78
801,88
800,89
790,90
788,89
787,86
end box22
643,162
644,162
644,163
645,168
644,169
643,169
641,170
640,169
639,169
638,168
end box23
559,145
559,145
562,144
563,145
564,145
564,146
565,147
565,148
565,149
564,150
564,151
562,152
561,152
560,152
559,151
558,151
end box24
483,189
484,188
485,188
486,188
487,189
488,190
488,191
489,192
489,194
489,196
488,197
487,198
485,198
484,198
483,197
end box25
end total26boxes
