506,198
508,193
511,187
516,184
522,184
526,184
531,185
535,185
541,185
546,187
549,192
552,198
554,204
554,212
551,217
543,218
536,218
531,218
526,218
521,218
514,218
507,216
505,211
505,204
end box0
634,180
634,178
635,176
636,174
638,174
644,174
647,175
648,176
650,178
651,180
651,183
652,186
651,189
649,190
645,190
643,190
640,190
638,190
635,189
634,187
634,185
633,183
end box1
720,179
721,178
721,178
722,177
722,177
726,177
727,177
727,178
728,179
728,180
728,181
728,183
727,184
725,184
724,184
723,184
722,184
721,183
720,182
720,181
720,180
end box2
717,180
718,178
719,177
721,176
722,175
729,175
731,176
732,177
734,179
734,182
734,184
733,187
730,187
727,187
721,188
719,187
717,186
717,184
716,182
end box3
711,179
711,179
712,179
713,178
714,178
715,179
715,179
716,180
717,181
717,182
717,183
717,185
716,185
714,186
713,186
712,186
711,185
710,185
710,184
end box4
742,180
745,176
749,174
752,173
755,173
766,173
769,174
774,176
777,179
778,184
777,189
772,192
767,192
754,192
750,192
745,191
742,188
741,184
end box5
620,182
621,179
622,177
625,175
628,175
630,175
633,175
635,175
638,175
641,176
643,179
645,182
646,186
646,190
644,193
640,194
636,194
633,193
630,194
627,194
624,193
621,191
620,189
619,185
end box6
669,183
669,181
670,180
671,179
672,178
674,178
675,177
677,178
678,178
680,179
681,181
681,183
682,184
682,187
681,189
679,190
677,191
676,191
673,191
672,191
670,189
669,188
669,186
669,184
end box7
643,176
644,176
647,176
648,176
649,177
650,178
650,179
650,180
650,182
650,183
649,184
648,185
646,185
645,185
644,184
643,183
end box8
674,180
674,180
675,179
676,179
677,179
678,180
678,180
679,181
679,182
679,183
679,184
679,185
678,186
677,187
676,187
675,187
674,186
673,185
673,184
end box9
501,203
503,200
506,197
509,194
512,194
516,194
522,194
527,194
531,195
534,199
536,203
536,208
536,213
533,217
528,219
523,218
515,219
511,220
506,219
502,218
500,213
500,208
end box10
622,183
622,181
622,180
623,178
625,177
627,176
628,176
630,177
632,178
633,179
634,181
635,183
635,185
635,187
634,189
633,190
631,192
629,192
626,191
624,191
623,190
622,188
621,186
621,184
end box11
700,159
700,160
701,161
701,162
701,163
701,165
700,166
698,166
696,166
695,165
694,165
end box12
505,159
506,158
507,157
508,157
509,158
510,158
511,159
512,160
512,161
512,162
512,163
512,165
511,166
510,167
508,167
507,167
506,166
505,165
end box13
776,142
777,142
779,142
780,142
781,143
782,144
782,145
782,146
782,147
782,149
781,150
780,151
778,151
777,151
776,150
775,149
end box14
762,159
766,159
766,159
767,160
767,161
767,163
767,164
766,165
765,166
764,166
763,166
762,165
end box15
771,157
772,157
774,157
775,157
776,158
776,159
777,160
777,162
777,164
776,165
775,166
773,166
772,166
771,165
770,164
end box16
632,161
633,162
633,162
634,163
634,164
634,165
634,166
633,167
632,167
631,168
630,167
629,167
629,166
end box17
412,194
414,193
424,193
426,195
426,209
425,211
413,212
411,210
end box18
347,135
350,133
354,132
357,134
358,138
358,142
358,145
358,147
358,148
358,150
358,153
358,157
357,162
354,164
349,164
346,162
end box19
675,157
676,157
678,157
678,157
679,158
679,158
680,162
679,163
678,164
677,164
676,164
675,163
end box20
end total21boxes
