625,177
626,176
630,176
631,177
632,178
633,179
633,180
633,182
633,184
631,184
630,184
628,185
627,184
626,184
624,183
624,182
end box0
640,181
640,180
641,179
646,178
647,179
648,180
649,181
649,182
649,184
649,186
647,186
646,186
643,186
641,186
640,186
639,185
640,183
639,182
end box1
577,176
581,176
582,176
582,177
583,178
583,179
583,180
583,182
582,182
580,183
579,183
578,182
577,182
576,182
575,181
575,180
end box2
559,176
564,176
565,176
566,177
566,178
567,179
566,181
566,182
565,183
563,183
562,183
561,183
560,183
559,182
558,181
end box3
620,181
621,179
622,177
624,176
625,176
632,176
634,177
635,178
637,180
637,183
637,186
636,188
633,188
631,188
624,188
622,188
620,187
620,185
620,183
end box4
635,182
636,181
638,179
639,178
648,178
650,178
652,180
654,182
655,185
655,188
653,191
650,191
640,191
637,191
635,190
634,187
634,185
end box5
544,176
544,176
545,175
546,175
547,175
548,176
548,176
549,177
549,178
549,179
549,180
549,182
548,182
547,183
546,183
545,183
544,182
543,181
end box6
424,190
425,188
426,186
427,185
429,184
436,184
438,185
440,187
441,189
441,192
441,194
440,197
438,198
435,198
428,198
426,198
424,196
424,194
424,192
end box7
600,142
601,142
601,148
601,149
599,149
597,149
596,148
end box8
655,179
656,178
658,178
659,179
659,179
660,180
661,181
661,182
661,183
661,185
660,185
658,186
657,186
656,186
655,185
654,185
end box9
513,133
514,132
516,132
517,133
517,133
518,138
518,140
517,140
515,140
514,140
513,139
end box10
492,125
493,125
495,125
496,125
497,126
497,133
496,133
494,133
493,133
492,133
end box11
591,123
592,123
595,123
595,130
594,130
592,130
591,129
end box12
492,125
493,125
495,125
496,125
497,126
497,133
496,133
494,133
493,133
492,133
end box13
527,142
528,141
529,141
530,141
531,142
531,142
531,148
530,149
529,150
528,149
527,148
end box14
end total15boxes
