481,195
484,191
488,187
491,184
495,184
513,184
515,187
521,191
524,194
524,201
524,207
522,214
515,213
494,212
489,212
483,212
481,206
480,200
end box0
9,262
38,227
64,202
105,198
137,197
161,196
183,199
206,200
232,206
268,213
298,233
327,266
337,308
323,337
280,351
234,355
208,360
184,358
160,359
137,360
106,360
59,358
17,338
7,307
end box1
671,202
673,196
678,189
683,185
689,185
696,185
707,186
715,186
720,189
725,195
729,201
730,210
729,219
725,225
716,226
707,224
696,224
689,226
680,228
672,226
669,218
670,210
end box2
406,205
407,199
412,191
417,186
425,186
432,187
439,186
446,186
454,187
459,191
464,199
467,205
469,215
469,224
466,233
458,235
446,232
439,230
424,233
414,235
408,231
405,222
406,214
end box3
354,191
355,184
359,177
364,174
371,174
390,174
397,174
403,177
406,184
408,191
409,199
408,207
405,213
398,216
390,216
384,215
377,215
370,217
363,216
357,213
355,206
356,198
end box4
579,187
581,184
584,181
587,179
590,178
605,178
608,180
612,184
614,187
615,192
615,198
613,202
607,203
589,202
585,202
580,202
578,197
577,192
end box5
251,203
254,191
264,184
278,183
289,183
304,183
312,184
320,185
330,189
343,194
351,204
354,219
351,231
339,237
324,239
313,239
305,239
end box6
652,190
653,188
655,186
656,185
667,184
670,185
672,187
674,190
674,193
673,197
672,200
669,200
658,200
655,200
652,199
651,196
651,193
end box7
465,180
466,177
468,174
470,172
473,172
482,172
485,172
488,174
490,177
491,180
491,183
491,187
489,191
486,192
482,193
473,192
470,191
467,190
466,186
466,183
end box8
622,190
622,188
624,186
625,185
627,184
637,184
639,185
640,188
641,190
641,193
641,196
641,199
638,200
635,201
626,201
624,200
622,198
621,195
622,193
end box9
473,179
473,177
474,176
476,175
478,174
486,174
488,175
489,177
490,179
490,182
490,185
489,187
487,188
484,189
477,188
475,188
473,186
472,184
472,182
end box10
260,197
262,190
269,187
276,186
298,187
305,188
312,191
317,197
320,205
319,213
309,216
268,215
260,211
259,204
end box11
539,183
539,181
540,179
541,178
543,178
545,177
546,177
548,177
550,178
552,179
553,180
554,182
555,185
554,187
553,190
551,191
549,192
547,192
545,191
543,191
541,190
539,188
539,186
538,184
end box12
520,189
520,186
522,183
525,182
528,181
530,182
533,181
535,182
539,181
541,183
544,186
545,189
546,193
546,197
545,201
541,202
536,201
533,200
530,200
527,201
524,200
521,199
520,195
520,192
end box13
626,189
627,186
629,183
632,181
635,181
644,181
647,181
650,182
653,185
655,188
655,193
655,197
653,201
649,202
644,201
635,201
631,201
627,200
626,196
625,192
end box14
524,192
524,190
525,188
526,187
528,186
530,185
532,185
533,185
535,186
537,188
538,190
539,191
539,194
539,196
539,199
537,200
534,201
532,201
529,201
527,200
526,199
524,197
524,195
524,193
end box15
656,191
659,188
665,187
667,188
668,189
669,191
669,192
668,194
668,197
666,197
664,198
661,198
659,197
657,197
657,195
657,194
end box16
635,189
635,187
636,186
638,184
639,183
646,183
648,184
650,185
651,187
652,189
652,192
652,195
651,198
649,199
646,199
641,199
639,199
637,198
635,196
634,194
634,192
end box17
557,191
557,189
558,188
560,186
561,186
566,185
568,186
570,187
571,188
572,190
573,193
573,195
572,198
569,199
567,199
560,199
558,198
556,197
556,195
556,193
end box18
606,191
606,189
607,187
608,185
610,185
616,184
618,185
619,186
621,188
622,190
622,193
622,195
621,198
619,200
616,200
614,200
611,200
609,199
607,198
606,197
605,195
605,192
end box19
466,189
467,186
468,182
471,181
474,180
483,181
486,181
489,182
491,185
493,189
493,193
493,197
491,200
488,202
483,202
480,202
477,201
474,201
471,200
468,199
466,196
466,192
end box20
623,181
623,179
624,178
626,176
628,176
636,176
638,177
640,179
641,181
641,184
641,187
640,190
637,191
634,191
627,191
624,190
623,189
622,186
622,184
end box21
540,190
541,188
542,187
543,187
545,187
545,188
546,190
546,191
547,192
546,193
546,194
546,195
546,197
545,199
544,200
542,199
541,197
540,196
end box22
249,113
254,114
290,112
290,175
283,170
254,170
250,171
end box23
745,124
748,122
770,123
776,123
775,168
770,167
748,170
745,167
end box24
561,178
561,178
562,177
563,177
564,177
565,178
566,178
566,179
567,180
567,181
566,182
567,184
566,185
564,185
563,186
562,185
561,185
560,184
end box25
314,222
315,218
317,215
320,215
323,217
324,221
324,224
325,226
325,228
325,229
325,231
325,233
325,237
324,243
321,244
317,242
315,239
end box26
end total27boxes
