379,206
382,195
390,184
400,178
413,178
424,179
433,179
443,179
455,180
466,185
474,196
479,206
480,221
479,236
474,248
459,250
444,248
433,248
424,247
415,246
400,248
386,247
381,234
379,221
end box0
655,211
655,210
657,208
658,207
667,207
669,207
671,209
672,211
673,214
673,217
672,220
668,220
659,220
656,220
654,219
654,216
654,214
end box1
676,210
676,210
680,210
680,210
681,211
682,212
682,213
682,214
682,216
681,216
679,217
678,217
677,217
676,216
675,216
674,215
end box2
657,212
658,210
658,210
663,209
664,210
665,211
666,212
666,213
666,215
666,216
664,217
662,217
660,217
659,217
657,217
657,216
657,214
657,213
end box3
553,211
553,209
555,208
557,207
566,207
568,207
570,209
572,211
573,214
572,217
571,220
568,220
556,219
554,218
553,216
552,214
end box4
576,190
577,190
579,190
580,190
580,190
581,191
581,192
581,193
581,194
581,195
580,196
579,197
578,197
577,197
576,196
end box5
580,154
581,154
582,154
583,153
584,154
585,155
585,162
584,163
582,163
581,163
580,162
end box6
576,190
577,190
579,190
580,190
580,190
581,191
581,192
581,193
581,194
581,195
580,196
579,197
578,197
577,197
576,196
end box7
end total8boxes
