624,163
625,162
625,162
626,161
626,161
630,161
631,161
632,162
632,163
632,164
632,165
632,167
631,168
629,168
628,168
627,168
626,168
625,167
624,166
624,165
624,164
end box0
654,173
655,171
656,170
657,168
659,167
669,167
671,168
672,171
673,173
673,176
673,179
673,182
670,184
658,184
655,183
654,181
654,178
654,176
end box1
641,160
641,160
642,159
643,159
644,159
645,160
646,160
646,161
647,162
647,163
647,164
647,166
646,167
644,167
643,167
642,167
641,166
640,166
639,165
end box2
621,163
622,161
624,160
625,159
626,159
633,158
635,159
637,160
638,162
638,165
638,168
637,170
634,170
626,170
623,170
621,169
620,167
620,165
end box3
655,162
655,160
656,158
657,157
659,157
664,156
666,157
668,157
669,159
670,161
670,164
670,166
670,169
667,170
665,170
660,170
658,170
656,169
655,168
654,166
654,163
end box4
595,163
596,162
596,162
597,162
598,162
598,162
599,163
599,163
600,164
600,165
600,166
600,167
599,168
598,168
597,168
596,168
595,168
595,167
594,166
end box5
659,157
659,157
662,156
663,157
664,157
664,158
665,159
665,160
665,161
665,163
664,164
662,164
661,164
660,164
659,164
658,163
658,162
end box6
611,162
612,161
612,161
613,161
614,161
614,161
615,162
616,162
616,163
616,164
616,165
616,166
615,167
614,167
613,168
612,167
611,167
611,166
610,165
end box7
818,188
822,182
825,177
831,175
835,174
840,174
845,174
849,174
856,174
862,175
866,181
869,188
869,194
867,200
862,205
855,207
850,207
845,208
840,209
834,209
828,208
822,206
817,201
817,194
end box8
742,155
742,154
743,153
744,153
745,153
746,154
747,155
747,156
747,157
747,158
747,159
747,160
747,162
746,163
744,164
743,163
742,162
741,160
end box9
963,48
963,46
964,44
966,42
968,41
969,40
972,40
974,40
976,41
978,43
980,45
980,47
980,50
980,52
979,55
977,57
975,59
972,59
969,59
967,57
965,56
964,54
963,52
963,50
end box10
663,146
664,146
664,147
665,148
665,149
665,150
665,152
664,153
662,153
661,153
660,153
659,152
658,151
end box11
683,127
683,128
684,130
684,133
683,134
682,135
677,135
676,134
end box12
642,171
643,171
644,170
645,170
646,170
647,171
648,171
649,173
649,174
649,175
649,176
649,178
648,179
647,180
645,180
644,180
642,179
641,179
641,177
end box13
975,8
975,6
976,4
992,3
994,5
994,8
994,11
994,14
993,17
990,18
985,19
977,18
975,16
975,13
end box14
957,25
959,22
990,21
992,25
992,30
991,34
958,34
957,30
end box15
982,94
983,92
983,90
984,89
986,88
988,87
990,87
991,87
993,88
995,89
996,91
997,93
996,96
996,98
996,100
994,102
992,103
990,104
987,103
985,103
983,101
983,99
982,97
982,95
end box16
673,173
674,172
675,171
676,171
678,171
679,172
680,173
680,180
679,182
678,183
676,183
675,183
673,182
672,180
end box17
467,173
468,172
469,172
470,172
471,173
472,174
473,175
473,180
472,181
471,182
469,182
468,182
467,181
466,180
end box18
878,80
935,78
909,132
end box19
646,146
647,147
647,147
648,148
648,149
648,150
648,151
647,152
646,152
645,152
644,152
643,151
end box20
678,142
679,142
681,142
682,142
683,143
684,149
683,150
682,151
680,151
679,151
678,150
end box21
end total22boxes
