762,235
778,214
799,193
818,182
841,181
861,184
879,184
900,183
921,186
945,191
966,211
974,234
982,266
979,293
963,315
932,319
902,313
861,308
838,314
807,323
773,317
755,297
754,268
end box0
696,216
702,202
711,188
723,178
737,177
751,179
764,178
776,180
792,181
809,184
818,198
818,215
815,231
812,248
803,258
784,258
772,261
763,267
751,269
738,269
721,267
700,265
695,251
697,233
end box1
505,194
506,190
511,186
514,183
519,183
523,183
527,183
532,183
537,183
540,186
544,191
547,194
547,201
547,207
545,213
541,215
533,213
518,214
510,215
506,213
505,206
506,200
end box2
638,191
638,189
640,187
641,185
643,184
644,184
647,183
649,183
652,184
654,185
655,187
655,190
655,193
654,195
654,198
652,199
649,200
647,200
644,201
641,201
639,200
638,198
637,195
638,193
end box3
648,193
650,187
655,182
660,179
666,179
671,180
676,180
681,180
687,179
693,181
698,187
700,193
700,200
699,207
694,212
688,214
681,213
676,213
671,213
665,215
657,216
650,214
647,208
648,201
end box4
656,191
658,187
661,184
664,181
668,181
679,181
684,180
688,182
692,186
693,191
693,196
692,201
690,206
685,207
679,207
667,208
662,208
657,206
655,201
655,196
end box5
650,194
650,191
653,188
655,185
658,184
661,184
664,184
667,184
672,184
675,186
678,189
677,193
677,197
676,201
675,205
672,207
667,207
664,208
660,208
656,209
652,209
650,206
649,201
649,197
end box6
591,179
591,177
592,175
593,174
595,173
600,173
602,173
604,174
605,176
606,178
606,181
606,183
606,186
604,187
601,187
596,187
594,187
592,187
590,185
590,183
590,180
end box7
621,180
621,178
622,176
623,175
625,174
627,174
630,174
632,174
635,175
636,177
637,179
636,182
636,184
635,187
633,187
631,188
628,188
626,188
624,188
622,188
620,186
620,184
620,181
end box8
624,176
624,176
625,175
626,175
628,175
629,175
630,176
631,177
631,178
631,179
631,180
631,182
630,183
629,183
627,184
626,184
625,183
624,182
623,181
end box9
636,180
636,178
637,177
639,175
641,175
649,174
652,175
653,177
654,180
654,183
654,186
653,189
650,189
642,190
640,190
637,190
635,188
635,185
635,183
end box10
605,179
605,177
606,175
607,174
609,173
611,173
614,173
616,174
618,174
619,176
620,178
620,181
621,183
620,186
618,187
615,187
613,187
610,187
608,187
606,186
605,185
604,183
604,180
end box11
611,175
612,174
613,174
614,174
615,174
616,174
617,175
618,176
618,177
618,178
618,179
618,181
617,182
616,182
614,183
613,182
612,182
611,181
610,180
end box12
561,170
562,169
563,169
564,169
565,170
565,170
565,171
566,172
566,173
566,174
566,175
565,176
564,177
563,177
562,177
561,176
end box13
674,162
677,162
678,162
679,163
679,164
679,165
679,166
679,167
678,168
677,169
676,169
675,168
674,168
674,167
end box14
544,176
544,175
545,175
546,175
547,175
548,176
549,176
549,177
550,178
550,179
549,180
549,182
549,183
547,183
546,184
545,183
544,182
543,181
end box15
578,173
578,172
579,172
580,172
581,172
582,172
583,173
583,174
584,175
584,176
584,177
584,179
583,180
581,180
580,181
579,180
578,180
577,179
end box16
664,161
665,162
666,163
666,164
666,166
666,168
665,169
664,170
662,170
661,169
660,169
659,168
end box17
end total18boxes
