696,221
710,205
728,186
743,176
763,175
780,177
795,178
812,180
827,185
842,192
862,207
873,222
882,248
877,271
868,289
841,292
814,285
781,277
761,287
735,295
709,289
695,274
692,248
end box0
472,192
474,186
480,179
485,174
492,174
499,174
505,174
512,175
520,175
525,178
532,186
535,191
536,202
536,211
533,220
524,221
513,218
491,220
480,222
473,220
471,210
472,201
end box1
19,220
46,205
66,196
82,194
93,192
103,194
112,192
121,194
133,195
151,196
174,202
199,219
202,241
191,253
158,260
134,259
80,259
55,260
22,254
14,243
end box2
639,193
645,186
653,180
660,178
666,177
673,177
684,177
693,176
702,177
709,184
713,193
715,204
712,213
705,218
693,218
684,218
678,218
672,219
665,221
655,222
642,222
635,215
637,204
end box3
523,188
523,184
525,181
527,179
531,179
534,179
537,179
540,179
544,179
546,181
549,184
550,188
550,192
551,196
550,201
546,203
541,202
537,201
534,201
531,201
528,199
525,198
end box4
627,180
629,176
632,174
635,172
638,172
650,172
654,173
658,175
660,179
660,184
659,188
655,191
637,193
633,193
629,192
626,188
626,184
end box5
606,179
607,177
608,176
609,174
610,174
612,173
613,172
615,173
617,173
619,174
620,176
621,178
621,181
621,183
620,185
618,186
616,187
614,187
611,188
609,188
607,186
606,185
606,182
606,180
end box6
213,107
226,104
286,104
302,107
304,122
293,125
219,125
210,122
end box7
214,110
220,106
286,105
292,110
293,124
291,129
214,129
214,123
end box8
416,122
417,120
427,121
428,122
428,135
427,137
425,138
417,138
415,136
end box9
545,156
546,156
548,156
549,156
550,157
550,158
551,163
550,164
549,165
547,165
546,165
545,164
end box10
612,160
614,160
615,161
615,161
616,162
616,163
616,164
616,165
615,166
614,166
613,166
612,166
611,166
end box11
end total12boxes
