483,190
486,185
491,178
495,175
501,175
507,174
512,174
518,175
524,176
527,179
533,185
536,190
538,198
538,206
535,212
527,214
519,212
501,211
493,212
486,211
484,205
484,197
end box0
533,185
534,181
536,177
541,177
545,177
548,177
552,178
555,179
557,183
560,185
560,189
561,192
561,197
561,202
558,205
553,206
549,204
545,203
541,203
538,201
end box1
630,178
631,176
633,173
634,171
637,171
639,171
642,171
644,171
647,171
649,173
651,175
652,178
652,181
653,185
652,189
649,190
645,189
636,190
632,190
630,188
630,184
630,181
end box2
704,218
707,206
716,192
726,182
741,183
755,183
766,183
779,184
794,185
807,191
817,203
818,218
817,234
817,251
812,267
797,269
778,265
766,265
755,266
741,268
719,273
706,269
703,252
703,235
end box3
569,172
569,170
571,168
572,167
574,167
583,166
586,167
587,170
588,172
589,175
589,178
588,182
585,182
581,182
574,182
571,182
569,180
568,177
568,175
end box4
-17,256
10,223
43,208
84,211
110,212
129,215
145,219
162,219
181,221
212,223
247,236
279,264
294,304
282,327
232,337
191,339
167,341
148,337
40,344
-1,326
-14,298
end box5
592,162
593,162
597,162
598,163
599,164
600,165
600,166
600,168
600,170
599,171
597,171
592,170
591,170
590,169
end box6
587,176
587,174
588,173
588,171
590,170
591,168
594,168
596,169
597,170
599,172
599,174
600,176
600,177
600,180
599,182
598,183
596,185
594,185
591,185
590,184
588,182
587,180
587,179
587,177
end box7
277,188
286,175
299,169
312,168
322,167
330,166
337,166
346,166
354,167
363,173
377,179
389,189
394,205
391,216
376,223
358,224
347,225
338,225
329,226
321,224
311,222
295,222
281,215
277,203
end box8
585,166
585,163
586,162
588,161
590,160
595,161
597,161
599,161
601,163
602,165
603,168
603,171
602,174
599,175
596,175
589,174
587,174
585,173
584,170
584,168
end box9
575,173
575,172
576,171
577,171
578,170
582,171
583,171
584,172
584,174
584,175
584,177
584,179
582,179
581,180
579,180
578,180
576,180
575,179
574,178
end box10
666,181
667,177
669,174
671,172
675,171
689,171
692,173
695,176
696,180
696,185
695,189
694,194
690,195
685,195
673,196
669,195
666,194
665,189
665,184
end box11
691,197
692,193
694,190
697,188
701,187
710,187
715,187
719,188
721,192
722,196
722,201
721,205
719,209
715,210
711,211
707,211
704,211
700,211
695,211
692,209
690,205
690,201
end box12
672,202
674,202
680,201
682,202
684,203
685,215
683,217
681,218
673,217
671,216
end box13
709,170
710,169
711,169
712,169
713,170
714,171
715,172
715,177
714,178
713,179
711,179
710,179
709,178
end box14
589,187
591,184
593,184
594,185
595,187
596,189
595,197
594,200
593,203
591,202
589,198
end box15
589,187
591,184
593,184
594,185
595,187
596,189
595,197
594,200
593,203
591,202
589,198
end box16
586,181
586,179
586,177
587,175
588,171
590,167
593,165
596,168
598,173
598,176
598,179
598,181
598,182
597,184
597,186
597,190
597,197
594,198
589,198
588,193
587,187
587,185
587,183
587,182
end box17
587,176
587,174
588,173
588,171
590,170
591,168
594,168
596,169
597,170
599,172
599,174
600,176
600,177
600,180
599,182
598,183
596,185
594,185
591,185
590,184
588,182
587,180
587,179
587,177
end box18
709,170
710,169
711,169
712,169
713,170
714,171
715,172
715,177
714,178
713,179
711,179
710,179
709,178
end box19
end total20boxes
