131,203
154,192
168,186
179,183
188,182
196,182
203,181
211,181
221,180
237,182
258,186
274,201
274,220
267,231
242,237
222,236
211,235
203,236
196,236
188,234
176,237
154,238
129,232
125,222
end box0
777,241
810,205
844,177
884,169
918,170
945,175
969,176
995,174
1025,177
1065,182
1100,206
1131,241
1145,291
1133,327
1088,348
1035,350
997,343
969,337
944,340
916,347
877,354
825,348
776,329
768,292
end box1
746,216
750,205
757,194
767,187
779,188
790,189
799,188
809,188
823,187
836,191
841,203
842,216
842,229
842,244
836,254
822,257
809,258
799,259
789,259
777,261
763,260
749,257
745,245
744,231
end box2
563,178
563,176
565,174
566,173
568,172
576,172
577,173
579,175
580,177
580,180
580,182
579,185
577,186
567,186
565,186
563,184
563,182
563,180
end box3
705,192
708,185
713,180
719,177
725,177
749,177
757,178
763,183
765,191
765,200
763,208
758,213
749,214
731,215
724,216
716,216
707,215
703,209
704,200
end box4
1076,295
1086,279
1095,263
1106,252
1123,251
1140,252
1154,249
1172,245
1192,245
1204,257
1214,275
1219,294
1223,316
1223,338
1217,359
1200,371
1177,370
1156,366
1138,362
1120,362
1099,363
1079,354
1074,336
1072,315
end box5
1061,296
1073,279
1083,264
1095,253
1113,254
1129,255
1143,253
1162,245
1184,243
1197,256
1208,275
1215,295
1220,318
1220,343
1214,366
1193,376
1167,373
1144,366
1127,362
1106,368
1082,371
1063,360
1058,339
1055,317
end box6
end total7boxes
