710,191
711,189
714,186
717,183
720,183
729,183
733,183
736,185
739,188
741,191
741,196
741,201
740,206
735,206
719,205
714,206
711,205
709,200
709,196
end box0
653,191
654,188
656,185
659,182
662,182
677,182
680,184
683,187
685,191
685,196
686,201
684,206
679,207
661,207
656,207
653,205
652,200
652,196
end box1
757,180
761,180
762,180
762,181
763,182
763,183
763,184
763,186
762,187
760,187
759,187
758,187
757,186
756,186
756,185
end box2
734,192
734,190
735,188
736,187
738,186
740,185
741,185
743,186
745,186
747,187
748,189
749,191
749,194
749,196
748,199
747,200
744,201
742,200
739,200
737,200
735,199
734,198
734,195
734,193
end box3
768,190
768,189
770,187
771,186
780,186
782,186
784,188
785,190
786,193
786,196
785,198
781,199
772,199
770,199
768,198
767,195
767,193
end box4
757,189
758,188
759,188
761,188
762,188
763,189
764,190
764,191
764,192
764,193
764,195
763,196
761,196
760,197
759,196
758,196
757,195
756,194
end box5
687,191
687,189
688,187
689,185
691,185
692,183
695,183
697,183
699,185
700,186
701,188
702,190
703,193
703,195
702,198
700,200
698,201
695,201
692,201
690,200
688,199
686,197
686,195
686,192
end box6
739,177
743,177
743,177
744,178
745,179
745,180
745,181
745,183
744,183
742,184
741,184
740,184
739,183
738,182
end box7
682,191
684,188
686,185
688,183
691,183
700,183
703,183
706,185
709,187
711,191
711,195
712,199
710,203
705,204
700,203
690,204
686,204
683,203
681,198
682,195
end box8
753,193
753,191
754,190
755,188
757,188
764,188
766,189
767,190
768,192
768,195
768,197
767,200
765,201
763,201
758,200
756,201
754,200
753,199
752,196
752,194
end box9
772,190
773,188
773,188
774,187
778,187
779,188
780,189
780,190
781,191
780,193
780,194
779,195
777,195
775,195
774,195
773,194
772,193
772,192
end box10
660,159
660,159
661,158
662,157
663,157
664,157
665,158
666,158
667,160
668,161
668,162
668,164
667,165
666,166
665,167
663,168
662,167
661,166
660,165
659,164
end box11
1112,151
1114,149
1115,148
1124,148
1126,150
1127,162
1125,164
1123,165
1115,164
1113,163
end box12
831,158
832,159
833,160
833,165
832,166
831,167
829,167
828,166
827,166
826,165
end box13
827,145
828,144
829,144
830,144
831,144
833,144
834,145
835,146
835,151
835,153
834,154
832,155
830,155
829,155
827,154
826,153
826,151
end box14
791,162
792,163
793,164
793,165
793,168
793,169
792,170
791,170
788,170
787,170
786,169
end box15
724,160
728,160
728,160
729,161
729,162
729,164
729,165
728,166
727,167
726,167
725,167
724,166
end box16
657,161
657,159
658,158
659,157
660,155
662,155
663,154
665,155
667,155
669,157
669,159
670,161
670,162
670,164
669,167
668,169
666,170
664,170
661,170
659,169
658,167
658,165
657,164
657,162
end box17
891,155
894,154
895,154
896,155
896,156
896,161
896,162
894,162
893,162
892,162
891,161
end box18
624,185
626,184
627,184
629,184
630,185
631,187
631,196
630,198
628,199
625,199
624,197
end box19
727,146
728,147
729,148
729,153
728,154
727,155
725,155
724,155
723,154
end box20
708,143
712,143
713,144
714,145
714,146
714,148
714,150
713,151
712,152
710,152
709,152
708,151
707,150
end box21
478,189
481,188
482,189
483,189
483,190
483,195
483,196
481,196
480,196
479,196
478,195
477,195
end box22
626,179
627,178
628,178
629,178
630,179
631,180
632,186
631,187
630,188
628,189
627,188
626,187
end box23
969,210
972,202
977,194
983,187
992,188
1000,187
1007,186
1015,188
1024,188
1030,194
1033,203
1038,210
1040,220
1042,232
1038,241
1028,245
1017,246
1008,247
999,247
990,247
979,245
969,241
968,231
967,220
end box24
191,79
194,73
200,73
207,69
216,68
219,75
218,118
216,125
208,125
200,123
194,121
191,114
end box25
707,158
708,158
710,157
711,158
712,159
713,160
713,165
712,166
711,167
709,167
708,167
707,166
end box26
413,178
414,177
415,177
416,177
417,178
418,179
418,186
417,187
415,188
414,187
413,186
end box27
end total28boxes
