855,233
874,210
896,191
916,180
938,178
958,180
977,178
999,174
1025,174
1055,178
1073,199
1077,228
1077,259
1049,304
995,304
957,300
936,310
914,311
878,303
853,293
849,265
end box0
996,247
1004,220
1025,190
1043,168
1072,164
1101,165
1129,165
1162,164
1195,163
1217,179
1230,214
1230,244
1235,281
1231,317
1232,363
1211,372
1161,356
1069,356
1022,370
998,355
991,322
992,283
end box1
552,214
557,203
567,188
575,176
591,175
606,176
619,176
633,178
649,179
659,187
672,201
674,214
673,232
673,251
671,270
655,272
632,265
618,263
607,264
593,266
569,272
553,271
552,251
552,233
end box2
772,191
772,189
772,186
772,181
774,175
778,169
784,167
788,172
791,178
792,184
792,188
792,191
791,194
791,197
791,200
791,207
789,215
785,219
777,217
773,213
773,203
773,198
772,196
772,194
end box3
725,96
726,92
757,92
760,95
762,128
759,131
726,130
723,126
end box4
392,79
393,75
395,72
397,68
400,65
404,65
409,64
413,64
417,66
419,70
422,74
424,78
424,83
424,88
421,92
419,96
414,98
409,99
404,99
399,97
396,94
394,91
392,87
391,83
end box5
388,107
389,103
430,102
431,106
430,119
393,122
389,119
end box6
446,97
449,93
460,91
465,91
476,94
480,96
482,127
479,131
465,131
448,129
446,124
end box7
614,157
615,157
617,157
618,157
619,158
619,159
620,160
620,162
620,164
619,165
618,166
616,166
615,165
614,165
613,164
end box8
325,146
326,146
327,145
328,145
329,145
331,146
332,146
332,148
333,149
333,150
333,152
332,153
332,155
330,155
328,156
327,156
325,155
324,154
end box9
539,145
540,145
544,145
545,145
546,147
547,148
547,149
547,151
546,152
545,154
544,154
542,154
541,154
539,154
539,152
end box10
666,157
667,158
668,159
668,160
668,162
668,164
667,165
666,166
663,166
662,165
661,164
end box11
1043,67
1045,64
1078,65
1078,96
1076,99
1044,100
1042,95
end box12
820,170
821,170
822,169
824,170
825,170
826,171
826,172
826,178
825,180
824,181
822,181
821,181
819,180
819,178
end box13
665,147
665,146
670,146
672,146
672,147
673,149
673,152
673,154
672,155
665,154
664,154
664,152
end box14
494,158
495,157
496,157
497,157
499,158
500,158
500,160
501,161
501,162
501,164
500,165
499,167
498,167
496,168
495,167
493,167
493,165
end box15
625,145
626,144
627,144
628,144
629,145
630,145
630,146
630,147
630,149
630,150
630,152
629,152
627,153
626,152
625,151
end box16
693,157
694,157
695,157
696,157
697,157
698,158
699,159
699,164
698,165
697,166
695,166
694,166
693,165
end box17
735,133
736,130
748,131
749,133
748,151
746,153
736,152
734,149
end box18
593,144
594,143
595,143
596,143
597,143
598,144
598,145
599,146
599,147
599,148
598,150
598,151
597,151
595,152
594,151
593,151
592,150
end box19
544,175
544,175
545,174
546,174
547,174
548,174
549,175
549,176
549,177
549,178
549,179
549,181
549,181
547,182
546,183
545,182
544,181
543,180
end box20
772,191
772,189
772,186
772,181
774,175
778,169
784,167
788,172
791,178
792,184
792,188
792,191
791,194
791,197
791,200
791,207
789,215
785,219
777,217
773,213
773,203
773,198
772,196
772,194
end box21
479,143
480,143
483,143
484,143
485,144
484,153
483,154
481,154
480,154
478,153
end box22
625,145
626,144
627,144
628,144
629,145
630,145
630,146
630,147
630,149
630,150
630,152
629,152
627,153
626,152
625,151
end box23
end total24boxes
