580,193
580,190
580,186
580,181
583,172
588,162
594,161
600,169
602,179
603,185
603,189
603,193
603,196
603,200
602,203
602,210
601,222
596,229
586,230
581,222
581,208
581,202
580,199
580,196
end box0
1008,220
1008,212
1009,202
1011,188
1017,170
1030,147
1044,142
1058,164
1066,184
1068,200
1067,211
1070,220
1068,229
1065,236
1063,245
1059,255
1055,275
1045,301
1027,301
1018,278
1016,253
1013,243
1010,236
1008,228
end box1
551,192
552,189
551,186
552,180
554,173
559,166
565,164
570,170
573,178
573,184
573,188
574,192
574,195
574,199
573,202
573,210
572,220
566,225
557,225
552,218
552,207
552,201
551,198
551,195
end box2
144,10
146,7
183,6
185,10
183,21
145,21
end box3
705,91
706,88
706,84
708,80
712,78
716,78
719,78
723,79
728,80
730,83
731,87
732,91
732,94
731,98
731,103
729,107
724,108
720,109
715,109
711,108
707,106
706,102
705,98
705,94
end box4
638,142
639,141
640,140
641,140
642,140
643,141
644,142
645,143
645,144
645,145
645,146
645,148
644,149
643,150
641,150
640,150
639,149
638,148
end box5
708,109
709,108
729,109
729,119
728,121
708,121
end box6
128,253
134,241
143,234
148,224
157,220
168,218
179,216
191,218
203,218
208,230
214,241
221,252
223,265
225,279
220,294
209,300
191,296
178,293
168,294
156,298
141,297
132,290
125,278
125,265
end box7
end total8boxes
