42,276
76,236
115,208
157,199
193,199
221,200
247,201
275,202
303,209
342,217
384,240
418,276
427,327
412,360
358,378
309,382
274,378
195,378
155,387
102,383
48,364
35,329
end box0
436,220
442,212
449,204
457,201
466,200
474,200
481,199
489,200
497,200
506,204
515,211
519,220
520,232
520,243
513,250
499,252
490,252
481,251
474,251
467,250
457,251
444,250
437,243
435,232
end box1
522,201
523,197
527,191
532,189
537,189
541,189
546,189
550,189
556,189
560,191
564,197
566,201
567,208
567,215
564,220
558,222
551,221
546,220
541,220
536,221
529,222
525,219
522,214
523,207
end box2
528,195
529,192
531,188
534,186
539,186
548,187
552,186
556,188
559,191
561,195
561,200
561,205
559,209
554,210
549,210
538,209
534,209
530,208
529,204
529,200
end box3
559,189
559,189
560,189
561,189
562,189
562,189
563,190
563,190
564,191
564,192
564,193
564,194
563,195
562,195
561,196
560,195
559,195
559,194
end box4
531,176
532,177
533,178
534,179
534,180
534,182
534,183
532,184
531,185
528,185
527,184
526,183
end box5
590,176
591,175
592,175
593,175
594,176
594,176
595,177
595,180
595,181
594,182
593,183
592,184
591,183
590,182
end box6
694,197
694,194
694,190
696,185
698,179
703,174
709,172
714,177
717,183
717,189
719,193
719,197
718,200
718,204
717,208
717,214
715,221
709,225
702,225
697,221
695,212
695,207
695,203
694,200
end box7
end total8boxes
