737,206
744,195
753,184
764,178
775,176
786,176
796,175
807,176
822,175
837,179
847,190
848,205
846,220
843,235
834,243
817,245
806,247
796,250
786,252
776,250
763,248
744,247
736,237
735,221
end box0
495,188
496,184
499,182
502,180
505,180
514,180
518,179
520,181
524,184
526,187
526,192
526,197
524,201
519,201
514,200
505,200
500,200
496,200
495,196
495,192
end box1
787,255
819,213
860,182
903,173
942,174
973,176
999,177
1030,177
1062,181
1102,191
1145,217
1180,257
1191,311
1177,348
1127,375
1078,381
942,368
893,382
844,376
795,348
780,310
end box2
157,234
174,209
193,191
216,182
240,183
260,184
277,181
298,176
322,177
340,191
359,212
379,234
387,266
384,293
359,312
331,325
305,325
278,314
259,310
237,313
209,316
181,309
161,288
153,264
end box3
580,181
582,178
584,175
587,173
602,173
605,174
608,177
611,180
611,185
611,190
609,193
604,194
590,193
586,193
582,192
580,189
580,184
end box4
619,181
619,179
620,177
622,175
624,175
629,175
632,175
634,176
635,178
636,180
636,183
636,185
635,188
633,190
630,190
628,190
625,189
623,189
621,189
619,187
619,185
619,183
end box5
611,180
612,177
614,174
616,172
620,172
627,172
631,172
634,174
636,176
638,180
638,184
638,188
636,191
633,193
628,193
619,192
616,191
612,190
611,187
611,183
end box6
604,182
604,180
606,178
607,177
609,176
614,176
616,176
618,177
620,179
620,181
621,184
621,186
620,189
618,190
615,191
608,190
606,190
605,188
604,186
604,183
end box7
634,180
635,176
637,173
640,171
643,171
652,171
656,171
659,172
662,176
664,179
663,184
663,188
661,192
658,194
653,193
642,194
638,193
635,192
634,187
634,183
end box8
637,179
637,177
638,176
640,174
642,174
643,173
648,173
650,173
653,174
654,177
655,179
655,182
655,185
654,188
651,189
648,190
643,189
641,189
638,189
637,187
636,184
636,182
end box9
157,222
158,219
158,215
159,210
162,204
167,197
172,196
177,203
180,209
182,214
182,218
183,222
183,225
183,229
182,233
181,239
178,245
173,251
166,251
160,247
158,239
158,233
157,229
157,225
end box10
666,158
667,159
668,160
668,165
667,166
666,166
663,166
662,166
661,165
end box11
543,177
543,176
544,176
545,176
546,176
547,176
548,177
548,178
549,179
548,180
549,181
549,183
548,184
547,185
545,185
544,185
543,184
542,183
end box12
end total13boxes
