845,200
859,188
872,181
884,179
894,179
902,179
909,178
917,179
925,180
937,182
951,188
967,200
969,216
964,227
945,232
925,230
915,229
909,231
901,234
894,233
885,231
866,231
848,227
843,216
end box0
710,204
714,198
721,190
727,186
734,185
741,186
748,185
754,186
763,186
769,189
776,197
781,204
784,215
782,224
776,231
764,232
754,230
748,229
741,230
733,232
724,233
712,232
707,224
708,214
end box1
666,191
669,186
674,181
679,178
684,178
698,179
705,178
711,180
716,185
718,191
719,198
717,205
712,210
706,212
699,211
689,211
683,213
675,214
668,212
665,206
666,198
end box2
653,189
654,187
655,185
656,184
658,183
668,183
670,184
672,186
673,189
673,192
672,195
671,198
668,199
660,200
657,200
654,200
652,198
652,195
652,192
end box3
620,180
621,177
624,175
626,173
629,173
639,173
642,174
645,177
647,180
648,184
648,188
645,191
641,192
637,191
628,191
625,191
621,190
619,187
619,183
end box4
622,179
622,178
624,176
625,175
627,174
634,174
637,175
638,177
639,179
639,182
639,185
638,187
635,188
633,188
628,188
626,188
624,188
622,186
621,184
622,182
end box5
527,175
528,173
529,172
535,172
536,172
537,173
538,175
538,176
538,178
538,181
536,181
534,181
531,181
529,181
528,181
527,179
527,177
527,176
end box6
524,174
525,172
527,171
528,170
538,169
540,170
542,172
544,174
544,177
544,180
542,183
539,183
529,183
526,184
524,182
523,179
523,177
end box7
631,179
631,177
633,176
634,174
636,173
645,174
647,175
649,177
650,179
650,182
650,185
649,188
646,189
636,189
633,189
631,187
631,184
631,182
end box8
512,176
516,175
517,176
518,177
518,178
518,179
518,181
518,182
517,183
515,183
514,183
513,183
512,183
511,182
510,181
end box9
550,170
551,171
552,172
553,173
553,174
553,176
553,178
551,178
550,179
548,179
547,179
546,178
544,178
544,177
end box10
147,192
147,190
148,188
150,186
152,185
153,184
156,183
158,184
160,185
162,187
164,189
165,191
165,194
165,197
163,199
161,201
159,203
156,203
153,203
151,202
149,200
147,198
146,196
146,194
end box11
1127,194
1127,192
1128,189
1130,187
1132,185
1135,184
1138,184
1141,184
1144,186
1146,188
1147,191
1148,194
1149,197
1148,200
1147,204
1145,206
1142,208
1138,209
1135,209
1131,208
1129,206
1127,203
1127,200
1126,197
end box12
298,161
299,160
300,160
302,160
303,161
304,162
305,170
304,171
302,173
301,174
299,173
297,171
end box13
604,187
605,185
606,183
607,182
609,181
611,180
613,180
615,180
616,181
618,182
620,184
621,186
621,189
621,192
620,194
618,195
615,196
613,196
610,196
608,196
606,194
604,193
604,191
604,189
end box14
804,154
807,153
809,154
810,154
810,156
810,161
809,162
808,163
806,163
805,163
803,163
end box15
365,0
368,-1
394,0
395,4
394,23
391,26
382,28
end box16
610,177
611,176
612,175
613,175
615,175
616,176
617,177
618,178
619,180
618,181
618,183
618,185
617,186
615,187
613,188
612,187
610,186
609,185
608,184
end box17
314,92
318,89
355,89
362,92
361,100
359,103
316,103
314,99
end box18
981,185
984,180
988,179
991,182
992,188
992,205
992,213
989,215
983,214
981,209
end box19
18,161
20,160
22,159
24,159
26,159
28,160
29,161
30,163
30,165
30,168
30,170
30,172
28,174
26,176
24,176
21,176
19,175
17,173
17,171
17,169
end box20
22,160
23,160
24,159
26,159
27,160
28,161
29,162
29,164
29,165
29,167
29,169
28,170
26,171
24,171
23,171
21,170
20,169
20,167
end box21
614,160
615,160
616,160
617,160
618,160
619,161
619,162
620,165
620,167
619,168
618,169
616,169
615,169
614,168
end box22
594,173
595,172
596,172
597,172
598,173
599,174
600,175
600,180
599,181
598,182
596,182
595,182
594,181
593,180
end box23
1019,174
1020,173
1021,173
1023,173
1024,174
1024,175
1024,184
1023,185
1022,186
1020,185
1019,184
end box24
285,141
286,141
288,141
290,141
291,142
292,143
292,148
292,149
291,151
289,152
287,152
286,152
284,151
283,150
end box25
608,125
609,125
610,126
611,127
612,128
613,129
612,131
612,133
611,134
610,135
608,135
607,135
606,134
end box26
16,170
16,169
17,167
19,166
21,166
22,165
24,166
26,166
28,168
29,169
29,171
29,174
29,176
29,178
27,180
25,181
23,181
20,181
18,180
17,179
16,177
15,173
end box27
953,171
954,171
955,171
956,171
958,171
958,172
958,181
957,182
955,182
954,182
952,181
end box28
20,171
23,170
24,171
26,171
26,172
27,174
27,175
27,177
26,178
25,179
24,180
22,180
21,180
20,179
18,179
18,177
end box29
598,144
599,144
601,143
602,144
603,145
603,152
602,153
600,153
599,153
598,152
end box30
49,138
50,136
50,134
52,132
54,132
57,131
59,131
63,131
64,134
64,147
63,150
60,152
57,152
54,151
52,150
50,148
49,145
49,143
end box31
1019,140
1020,139
1023,139
1024,140
1025,141
1025,150
1023,151
1022,152
1019,152
1018,151
end box32
152,143
153,143
156,143
157,143
158,144
158,151
158,153
156,154
154,154
153,154
151,153
end box33
607,144
608,143
609,144
610,143
611,144
612,145
612,146
612,150
612,152
611,153
609,153
608,153
607,152
end box34
614,160
615,160
616,160
617,160
618,160
619,161
619,162
620,165
620,167
619,168
618,169
616,169
615,169
614,168
end box35
356,44
359,34
367,35
375,38
382,41
387,45
387,54
387,60
387,64
388,69
387,73
387,79
387,88
382,93
375,98
366,100
358,101
357,88
end box36
1043,136
1044,134
1046,132
1048,133
1051,133
1053,134
1055,134
1057,136
1057,138
1058,140
1058,143
1057,145
1057,147
1055,149
1053,150
1051,152
1048,152
1045,152
1043,150
end box37
147,148
148,146
148,144
149,143
151,141
153,142
154,141
156,141
159,141
160,143
161,145
161,147
161,150
161,152
161,154
159,156
157,157
155,158
152,157
150,157
148,155
148,153
147,151
end box38
1016,143
1016,141
1017,139
1018,138
1020,138
1023,137
1025,138
1027,138
1029,140
1029,142
1029,144
1029,147
1029,149
1029,151
1027,153
1025,155
1023,155
1020,155
1018,155
1016,152
1016,150
end box39
end total40boxes
