572,189
573,184
577,177
581,174
587,174
593,173
598,173
604,174
610,175
614,178
618,184
621,189
622,196
622,204
620,211
613,213
605,213
598,211
593,211
587,212
579,212
574,209
573,202
573,196
end box0
620,178
621,175
622,171
624,169
628,169
631,169
637,169
641,169
643,171
645,174
646,178
647,182
647,186
645,190
642,192
638,191
634,191
631,190
628,190
625,189
622,188
621,184
620,181
end box1
76,241
79,230
85,219
95,214
107,213
118,213
127,213
138,213
150,213
157,220
165,231
171,241
171,255
171,269
167,280
152,283
138,282
127,283
117,285
107,284
93,284
80,280
76,268
76,254
end box2
651,176
651,174
652,173
654,172
656,171
663,171
666,172
667,174
668,176
669,179
669,182
668,185
665,185
662,185
655,185
652,185
651,184
650,181
650,179
end box3
660,172
663,169
667,166
670,165
683,165
686,166
691,168
695,171
696,176
694,180
690,184
685,184
668,184
663,184
660,180
658,176
end box4
661,140
662,139
664,139
665,140
665,140
666,145
665,146
664,147
663,147
662,147
661,146
end box5
end total6boxes
