602,180
604,177
607,174
609,172
613,172
624,172
627,174
630,176
632,180
633,184
633,189
631,192
626,193
621,192
611,193
607,192
603,192
602,188
602,184
end box0
563,174
563,173
565,171
566,170
568,169
576,169
578,170
579,172
580,174
580,177
580,180
579,182
577,183
567,183
565,183
563,181
562,179
562,177
end box1
554,177
555,174
558,171
560,169
563,169
575,169
578,171
581,173
583,176
583,181
583,185
581,189
577,190
562,189
559,189
555,188
554,184
554,180
end box2
549,170
550,169
553,169
554,169
555,170
556,171
556,172
556,173
556,174
556,176
555,177
553,177
552,178
551,178
550,177
549,176
548,175
end box3
571,189
573,185
576,182
578,180
582,179
595,179
598,181
602,185
604,188
605,193
605,198
603,203
598,205
592,204
581,203
576,203
572,202
571,197
570,193
end box4
547,176
548,174
549,172
550,171
552,170
559,170
561,171
563,173
564,175
564,178
564,180
563,183
560,184
551,184
549,184
547,182
547,180
547,178
end box5
274,187
274,184
274,180
275,175
277,168
282,158
288,156
293,164
296,172
297,178
298,183
297,187
297,190
296,193
295,196
294,201
293,211
289,222
281,221
278,206
278,198
276,195
275,192
274,190
end box6
80,188
80,185
81,181
82,176
84,170
89,161
95,157
101,163
105,172
105,178
106,183
106,188
105,191
106,195
104,199
103,206
101,215
96,223
87,224
82,215
81,204
81,198
80,194
80,191
end box7
119,186
119,182
120,176
121,169
125,161
132,148
140,147
147,158
151,168
152,175
153,181
153,186
153,191
152,195
150,200
150,209
149,223
142,230
130,229
124,219
123,205
123,198
121,195
120,190
end box8
180,190
180,187
180,183
180,178
183,169
188,157
194,156
199,166
203,174
204,181
204,186
204,190
203,193
203,197
202,200
200,205
199,216
196,228
187,228
184,211
183,201
182,198
181,195
180,193
end box9
135,188
135,185
135,180
136,174
137,164
144,151
149,151
155,165
158,174
158,180
159,184
159,188
159,191
158,194
156,197
155,201
154,212
152,230
142,230
138,213
138,201
137,197
135,194
135,191
end box10
111,190
111,187
111,182
112,176
114,168
120,157
127,152
134,160
137,172
137,180
137,185
137,189
137,193
138,198
136,202
135,209
133,221
128,233
118,233
114,215
113,205
111,200
110,197
111,193
end box11
889,124
890,123
904,123
905,125
905,137
903,139
889,138
888,136
end box12
882,180
883,179
890,178
892,179
893,181
893,195
891,196
883,196
881,194
end box13
681,105
682,105
685,105
686,105
686,115
685,116
683,116
682,116
680,115
end box14
end total15boxes
