243,215
260,195
282,189
305,189
319,189
329,190
338,189
347,191
358,193
373,196
392,203
418,218
427,240
420,254
388,260
364,261
350,261
339,259
281,261
255,252
245,238
end box0
494,195
495,191
499,188
503,187
507,187
516,187
519,188
522,189
527,192
530,195
532,201
531,206
527,209
522,210
517,209
499,207
496,204
495,200
end box1
572,191
572,189
574,188
575,186
577,186
582,185
585,186
587,187
588,189
589,191
589,194
589,197
589,200
586,201
583,201
578,200
576,201
574,200
572,198
572,196
572,194
end box2
621,192
621,191
623,189
624,188
626,187
634,187
636,188
638,190
639,192
639,195
638,198
637,200
634,201
632,201
627,201
625,201
622,201
621,200
620,197
620,195
end box3
634,197
635,194
638,191
640,189
643,189
646,189
652,189
655,189
658,190
661,193
663,196
663,201
663,205
661,208
656,210
652,209
646,209
643,209
639,209
635,208
634,204
634,200
end box4
815,271
855,228
899,207
946,202
980,200
1007,201
1032,202
1058,202
1088,207
1132,211
1177,233
1214,273
1226,327
1209,360
1145,377
1096,383
1062,382
1033,375
943,378
886,382
826,362
809,326
end box5
636,195
636,193
638,192
639,190
641,190
643,189
646,189
649,190
651,190
653,193
653,195
653,198
653,201
652,203
650,204
647,204
645,204
642,205
640,205
637,204
636,203
635,200
635,198
end box6
555,194
555,191
556,190
558,189
560,188
565,188
567,188
570,189
571,191
572,193
572,196
572,199
571,201
569,202
566,203
564,202
561,202
559,202
557,202
555,200
555,198
554,196
end box7
437,208
438,200
442,195
451,194
458,195
462,196
467,196
471,196
476,196
481,199
486,203
493,209
497,217
496,224
489,229
480,230
473,230
467,230
462,229
458,228
445,226
440,222
438,215
end box8
335,206
346,192
363,188
379,189
388,189
402,189
409,190
416,190
425,194
440,199
459,209
469,226
463,236
440,241
421,240
410,239
344,233
336,222
end box9
645,197
647,194
649,191
652,190
655,190
657,190
662,190
665,190
668,191
671,194
673,197
674,201
674,205
672,208
667,209
663,209
660,208
657,208
654,208
651,208
647,207
645,204
645,200
end box10
516,196
517,192
520,189
524,188
539,188
542,190
545,192
548,196
550,200
549,205
546,208
541,209
537,209
520,206
517,203
516,200
end box11
624,192
624,191
625,190
625,189
626,189
630,189
631,189
632,190
633,192
633,193
633,195
633,197
631,197
630,197
628,198
627,198
625,197
624,197
624,196
624,194
end box12
604,190
604,188
605,186
606,185
608,184
615,184
617,185
618,187
619,189
619,192
619,194
618,197
617,198
607,198
605,197
604,196
604,193
604,191
end box13
656,196
656,194
657,192
658,191
660,190
662,190
665,190
667,190
669,192
670,193
671,195
671,198
671,200
670,203
668,204
666,204
664,204
661,204
659,204
657,203
656,202
656,199
655,197
end box14
576,191
576,190
577,189
578,189
581,188
583,189
584,189
584,190
585,192
585,193
585,195
585,197
584,198
582,198
580,198
579,198
577,198
576,197
576,196
end box15
589,190
589,188
590,187
592,185
593,185
600,185
602,186
603,187
604,189
604,192
604,194
603,197
601,197
592,197
590,197
589,196
588,194
588,191
end box16
541,194
542,192
543,191
545,190
547,189
549,189
550,189
552,190
554,192
555,193
556,195
557,198
556,200
556,203
554,204
551,205
549,205
546,204
545,204
543,203
541,201
540,197
end box17
435,196
437,188
444,184
453,185
470,186
475,186
481,188
488,191
495,196
499,205
497,212
487,216
478,216
472,215
445,214
437,210
435,204
end box18
551,193
552,190
554,187
557,186
560,186
567,186
570,186
573,187
576,190
578,193
579,197
579,201
576,204
572,205
568,204
559,204
556,204
552,203
550,200
550,196
end box19
44,243
61,212
82,193
113,185
139,182
161,187
179,196
196,202
215,204
239,210
261,225
286,249
298,282
291,305
258,319
228,328
204,331
182,330
161,333
139,335
113,333
82,325
53,304
45,279
end box20
648,177
649,177
649,178
650,179
650,180
650,181
650,183
649,184
647,184
646,184
645,184
644,184
643,183
end box21
514,163
514,163
515,162
516,161
517,161
518,161
519,162
520,163
521,164
522,165
522,166
522,168
521,169
520,170
519,171
517,171
516,171
515,170
514,169
513,168
end box22
520,172
521,173
521,174
522,175
522,177
522,179
521,180
520,180
517,180
516,180
515,179
end box23
549,175
549,175
550,176
550,177
550,178
550,179
550,180
549,181
548,182
547,182
546,182
545,181
544,180
end box24
526,174
529,173
530,174
530,174
531,175
532,176
531,178
531,180
531,181
529,181
527,181
526,181
525,179
end box25
606,176
613,176
614,177
615,179
615,180
615,182
614,184
613,185
606,185
605,184
604,183
end box26
512,161
513,160
514,158
516,158
517,157
519,158
521,158
523,160
523,162
524,164
524,165
524,168
523,170
522,172
520,173
518,173
515,173
513,172
512,170
512,168
511,165
end box27
659,179
660,179
660,179
661,179
662,179
662,179
663,179
664,180
664,181
664,182
664,183
664,184
663,185
662,186
661,186
660,186
659,185
659,184
end box28
599,179
600,178
602,176
612,176
614,177
616,179
616,181
616,184
616,187
615,190
613,191
603,191
601,190
599,188
599,184
end box29
end total30boxes
