583,203
584,196
588,189
593,184
601,184
607,184
620,184
629,184
634,188
638,196
640,202
640,211
640,220
638,227
630,230
621,228
614,227
607,228
600,229
591,230
584,227
583,219
583,210
end box0
572,188
572,187
574,185
575,184
577,183
585,182
588,183
589,186
590,188
590,191
589,194
588,196
586,197
576,198
573,197
572,196
571,193
571,191
end box1
642,162
642,162
643,161
644,160
645,161
646,161
646,162
647,163
647,164
647,165
647,166
647,167
646,168
646,170
644,170
643,170
642,168
642,167
end box2
692,129
693,128
696,127
697,128
698,129
699,130
700,131
700,132
700,134
699,135
698,137
697,137
695,137
694,137
693,136
692,135
end box3
725,127
726,127
728,127
729,127
730,128
731,129
731,130
731,132
731,134
730,135
729,136
727,136
726,136
725,135
end box4
693,142
694,142
695,142
696,142
697,142
698,143
698,144
699,145
699,146
699,147
699,149
698,150
696,150
695,151
694,150
693,150
692,149
end box5
675,162
675,162
676,161
677,161
678,161
679,161
680,162
680,163
681,164
681,165
681,166
681,168
680,169
679,170
677,170
676,169
675,169
674,168
end box6
753,109
754,108
755,108
756,108
757,109
758,110
759,116
758,117
757,118
755,119
754,119
752,118
end box7
707,143
708,143
709,143
710,143
711,143
711,143
712,144
712,145
712,146
712,147
712,148
711,149
710,150
709,150
708,150
707,149
706,148
end box8
692,160
693,159
694,159
695,159
696,160
696,160
697,161
697,162
697,163
697,164
697,165
696,166
695,167
694,168
693,167
692,166
691,165
end box9
675,108
700,47
746,5
816,-2
872,-7
918,0
960,1
1006,0
1054,6
1121,12
1170,53
1196,112
1208,190
1185,251
1134,282
1061,289
1009,290
960,280
920,278
878,278
824,283
752,276
704,246
684,189
end box10
end total11boxes
