525,188
526,184
530,179
533,175
538,174
553,174
559,175
563,178
566,184
568,188
569,195
568,201
567,209
562,211
554,209
537,210
529,211
525,208
524,201
525,194
end box0
505,180
506,177
508,175
510,173
513,173
520,173
524,173
526,174
529,177
530,180
530,183
530,187
528,190
525,192
521,191
512,192
508,192
505,190
504,187
505,183
end box1
563,181
564,177
566,174
569,173
572,172
581,172
584,173
587,174
590,177
592,181
592,185
592,189
589,192
586,194
582,194
572,194
568,193
565,191
563,188
563,184
end box2
585,191
587,186
593,181
597,178
603,177
608,177
613,177
618,177
625,177
630,179
636,185
639,190
639,199
639,207
635,213
627,214
602,214
593,215
586,214
583,206
584,198
end box3
377,219
386,209
396,198
405,190
417,190
429,190
438,190
449,191
464,189
478,193
494,203
492,218
491,235
489,250
481,261
465,262
400,264
384,263
376,251
376,236
end box4
569,178
569,176
571,174
572,173
574,172
583,172
585,173
587,176
588,178
588,181
588,184
587,187
584,188
581,188
574,188
571,187
570,186
569,183
569,181
end box5
518,179
518,177
519,175
520,174
522,173
530,173
532,174
533,176
534,178
533,181
533,183
532,185
530,186
528,187
526,187
523,187
521,187
519,187
518,185
517,183
517,181
end box6
570,189
571,187
572,185
574,184
583,184
585,186
586,188
587,190
587,193
587,196
587,199
584,200
581,200
574,200
571,200
570,197
end box7
582,179
583,177
584,175
585,174
587,173
594,173
596,174
598,176
599,178
599,181
598,183
597,185
595,187
593,187
591,187
588,187
586,187
584,187
583,185
582,183
582,181
end box8
657,157
661,157
662,158
663,164
662,165
661,166
658,166
657,165
656,164
end box9
624,166
626,166
627,166
628,166
628,166
629,167
629,168
629,169
629,170
629,171
629,172
627,173
626,173
625,173
624,172
623,171
end box10
527,158
528,158
530,158
530,158
531,158
532,159
532,160
532,161
532,162
532,163
531,164
530,165
529,165
528,164
527,164
527,163
end box11
639,171
640,170
641,170
643,170
644,170
645,171
645,172
646,173
646,174
646,175
646,177
645,178
643,178
642,178
641,178
640,178
639,177
end box12
645,165
646,165
646,166
647,167
647,168
647,169
647,171
646,172
644,172
643,172
642,172
641,172
640,171
end box13
end total14boxes
