541,178
544,175
546,173
548,171
551,171
561,171
563,173
567,175
569,178
569,182
569,186
568,190
564,190
550,190
546,190
542,189
541,185
541,181
end box0
516,179
516,177
518,175
519,173
521,173
523,173
526,173
528,173
530,174
532,176
533,178
533,181
533,184
532,186
530,187
527,188
525,187
522,187
520,187
518,187
516,185
516,183
516,181
end box1
567,173
568,172
569,172
570,172
571,172
572,172
573,173
574,174
574,175
574,176
574,177
574,179
573,180
572,180
570,181
569,180
568,180
567,179
end box2
512,177
513,174
515,172
518,170
521,170
528,170
532,170
534,171
537,174
539,177
539,181
540,185
537,188
533,189
529,189
520,189
517,188
513,187
512,184
512,180
end box3
598,174
598,172
599,171
600,170
601,170
603,169
604,169
606,169
607,170
609,170
610,172
611,174
611,175
611,178
610,180
608,180
606,181
604,181
603,181
601,181
599,180
598,179
598,177
598,175
end box4
416,188
416,186
417,184
418,183
420,182
422,181
424,181
425,181
427,182
429,183
430,185
431,187
431,190
431,192
431,195
429,196
426,197
424,197
421,197
419,197
417,195
416,194
416,191
416,189
end box5
527,177
527,175
528,173
529,172
531,171
533,171
536,171
538,171
540,172
541,174
542,176
542,179
542,181
541,184
539,185
537,185
535,185
532,185
530,185
528,184
527,183
526,181
526,178
end box6
713,173
715,171
719,171
719,171
720,172
721,173
721,174
721,175
721,177
719,177
718,177
717,178
716,177
715,177
714,177
713,176
714,175
713,174
end box7
586,169
586,169
587,168
588,168
589,168
590,169
591,169
591,170
592,171
592,172
591,173
591,175
591,175
589,176
588,176
587,176
586,175
585,175
585,174
end box8
633,161
636,161
637,161
638,162
639,163
639,164
639,165
639,167
638,167
636,168
635,168
634,167
633,167
632,167
632,166
end box9
533,172
533,172
534,171
535,171
536,171
537,171
538,171
539,172
540,173
540,174
540,175
540,176
540,178
539,179
538,179
536,180
535,179
534,179
533,178
532,177
end box10
501,179
501,177
502,175
503,174
505,173
507,173
509,172
510,173
512,173
514,174
515,176
516,178
516,181
516,183
515,186
513,187
511,188
509,188
506,188
504,187
502,186
501,185
501,182
500,180
end box11
616,160
619,160
620,160
621,161
621,162
622,163
621,164
621,166
620,166
619,167
618,167
617,166
616,166
615,165
end box12
724,124
725,122
732,122
734,123
735,124
736,135
735,137
732,139
725,138
723,136
end box13
586,169
586,169
587,168
588,168
589,168
590,169
591,169
591,170
592,171
592,172
591,173
591,175
591,175
589,176
588,176
587,176
586,175
585,175
585,174
end box14
541,142
541,142
542,143
543,144
542,146
542,147
541,148
540,149
539,149
538,149
537,148
536,147
end box15
729,142
730,141
737,141
737,142
737,148
736,149
730,150
729,149
end box16
538,157
539,157
540,158
540,159
540,160
540,161
540,162
539,163
538,163
536,163
535,163
534,162
end box17
825,94
827,91
842,91
845,93
846,125
843,126
826,125
end box18
826,156
827,155
829,155
830,156
831,156
831,157
832,158
831,160
831,161
830,162
829,163
828,163
827,163
826,162
825,161
end box19
685,155
686,154
688,154
689,155
690,155
690,160
690,162
688,162
687,163
686,162
685,161
end box20
504,173
505,172
506,172
507,172
508,172
509,172
510,173
511,174
511,175
511,176
511,177
511,179
510,180
509,181
507,181
506,181
505,180
504,179
end box21
516,155
517,155
519,154
520,155
520,155
521,156
521,160
520,161
519,162
518,162
517,162
516,162
end box22
581,111
582,111
584,111
585,111
586,119
585,120
583,120
582,120
581,119
end box23
509,158
513,158
514,158
514,159
514,164
514,165
513,165
511,165
510,165
509,165
end box24
664,144
664,143
665,143
666,143
666,144
667,145
667,150
666,151
665,151
664,151
663,150
end box25
end total26boxes
