772,223
787,209
801,200
816,197
827,196
837,195
846,194
855,196
867,197
883,200
900,207
912,223
914,240
909,254
889,262
868,262
856,264
846,266
837,266
827,264
815,263
793,262
774,255
769,241
end box0
627,174
631,174
632,174
632,175
633,176
633,177
633,178
633,180
632,180
630,181
628,181
627,181
626,180
625,179
end box1
622,178
623,176
624,175
625,174
632,174
634,174
636,176
637,178
637,180
637,182
636,184
634,185
626,185
624,185
622,184
622,181
621,179
end box2
557,178
558,176
559,175
560,174
561,173
566,173
568,173
569,174
571,176
572,177
572,180
572,182
571,184
569,185
566,185
564,185
563,185
561,185
559,185
557,183
557,181
557,179
end box3
592,124
593,123
596,123
597,124
597,131
596,131
593,131
592,131
end box4
441,124
441,123
442,121
444,120
446,119
448,119
450,119
451,120
453,122
453,124
454,126
454,127
454,130
454,132
453,134
450,136
448,136
445,136
443,135
442,133
441,131
441,129
end box5
590,175
590,174
591,173
592,173
593,173
594,174
595,175
595,176
595,178
595,180
595,182
594,183
592,184
591,183
590,182
589,180
end box6
656,140
657,140
658,140
659,140
660,140
660,140
660,141
661,142
661,143
661,144
661,145
660,146
659,147
658,147
657,147
656,146
end box7
920,108
921,107
935,107
936,109
936,121
934,122
920,122
919,120
end box8
562,174
562,174
563,173
564,173
565,173
566,173
567,174
567,175
568,176
568,177
568,178
568,180
567,181
565,181
564,181
563,181
562,180
561,180
end box9
657,132
658,131
659,131
660,131
661,132
662,132
662,133
662,134
663,135
662,136
662,138
662,139
661,139
659,140
658,139
657,139
end box10
656,140
657,140
658,140
659,140
660,140
660,140
660,141
661,142
661,143
661,144
661,145
660,146
659,147
658,147
657,147
656,146
end box11
end total12boxes
