442,200
447,193
455,185
461,180
469,178
478,177
485,176
494,177
502,179
509,184
518,192
522,200
523,211
521,223
516,231
504,233
494,232
485,232
478,232
470,232
460,232
449,230
444,222
442,211
end box0
648,193
649,189
651,187
654,184
657,183
660,183
666,183
671,183
675,184
677,188
677,192
677,197
676,201
674,204
671,206
666,206
663,207
660,208
655,208
651,207
648,205
647,201
647,197
end box1
845,274
888,233
933,209
982,206
1016,205
1040,205
1064,206
1089,206
1116,213
1160,217
1203,238
1247,275
1261,329
1237,358
1174,373
1119,372
985,371
928,374
860,361
837,330
end box2
505,191
504,185
507,180
512,177
517,177
522,178
527,178
531,178
536,179
540,181
542,186
545,191
546,197
547,203
545,209
539,211
533,211
527,210
522,209
517,210
511,210
507,207
506,202
506,196
end box3
633,188
634,185
636,182
638,180
641,179
650,179
654,179
657,180
659,184
660,188
660,191
659,195
658,199
654,200
650,201
647,201
644,201
640,201
637,200
634,199
633,195
633,191
end box4
597,175
598,174
600,174
601,175
602,176
603,177
603,182
602,183
601,184
599,184
598,184
597,183
596,182
end box5
607,161
608,160
609,160
610,160
611,161
612,162
612,163
613,168
612,169
611,170
609,171
608,170
607,169
end box6
680,172
681,171
683,171
684,172
685,172
686,179
685,180
684,181
682,182
681,181
680,180
end box7
952,85
954,80
985,81
987,84
989,117
989,122
951,122
951,116
end box8
606,175
607,175
608,175
609,175
610,175
610,176
611,177
611,178
611,180
611,181
610,182
609,183
608,184
607,183
606,182
605,181
end box9
end total10boxes
