560,179
565,179
566,179
567,180
567,181
568,182
567,184
568,185
566,186
564,186
563,186
562,186
561,186
560,185
559,184
end box0
565,195
566,189
572,182
578,180
584,179
590,180
595,180
601,180
607,180
612,183
617,189
620,195
621,203
621,211
617,218
610,220
601,218
584,218
575,219
569,217
566,210
566,202
end box1
538,183
538,181
540,179
541,178
543,178
550,178
552,179
554,180
555,182
555,185
556,188
555,191
552,191
549,191
542,191
540,191
538,189
537,187
537,185
end box2
576,177
577,176
577,176
578,175
582,175
583,175
584,176
584,177
584,178
584,179
584,181
583,181
578,181
577,181
576,180
576,179
576,178
end box3
544,179
545,178
549,178
550,179
551,180
551,181
552,182
551,184
552,185
550,186
549,186
547,186
546,186
545,186
544,185
543,184
end box4
593,177
594,175
599,175
600,175
601,176
602,177
602,178
602,180
602,182
600,182
595,182
594,181
593,180
593,179
end box5
677,159
683,159
684,159
685,160
685,167
684,168
682,168
679,168
677,168
676,167
end box6
658,159
662,159
663,160
664,161
664,166
663,167
662,167
660,168
659,167
658,167
657,166
end box7
609,178
610,177
611,177
613,177
614,177
615,178
616,179
616,180
616,181
616,182
616,184
615,185
614,185
612,186
611,185
610,185
609,184
608,183
end box8
675,173
676,173
677,173
678,173
679,173
680,174
680,175
680,180
680,181
679,181
677,182
676,181
675,181
end box9
644,164
644,164
645,164
646,164
646,164
647,164
648,165
648,166
648,167
648,168
648,169
647,170
646,171
645,171
644,171
643,170
643,169
end box10
710,169
711,169
713,169
714,169
715,170
715,175
715,177
714,177
712,178
711,177
710,177
end box11
end total12boxes
