405,194
412,186
418,179
424,174
432,174
439,173
446,173
453,174
460,175
467,179
474,186
480,193
482,204
482,214
476,221
463,224
454,224
447,224
439,222
432,222
423,222
410,220
405,213
403,204
end box0
620,175
621,173
622,171
623,170
625,169
632,169
634,170
636,172
637,174
636,177
637,179
636,182
634,183
624,183
622,183
620,181
620,179
620,176
end box1
618,175
619,172
622,170
624,168
627,168
638,167
640,169
643,172
645,174
645,179
645,183
643,187
640,188
626,187
622,187
619,186
617,182
617,178
end box2
604,175
604,173
605,172
606,170
607,170
612,169
614,170
615,171
616,173
617,175
617,177
617,179
617,181
615,182
613,183
608,183
606,183
604,182
603,180
603,178
603,176
end box3
652,177
652,175
653,174
654,172
655,172
657,171
658,171
660,171
662,172
663,173
664,175
665,177
665,179
665,181
665,183
663,184
661,185
658,185
657,185
655,184
653,183
652,182
651,180
651,178
end box4
638,177
638,175
639,174
639,172
641,171
643,171
644,170
646,171
648,172
649,173
650,175
651,177
651,178
651,181
651,183
649,185
647,186
645,185
642,185
641,185
639,183
638,182
638,180
637,178
end box5
673,160
673,160
674,159
675,159
676,159
677,160
678,160
678,161
679,162
679,163
679,164
679,166
678,166
676,167
675,167
674,167
673,166
672,166
672,165
end box6
573,160
573,159
574,158
575,158
576,158
576,159
577,160
577,160
577,161
577,162
577,163
577,164
577,165
576,166
575,167
574,166
573,165
573,164
end box7
end total8boxes
