508,188
508,186
510,184
511,183
513,183
522,183
524,183
526,186
528,188
528,191
528,194
527,197
524,198
513,198
510,198
508,196
507,194
507,191
end box0
539,180
539,178
541,177
542,176
544,175
551,175
553,176
555,178
556,180
557,183
557,186
556,189
553,189
543,189
540,189
538,188
538,185
538,183
end box1
566,194
568,189
572,182
577,179
583,179
589,178
594,178
600,179
606,179
611,182
616,188
618,194
620,202
619,209
616,217
611,220
601,217
582,218
572,220
567,217
565,209
566,201
end box2
510,182
510,180
511,179
513,177
515,177
523,177
525,178
526,180
527,182
528,185
528,188
527,191
524,191
514,192
511,192
509,190
509,187
509,185
end box3
521,188
521,186
522,185
524,183
526,183
532,182
534,183
536,184
537,186
538,188
538,191
538,194
538,197
535,198
532,198
527,198
525,198
523,197
521,195
521,193
520,191
end box4
605,180
605,178
606,176
608,174
610,174
617,174
619,175
621,177
622,179
622,182
622,185
621,187
619,189
616,189
609,188
607,188
605,186
605,184
605,182
end box5
551,188
551,186
553,185
555,183
565,183
568,183
569,185
570,188
571,191
570,194
569,197
566,197
556,197
553,198
551,196
550,194
550,191
end box6
611,174
612,174
616,174
618,174
618,175
619,177
619,178
619,180
619,182
617,183
616,183
614,183
613,183
611,182
610,182
610,180
end box7
544,177
544,176
549,176
550,177
551,178
552,179
552,180
552,182
552,184
550,184
549,184
546,184
544,184
543,184
543,183
end box8
603,188
604,186
605,185
607,184
612,184
614,185
616,186
617,187
618,189
618,192
618,194
617,197
615,198
613,199
611,198
608,198
606,198
604,197
603,195
602,191
end box9
560,177
565,176
566,177
567,178
567,179
568,180
568,182
568,184
566,184
564,184
562,184
561,184
560,183
559,182
end box10
647,162
651,162
652,163
653,164
653,169
652,170
651,171
649,171
648,170
647,170
646,169
end box11
644,174
645,173
646,173
647,173
648,174
648,174
649,175
649,176
649,177
649,178
649,179
648,180
647,181
646,181
645,181
644,180
643,179
end box12
662,163
663,163
663,164
664,165
664,166
663,167
663,169
663,170
661,170
660,170
659,170
658,169
657,168
end box13
658,173
658,173
659,172
660,172
661,172
662,173
662,173
663,174
663,175
663,176
663,177
663,178
662,179
661,180
660,180
659,180
658,179
657,178
end box14
end total15boxes
