577,172
577,172
578,171
579,171
580,171
581,172
582,172
582,173
583,174
583,175
583,176
583,178
582,179
580,179
579,179
578,179
577,179
576,178
575,177
end box0
545,172
545,172
549,172
550,172
550,173
551,174
551,175
551,176
551,178
550,179
548,179
547,179
546,179
545,178
544,178
543,177
end box1
560,173
560,173
564,173
565,173
565,174
566,175
566,176
566,177
566,179
565,179
563,180
562,180
561,180
560,179
559,179
558,178
end box2
626,175
626,175
627,174
628,174
629,174
630,174
631,175
632,176
632,177
632,178
632,179
632,181
631,182
629,182
628,182
627,182
626,182
625,181
624,180
end box3
607,174
608,173
609,173
609,173
610,173
611,173
612,173
612,173
613,174
613,175
613,176
613,177
613,178
612,179
611,179
610,180
609,179
608,179
607,178
607,178
end box4
594,172
594,172
595,171
596,171
597,171
598,172
599,172
599,173
599,174
599,175
599,176
599,178
599,178
597,179
596,179
595,179
594,178
593,178
end box5
643,175
643,174
644,174
645,174
646,174
647,174
648,175
648,176
649,177
649,178
649,179
649,181
648,182
647,183
645,183
644,183
643,182
642,181
end box6
771,174
775,174
776,175
777,176
777,181
776,182
775,183
773,183
772,183
771,182
770,181
end box7
595,162
596,163
596,163
597,164
597,165
597,166
597,167
596,168
595,168
594,168
593,168
592,167
592,167
end box8
802,190
803,189
804,189
805,189
806,190
807,191
808,192
808,197
807,198
806,199
804,200
803,200
802,199
end box9
814,43
816,41
830,42
831,44
831,56
829,58
815,57
end box10
772,190
773,189
774,189
775,189
776,190
777,191
778,192
778,197
777,198
776,199
774,200
773,199
772,198
771,197
end box11
707,137
708,137
709,136
710,136
711,137
712,138
712,145
711,146
709,146
708,146
707,145
end box12
709,130
710,130
711,130
712,130
713,131
713,131
713,137
712,138
711,138
710,138
709,137
end box13
580,129
580,129
581,129
582,129
582,129
583,130
583,135
582,135
581,136
580,135
579,135
end box14
1048,142
1049,142
1051,141
1052,142
1053,143
1053,144
1053,148
1053,150
1052,151
1050,151
1049,151
1048,150
end box15
end total16boxes
