522,181
523,179
525,178
526,177
535,176
538,177
540,179
541,181
542,184
542,187
540,190
537,190
527,190
524,191
522,189
521,187
521,184
end box0
484,182
486,179
488,177
490,175
493,175
500,175
503,175
506,177
508,179
510,182
511,185
511,189
509,193
505,194
501,194
492,194
489,193
486,192
485,188
485,185
end box1
505,182
506,180
507,178
509,178
516,178
518,178
520,179
521,181
522,184
522,186
521,189
518,189
515,189
510,188
508,189
506,188
505,186
505,184
end box2
488,187
488,185
489,183
490,182
492,181
501,182
503,183
504,185
506,187
506,190
506,193
505,196
503,197
499,197
492,197
489,196
487,195
487,192
487,190
end box3
490,182
490,181
491,179
493,177
495,177
500,177
502,177
504,178
506,180
507,182
507,185
507,188
506,190
504,191
501,191
494,191
492,191
490,189
490,187
490,185
end box4
510,181
511,179
517,179
518,180
518,181
519,182
518,184
519,185
517,186
515,186
513,186
512,186
511,185
510,184
end box5
554,181
554,179
555,177
556,176
558,175
563,175
565,175
567,176
568,179
569,180
569,183
569,185
568,188
566,189
564,189
559,189
557,190
555,189
554,187
553,185
553,182
end box6
526,181
528,178
533,178
535,178
536,179
536,181
537,182
536,184
536,186
535,187
533,187
530,187
528,187
527,186
526,185
526,183
526,182
end box7
146,218
155,206
168,199
180,196
191,197
200,198
207,197
215,198
226,197
239,200
252,207
260,219
263,234
260,248
246,255
228,255
178,256
161,256
148,248
144,234
end box8
672,143
676,143
677,143
677,144
678,145
678,147
677,149
677,150
675,150
674,150
673,150
672,150
671,148
end box9
580,160
580,160
581,159
582,159
583,159
584,159
585,160
585,161
586,162
586,163
586,164
585,166
585,167
583,167
582,168
581,167
580,167
579,166
579,165
end box10
end total11boxes
