155,218
182,196
204,181
230,177
249,177
265,177
278,177
294,177
311,179
336,183
363,196
386,219
397,250
388,271
353,282
316,282
296,282
279,279
265,277
250,277
227,281
192,281
157,270
148,249
end box0
-2,222
14,208
33,198
48,195
61,196
72,197
81,196
91,197
105,196
120,199
139,207
155,222
159,243
153,259
133,270
110,268
39,272
19,271
-2,261
-5,244
end box1
1089,205
1092,202
1096,199
1099,198
1113,198
1116,199
1120,201
1124,204
1126,209
1125,214
1120,217
1114,217
1097,217
1091,217
1088,214
1087,209
end box2
92,203
92,196
96,190
103,189
110,189
125,189
131,189
136,192
140,198
144,203
146,211
145,218
140,222
132,224
126,225
120,224
115,225
110,224
98,221
94,216
93,210
end box3
1085,190
1086,189
1087,189
1088,189
1089,190
1090,191
1091,197
1090,198
1089,199
1087,200
1086,200
1085,198
end box4
end total5boxes
