132,200
139,178
155,166
181,167
200,170
212,173
223,171
234,172
247,173
261,179
277,189
299,204
309,227
306,245
282,252
251,252
236,251
224,250
212,250
202,248
163,248
145,239
137,222
end box0
3,183
4,160
18,146
41,145
62,148
78,149
94,157
109,163
120,175
124,190
129,206
134,222
132,239
126,256
111,263
95,269
79,273
62,274
42,276
25,272
15,259
end box1
58,218
65,197
79,185
102,184
120,186
132,188
143,187
154,189
165,192
178,198
191,208
210,222
220,242
218,259
197,266
171,268
157,271
144,270
132,271
120,269
69,255
63,238
end box2
440,181
441,179
442,177
443,176
445,176
452,176
454,176
456,178
457,180
457,183
457,186
456,188
453,189
451,189
446,189
444,189
442,189
440,187
440,185
439,183
end box3
425,179
426,177
427,176
429,174
430,174
437,174
439,174
441,176
442,178
442,181
442,184
441,186
438,186
435,186
429,187
427,187
425,185
424,183
424,181
end box4
428,177
428,176
429,175
429,175
430,174
434,174
435,175
436,176
436,177
436,178
436,180
436,181
435,182
433,182
432,182
431,182
430,182
429,181
428,180
428,179
428,178
end box5
502,192
503,187
507,181
512,178
518,178
540,177
545,180
548,187
550,192
550,199
549,206
547,212
541,214
516,216
508,216
503,213
501,206
502,199
end box6
374,176
374,174
375,172
376,171
378,170
385,171
387,172
388,173
389,175
389,178
389,180
388,183
386,184
384,184
377,184
375,183
374,182
373,180
373,177
end box7
412,175
412,174
412,174
413,173
413,173
417,173
417,173
418,174
419,175
419,176
419,177
419,179
417,179
416,179
415,180
414,179
413,179
412,179
411,178
412,177
411,176
end box8
255,208
255,199
258,193
267,192
275,193
285,193
290,194
296,194
301,197
305,203
310,208
313,216
313,224
307,230
299,232
292,232
286,232
end box9
365,145
366,144
367,144
368,144
369,145
370,146
371,152
370,153
369,154
367,154
366,154
365,153
end box10
339,158
344,158
345,158
346,165
345,167
343,167
340,167
338,167
end box11
367,156
371,156
372,157
373,158
373,163
372,164
371,164
368,164
367,164
end box12
end total13boxes
