833,165
833,163
835,162
837,160
839,160
847,160
849,161
851,163
852,165
852,168
852,171
851,174
848,174
845,174
838,175
835,174
833,173
832,170
832,168
end box0
829,165
831,162
833,160
836,158
839,158
849,158
852,159
855,161
858,165
858,169
858,173
855,176
851,177
847,177
838,177
835,176
831,175
829,172
829,168
end box1
871,164
875,161
879,158
883,158
897,158
900,158
906,160
910,164
912,170
911,175
905,177
898,178
881,177
875,177
870,175
869,170
end box2
426,180
426,178
427,177
429,176
431,175
438,175
441,176
442,178
444,180
444,183
444,186
443,189
440,189
437,189
430,190
427,189
425,188
425,185
425,183
end box3
785,172
785,170
786,169
788,167
789,167
796,167
798,168
799,169
800,171
801,174
801,177
800,179
797,179
794,179
788,180
786,179
784,178
784,176
784,174
end box4
865,172
865,171
867,169
868,168
870,167
878,166
881,167
882,170
883,172
882,175
882,178
881,180
879,181
871,182
868,183
866,182
865,180
864,177
864,175
end box5
1203,229
1204,226
1206,224
1208,222
1211,222
1213,222
1216,222
1218,222
1221,222
1224,223
1226,226
1227,229
1228,232
1228,236
1227,240
1223,241
1219,241
1216,241
1213,241
1210,241
1207,240
1203,239
1203,236
1203,232
end box6
835,170
835,169
836,167
838,165
840,165
846,164
848,165
850,166
851,168
852,170
853,173
853,176
852,179
849,180
846,180
844,179
841,179
839,180
836,179
835,178
834,175
834,173
end box7
640,159
641,159
642,159
643,159
644,159
645,160
646,161
646,166
645,167
644,168
642,168
641,168
640,167
639,166
end box8
581,143
585,143
586,143
586,144
587,145
587,146
587,147
587,149
586,150
584,150
583,150
582,150
581,149
580,148
end box9
651,139
652,136
655,135
670,135
672,138
672,148
671,151
653,152
651,150
end box10
651,133
651,131
653,130
670,131
670,133
670,139
668,141
652,140
650,138
end box11
661,157
662,156
664,156
665,157
666,158
667,159
667,164
666,165
665,166
663,167
662,166
661,165
end box12
601,133
602,131
621,130
622,133
622,139
620,142
602,141
601,139
end box13
479,175
479,174
480,174
481,174
482,174
483,174
484,175
484,176
485,177
485,178
485,179
485,181
484,182
483,183
481,183
480,183
479,182
478,181
end box14
611,174
612,173
613,173
614,173
615,174
616,175
617,176
617,178
617,179
617,181
616,182
615,183
613,183
612,183
611,182
610,181
end box15
711,163
712,162
713,162
714,162
715,163
715,163
716,164
716,168
715,169
714,170
713,170
712,170
711,169
end box16
640,175
641,175
642,174
643,174
644,174
646,174
647,175
647,177
648,182
647,184
645,185
643,185
642,185
640,184
640,182
end box17
612,156
615,156
616,157
617,158
617,159
617,160
617,161
617,163
616,164
615,165
613,165
612,164
611,164
610,163
end box18
673,157
674,157
675,157
676,156
677,157
677,157
677,158
678,159
678,161
678,162
677,163
676,164
675,164
674,164
673,163
end box19
657,174
658,174
659,173
660,174
661,174
662,175
662,176
663,181
662,182
661,183
659,183
658,183
657,182
end box20
614,145
615,146
616,147
616,148
616,149
616,150
616,152
615,153
614,153
612,154
611,153
610,153
609,152
end box21
648,132
650,130
673,131
675,135
674,153
670,155
650,154
647,152
end box22
646,143
646,144
647,146
647,149
646,150
646,152
644,152
641,153
639,152
end box23
669,143
670,145
670,148
669,150
659,150
658,149
end box24
594,173
595,173
596,172
597,172
599,172
600,172
601,173
601,174
602,181
601,182
599,183
597,183
596,183
594,182
593,181
end box25
632,160
632,160
633,161
634,162
633,164
633,166
633,167
631,167
630,167
629,167
628,166
end box26
476,146
477,145
479,145
480,146
480,146
480,152
479,153
478,153
477,153
476,152
end box27
661,157
662,156
664,156
665,157
666,158
667,159
667,164
666,165
665,166
663,167
662,166
661,165
end box28
673,157
674,157
675,157
676,156
677,157
677,157
677,158
678,159
678,161
678,162
677,163
676,164
675,164
674,164
673,163
end box29
853,143
854,142
856,142
857,143
857,143
858,148
857,150
856,150
855,150
854,150
853,149
end box30
768,122
769,121
770,121
772,121
772,121
773,130
772,131
770,132
769,132
768,131
end box31
end total32boxes
