886,229
915,199
946,179
978,173
1005,172
1026,176
1044,178
1064,178
1086,181
1119,184
1151,201
1177,230
1189,269
1178,296
1138,309
1090,307
1063,305
1044,302
1027,302
1008,303
979,308
931,310
889,298
879,270
end box0
717,197
732,175
748,155
773,151
797,151
815,152
831,149
850,146
871,151
895,157
914,175
924,198
932,228
928,255
907,265
867,265
847,268
831,270
814,271
799,266
777,266
733,269
715,256
714,228
end box1
196,212
201,205
209,200
217,198
223,198
247,198
254,199
262,205
268,212
271,223
269,232
260,237
248,237
240,236
222,237
214,238
202,238
194,232
194,222
end box2
536,207
559,195
576,189
590,187
599,186
608,186
615,185
623,186
635,185
652,186
672,191
689,206
690,226
680,238
655,244
598,245
585,246
563,247
535,241
530,228
end box3
69,218
74,212
81,206
87,204
94,203
111,203
118,203
125,205
132,212
137,218
139,228
138,237
130,242
119,243
111,242
105,241
100,242
93,243
85,244
74,243
67,237
68,228
end box4
458,206
472,196
484,189
495,187
504,188
525,188
534,187
548,187
562,193
571,205
571,220
568,232
551,237
534,236
525,236
518,238
511,237
504,236
493,238
475,238
459,233
456,222
end box5
2,195
2,193
3,191
4,190
6,189
11,189
13,190
15,190
16,192
16,194
16,197
16,199
16,201
14,202
12,203
9,203
7,203
5,203
3,202
2,200
2,198
2,196
end box6
468,209
473,203
477,197
483,194
489,194
495,194
500,194
505,194
513,193
521,195
526,201
529,209
529,217
527,225
522,230
512,231
506,232
500,232
494,233
488,233
480,234
470,232
465,226
466,218
end box7
12,197
13,195
14,193
15,191
17,191
19,190
21,190
23,190
25,190
28,191
28,194
28,196
28,204
26,206
23,206
21,206
18,207
16,206
14,205
12,203
12,201
12,199
end box8
430,189
431,188
433,188
434,189
436,189
436,196
436,198
434,198
431,198
429,198
end box9
428,173
429,172
432,172
433,173
434,174
434,183
432,184
429,184
427,184
end box10
491,156
492,155
493,155
495,155
496,156
497,157
497,166
495,167
494,168
492,168
490,166
end box11
23,188
25,174
29,160
40,151
55,151
95,151
112,151
124,158
129,173
129,188
126,202
125,217
120,229
106,235
94,237
82,237
68,240
54,242
40,242
27,234
24,218
24,203
end box12
26,185
29,170
36,156
50,150
66,150
104,151
120,150
134,156
141,170
144,185
143,201
142,217
134,230
118,235
105,236
92,234
79,236
64,240
48,241
33,234
26,219
25,203
end box13
end total14boxes
