677,190
679,187
682,184
685,181
688,181
703,181
706,183
709,187
712,190
712,195
712,201
710,206
705,206
687,205
681,207
678,205
676,200
676,195
end box0
455,196
454,190
456,183
461,181
469,181
479,182
484,182
490,183
494,186
497,191
500,196
501,203
501,210
499,216
493,219
486,220
479,219
474,218
468,218
462,217
458,214
456,208
end box1
638,191
638,190
640,188
641,187
643,186
648,185
651,186
653,187
654,189
655,191
655,194
655,197
655,200
652,200
649,200
644,200
642,201
639,201
637,199
637,196
637,194
end box2
637,191
639,188
641,186
643,184
646,184
653,184
657,184
659,185
662,188
664,191
664,195
664,199
663,202
658,203
654,202
645,203
641,203
638,202
636,198
636,194
end box3
655,191
655,189
656,187
657,186
659,185
661,185
662,184
664,185
666,185
668,187
669,189
670,190
670,193
670,195
670,198
668,199
665,200
663,200
660,199
658,199
656,198
655,197
655,194
655,192
end box4
679,179
681,175
683,172
685,170
689,171
702,170
705,171
708,175
710,178
710,183
710,188
708,192
704,193
688,192
684,192
680,191
679,187
679,183
end box5
614,180
614,180
615,179
616,178
617,179
618,179
618,180
619,181
619,182
619,183
619,184
619,185
618,186
618,188
616,188
615,188
614,186
614,185
end box6
594,180
594,180
595,179
596,178
597,179
598,179
598,180
599,181
599,182
599,183
599,184
599,185
598,186
598,188
596,189
595,188
594,186
end box7
977,41
980,36
991,31
996,28
1001,28
1006,31
1017,36
1021,41
1022,53
1022,61
1022,69
1017,73
1008,74
1002,75
996,74
980,72
977,68
977,60
977,53
end box8
709,186
710,186
711,185
713,185
714,186
715,187
716,188
716,193
715,194
714,195
712,195
711,195
710,194
709,193
end box9
670,188
671,188
672,187
673,187
674,187
676,187
677,188
677,189
677,195
676,197
675,197
673,198
672,198
670,197
669,196
669,194
end box10
725,160
726,160
728,160
729,160
730,161
731,162
732,163
732,164
731,166
731,167
730,168
729,169
727,169
726,169
725,168
724,167
end box11
726,175
727,174
728,174
729,174
730,175
731,176
732,177
732,178
732,179
732,180
732,182
731,183
730,184
728,184
727,184
726,183
725,182
end box12
738,175
739,174
740,174
741,174
742,175
743,175
743,176
743,177
743,178
743,179
743,180
743,182
741,182
740,183
739,182
738,181
end box13
708,177
709,176
710,176
711,176
712,177
713,178
714,179
714,180
714,182
714,184
713,185
712,186
710,187
709,186
708,185
end box14
757,164
758,163
759,163
760,163
761,163
762,163
763,164
764,165
764,170
763,171
762,172
760,172
759,172
758,171
757,170
end box15
737,110
738,109
739,109
741,109
742,110
743,111
744,119
743,120
741,122
740,122
738,122
736,121
735,119
end box16
627,189
628,188
629,187
630,187
631,187
632,188
633,189
633,190
634,195
633,196
632,197
630,197
629,197
628,196
627,195
end box17
757,189
757,188
758,187
759,187
760,187
761,188
762,189
762,190
762,191
762,192
762,193
762,194
762,196
761,197
759,198
758,197
757,196
756,194
end box18
773,190
773,189
774,188
775,188
776,188
777,189
778,190
778,191
778,192
778,193
778,194
778,195
778,197
777,198
775,199
774,198
773,197
772,195
end box19
739,76
739,75
740,74
741,74
742,73
743,73
745,73
746,73
747,74
748,75
748,77
748,78
748,80
748,81
747,83
745,84
743,84
742,84
740,83
739,82
739,80
739,79
end box20
end total21boxes
