35,222
53,209
67,202
81,198
92,198
101,198
110,196
119,197
131,197
147,199
166,206
180,222
182,241
177,256
154,263
132,262
119,262
110,264
57,263
37,255
31,241
end box0
574,179
574,178
575,177
575,177
581,177
582,178
583,179
583,180
583,182
583,184
581,184
579,184
577,184
576,184
574,184
573,183
574,181
573,180
end box1
593,177
595,175
600,175
601,176
602,177
602,178
602,180
602,182
600,182
598,182
596,181
595,182
593,181
593,181
593,179
593,178
end box2
560,179
565,178
566,179
567,180
568,181
568,182
568,184
568,186
566,186
565,186
563,186
562,186
561,186
559,186
559,185
end box3
611,172
615,172
615,172
616,173
617,174
617,175
617,176
617,178
615,178
614,178
613,179
612,178
611,178
610,178
609,177
end box4
525,193
524,191
526,189
527,188
529,188
536,188
537,189
539,191
540,192
541,195
541,197
540,200
537,201
535,200
529,200
527,200
525,198
524,197
524,195
end box5
516,191
517,188
520,186
523,185
532,185
534,185
536,187
540,188
542,191
544,195
543,199
540,201
536,201
532,201
522,200
519,200
516,198
515,194
end box6
502,193
504,190
506,187
509,186
512,186
519,187
522,186
524,188
528,190
530,193
531,197
531,201
528,204
524,205
520,204
512,203
508,203
505,202
503,200
502,196
end box7
544,178
544,178
545,177
547,177
548,178
549,178
549,179
550,180
550,181
550,182
550,184
549,185
548,185
546,186
545,185
544,185
543,184
end box8
553,180
554,179
556,177
557,176
566,176
568,177
570,178
572,180
572,183
572,186
571,189
567,189
565,188
558,189
556,189
554,188
553,185
553,183
end box9
481,139
482,140
483,141
484,142
483,143
483,145
483,146
482,147
481,148
479,148
478,148
477,147
476,146
475,145
end box10
737,175
738,174
739,174
740,174
741,175
742,176
742,183
741,184
739,184
738,184
737,183
end box11
514,176
514,176
515,176
516,176
516,176
517,177
518,177
518,178
518,179
518,180
518,181
517,182
516,182
515,183
514,182
513,182
513,181
end box12
589,129
590,129
592,129
593,129
593,129
593,135
592,136
591,136
590,136
589,135
end box13
476,158
477,157
478,157
479,157
480,158
481,159
481,166
480,167
478,168
477,167
476,166
end box14
526,145
527,144
529,144
530,144
531,145
531,152
529,152
528,152
527,152
526,152
end box15
end total16boxes
