430,189
443,180
454,174
463,173
471,173
477,173
482,172
488,173
496,173
504,175
517,180
531,189
535,202
531,212
515,217
498,215
488,213
482,214
476,214
470,214
461,215
447,215
431,211
427,203
end box0
563,179
565,176
567,173
570,170
573,169
584,169
589,169
591,171
595,175
597,179
597,184
597,189
595,195
591,196
585,195
572,196
567,196
563,194
562,189
562,184
end box1
553,179
554,177
555,175
556,174
558,173
560,172
564,172
567,172
569,173
570,176
570,178
569,186
566,187
564,188
562,188
559,188
556,189
554,188
553,186
552,183
553,181
end box2
601,177
601,175
603,174
605,172
607,172
615,172
617,173
619,175
620,177
620,180
621,183
620,186
616,187
613,186
606,187
603,187
601,185
601,182
600,180
end box3
588,179
588,177
589,175
590,174
592,173
594,173
595,172
597,173
599,174
601,175
602,177
602,178
603,181
603,183
602,186
600,187
598,188
596,187
594,187
592,186
590,186
589,184
588,180
end box4
606,175
607,174
610,174
611,174
612,175
613,176
613,177
614,178
613,180
613,181
612,182
611,182
609,183
608,182
607,182
606,181
605,180
end box5
594,176
595,175
596,174
597,174
598,175
599,175
600,176
600,177
601,178
601,179
601,180
601,182
600,183
599,184
597,184
596,184
595,183
594,182
end box6
971,23
977,19
982,19
988,23
1003,47
983,73
977,71
960,60
958,47
end box7
641,177
641,177
642,176
643,176
644,176
645,176
646,177
646,178
647,179
647,180
647,181
647,183
646,184
644,184
643,185
642,184
641,184
640,183
640,182
end box8
511,157
512,156
514,156
515,157
515,157
515,164
515,164
513,164
512,164
511,163
end box9
end total10boxes
