606,177
606,175
607,174
609,172
610,172
617,172
619,173
620,174
621,176
622,179
622,181
621,184
618,184
609,184
607,184
605,183
605,181
605,179
end box0
537,180
539,177
541,174
544,173
546,172
558,172
560,174
563,177
566,180
566,184
566,188
564,192
560,193
555,192
545,192
542,192
538,191
537,187
537,183
end box1
636,176
636,175
638,173
639,172
648,172
650,172
652,174
654,176
654,179
654,182
652,184
649,185
640,184
638,184
636,183
635,181
635,179
end box2
647,177
648,175
649,173
650,172
652,172
659,172
661,172
663,174
664,176
664,179
664,181
663,184
660,184
651,185
649,184
647,183
647,181
646,179
end box3
639,176
641,173
646,173
647,173
648,174
649,176
649,177
649,179
649,181
647,181
646,182
643,181
642,181
640,181
639,180
end box4
653,172
654,172
658,172
659,172
660,173
661,175
661,176
661,178
661,180
659,180
658,181
655,181
653,180
652,180
651,179
end box5
623,173
624,172
628,172
629,173
630,174
630,175
630,176
630,177
630,179
629,180
627,180
626,180
625,180
624,180
623,179
622,178
end box6
709,196
711,190
715,187
718,192
718,198
718,214
718,223
716,227
710,225
709,217
end box7
725,153
727,153
727,154
728,156
728,157
728,159
728,160
726,161
725,162
722,162
720,161
719,161
719,159
end box8
end total9boxes
