-13,236
-10,202
-2,172
25,169
58,183
82,195
105,203
124,211
137,225
148,245
151,266
156,288
153,313
154,343
144,359
112,358
85,356
59,363
24,381
-14,389
-12,355
end box0
435,190
436,182
441,176
449,175
456,176
461,176
466,177
470,177
476,177
482,180
487,185
492,190
495,198
494,206
487,211
479,212
472,212
466,212
461,213
456,211
443,208
438,204
437,197
end box1
663,179
664,176
665,172
667,170
671,170
677,170
680,170
684,170
687,171
689,175
691,179
691,183
691,187
689,191
686,193
681,193
677,193
674,193
670,193
666,192
663,190
662,186
663,182
end box2
685,176
686,174
687,173
689,172
691,171
693,171
695,171
697,172
698,173
699,175
700,177
700,180
700,182
699,185
698,187
695,188
693,188
690,187
688,187
686,185
685,183
685,179
end box3
672,179
672,177
673,175
674,174
676,173
678,172
680,172
682,172
684,173
686,174
686,176
687,178
687,181
687,183
687,186
685,188
682,189
680,188
677,188
675,188
673,187
672,185
671,182
671,180
end box4
621,171
622,170
623,170
624,170
625,171
626,172
626,177
626,179
625,180
623,181
622,180
621,179
end box5
end total6boxes
