818,232
818,225
818,216
820,204
826,187
838,165
848,157
860,184
864,205
866,216
868,225
869,232
868,239
865,245
863,252
864,266
864,295
855,310
833,305
825,286
826,258
824,250
821,244
819,239
end box0
637,192
637,187
638,182
639,176
642,168
649,154
655,152
662,164
665,174
668,180
668,186
670,191
669,196
668,200
665,204
665,212
664,226
658,235
646,234
640,225
640,209
639,203
637,199
636,195
end box1
464,163
464,161
464,159
464,156
465,153
468,146
471,145
474,150
476,155
477,158
477,160
477,162
477,164
476,166
476,169
476,172
475,180
472,183
467,182
465,175
465,169
465,167
464,166
464,164
end box2
588,178
589,174
589,168
589,161
592,150
599,137
607,131
614,145
618,158
618,167
618,173
619,177
618,182
617,186
616,190
618,201
616,216
609,226
597,223
592,210
592,194
592,188
590,185
589,181
end box3
484,162
484,161
485,158
486,155
488,151
491,150
494,153
495,157
496,159
496,162
496,164
496,165
496,167
496,170
496,173
495,179
492,181
488,180
486,175
485,170
485,168
485,167
484,165
end box4
437,162
437,160
437,158
437,156
439,153
441,147
444,146
447,149
449,154
450,157
450,159
450,161
450,163
449,165
449,168
449,171
448,178
445,181
441,180
438,173
438,168
438,166
437,165
437,163
end box5
720,193
720,191
719,187
719,181
721,173
726,164
732,162
737,170
739,180
739,186
739,190
739,193
738,196
738,199
738,202
738,207
737,219
733,228
724,227
721,216
721,205
721,201
720,198
720,196
end box6
458,157
458,155
459,151
462,144
466,142
469,147
471,152
471,155
471,158
471,160
471,162
470,164
470,167
470,171
470,178
466,183
461,181
459,173
459,168
459,165
end box7
603,130
604,130
605,129
606,129
607,129
609,130
609,130
610,132
611,133
611,134
611,136
611,137
610,139
608,140
606,140
605,140
603,139
602,138
end box8
779,45
779,44
780,43
781,42
782,42
783,42
784,43
785,44
786,45
786,46
786,47
786,48
786,50
785,51
784,52
782,52
781,52
780,51
779,50
779,49
end box9
end total10boxes
