581,203
582,197
586,190
590,185
597,185
603,184
609,184
616,185
623,186
627,190
631,197
633,202
634,210
633,218
632,227
626,230
617,228
610,227
603,227
596,229
587,229
583,226
582,217
583,210
end box0
704,178
704,176
705,175
707,173
708,173
710,172
713,172
715,173
717,174
718,176
719,177
719,180
719,182
718,185
716,186
714,186
711,186
709,186
707,186
705,185
704,184
704,181
704,179
end box1
677,143
681,142
682,143
682,144
683,145
683,146
683,147
683,149
682,150
680,150
679,150
678,150
677,150
676,149
end box2
676,130
677,130
678,130
679,130
680,130
681,131
681,132
682,133
682,134
682,135
682,137
681,138
680,139
678,139
677,139
676,138
end box3
675,161
676,160
677,160
678,160
679,161
679,161
680,162
680,166
679,167
678,168
677,169
676,168
675,167
675,166
end box4
644,161
645,160
646,160
647,160
648,161
648,161
649,162
649,163
649,164
649,165
649,166
649,167
647,168
646,169
645,168
644,167
644,166
end box5
696,160
696,160
697,161
697,162
697,164
697,165
696,166
695,167
694,167
693,167
692,166
691,165
end box6
692,144
693,144
695,144
696,144
696,144
697,145
697,146
697,147
697,148
697,149
696,150
695,151
694,151
693,151
692,150
691,149
end box7
483,178
484,177
485,177
486,177
487,177
488,178
488,179
489,180
489,181
489,182
489,184
488,185
487,185
485,186
484,185
483,185
482,184
end box8
625,176
626,175
627,175
628,175
629,175
630,175
631,176
631,177
632,178
632,179
632,180
632,182
631,183
630,184
628,184
627,184
626,183
625,182
end box9
658,161
659,160
660,160
661,160
662,161
662,161
662,162
663,163
663,164
663,165
663,166
662,167
661,168
660,169
659,168
658,167
end box10
416,189
416,188
417,187
418,187
419,187
420,188
421,189
421,190
421,191
421,192
421,193
421,194
421,196
420,197
418,197
417,197
416,196
415,194
end box11
689,170
690,169
691,169
692,169
693,169
694,169
695,170
696,171
696,173
696,176
695,177
694,177
692,178
691,177
690,177
689,176
end box12
496,177
497,176
499,176
500,176
501,177
501,178
502,183
501,184
500,184
498,185
497,184
496,184
495,183
end box13
706,111
723,57
760,11
814,-6
869,-10
918,0
962,-1
1008,-1
1061,1
1121,11
1162,56
1172,113
1178,185
1162,249
1134,288
1071,302
1015,298
962,285
919,285
871,291
817,296
757,278
726,244
716,184
end box14
end total15boxes
