510,186
511,184
513,182
514,180
516,180
526,180
528,181
530,183
532,186
532,189
531,193
531,196
527,197
515,197
512,197
510,195
510,192
510,189
end box0
520,183
520,181
522,179
523,178
525,178
532,178
534,179
535,180
537,182
537,185
537,188
536,190
534,191
531,190
524,190
522,190
520,189
520,187
519,185
end box1
589,179
589,177
590,176
591,174
592,174
594,173
595,173
597,173
599,174
600,175
601,177
602,179
602,180
602,183
601,185
600,186
598,187
595,187
593,187
591,187
589,186
589,184
588,182
588,180
end box2
543,175
544,174
545,174
549,174
551,174
551,175
552,177
552,178
552,180
552,182
550,182
549,183
547,183
546,183
544,182
543,182
543,181
end box3
540,178
540,176
541,174
542,173
544,173
551,172
553,173
555,175
555,177
556,180
556,182
555,185
553,186
550,186
545,186
543,186
541,186
540,184
539,182
539,179
end box4
557,176
557,174
558,173
559,171
561,171
566,170
568,171
570,172
571,173
572,175
572,178
572,180
571,183
569,183
567,184
564,183
562,184
560,184
558,183
557,182
556,180
556,177
end box5
570,177
570,175
571,174
572,172
574,172
576,171
577,171
579,171
581,172
583,173
584,174
585,176
585,179
585,181
584,184
582,184
580,185
577,185
575,185
573,185
571,184
570,183
570,180
570,178
end box6
560,175
560,174
561,173
562,173
563,173
564,173
565,173
566,174
567,175
567,176
567,177
567,178
567,180
566,181
564,181
563,181
562,181
561,181
560,180
559,179
end box7
529,177
529,176
534,176
535,177
536,178
537,179
537,180
537,182
537,184
535,184
534,184
531,184
530,184
528,184
528,183
end box8
639,133
642,128
678,129
685,131
685,171
681,175
641,175
637,170
end box9
615,160
616,160
616,161
617,162
617,164
617,166
616,167
614,167
613,167
612,167
611,167
610,166
end box10
492,179
493,178
493,178
494,178
495,178
495,178
496,179
497,179
497,180
497,181
497,182
497,183
496,184
495,184
494,185
493,184
492,184
492,183
end box11
506,128
507,127
508,127
509,127
510,128
510,128
510,134
509,135
508,135
507,135
506,134
end box12
end total13boxes
