45,204
52,195
61,189
70,186
78,186
85,186
91,186
97,187
104,187
113,190
123,195
131,204
134,216
132,226
121,232
107,233
99,233
91,232
84,232
77,232
69,231
57,230
47,225
44,215
end box0
448,194
449,190
453,184
457,182
463,182
467,182
472,182
476,183
482,182
486,184
489,190
492,195
493,201
493,207
491,214
484,215
477,213
472,213
467,214
461,215
453,217
449,213
448,207
448,200
end box1
457,205
460,202
465,200
468,198
483,199
486,200
491,202
495,205
497,211
495,215
491,219
485,219
467,218
461,218
457,215
456,210
end box2
356,194
360,188
366,185
372,184
376,184
380,184
383,184
387,184
391,184
396,185
401,189
408,194
411,201
409,207
402,210
393,211
388,210
383,210
380,210
376,210
371,210
363,209
356,206
355,201
end box3
638,189
638,187
639,186
641,185
642,184
649,184
651,185
652,187
653,188
653,191
653,193
652,196
650,196
648,196
641,197
639,196
638,195
637,193
637,191
end box4
547,190
550,187
554,184
557,183
570,183
573,184
578,186
581,189
582,194
581,199
577,201
572,202
556,201
551,201
547,198
546,194
end box5
551,181
553,178
556,176
560,175
577,176
582,178
585,181
585,186
585,191
580,193
559,193
553,193
550,190
550,186
end box6
463,194
465,190
467,187
469,185
473,186
476,185
479,186
482,186
485,186
488,187
491,190
493,194
495,198
494,203
492,207
488,208
483,207
473,207
468,207
464,206
463,202
463,198
end box7
661,179
664,177
668,175
687,174
692,176
696,179
697,184
695,188
690,191
670,191
665,191
661,188
660,184
end box8
685,192
685,190
686,187
686,183
688,177
691,171
697,168
701,173
703,180
703,186
704,189
704,192
704,195
703,198
703,201
705,210
704,219
697,218
689,219
684,218
685,206
686,199
686,197
685,195
end box9
719,125
721,123
733,122
736,124
737,126
736,138
734,140
728,141
722,140
720,139
719,137
end box10
537,180
537,178
538,176
539,175
541,174
543,173
544,173
546,173
548,174
550,175
552,177
552,179
553,182
552,184
551,186
549,188
547,189
545,189
542,189
540,189
538,187
537,185
536,183
536,181
end box11
541,176
542,175
543,175
544,175
546,175
547,175
548,176
549,177
550,179
550,180
550,182
549,184
548,185
546,186
544,186
543,186
541,185
540,184
539,183
end box12
418,180
419,179
420,179
421,179
422,179
423,180
423,181
424,182
424,183
423,184
423,186
423,187
422,188
420,188
419,188
418,186
end box13
425,188
426,187
427,187
428,187
429,187
430,188
430,189
430,193
430,195
428,195
427,196
426,195
425,195
end box14
417,189
418,188
419,188
421,188
422,188
423,189
424,190
424,191
424,192
424,193
424,195
423,196
422,197
420,197
419,197
418,196
417,195
end box15
710,175
711,174
712,174
713,174
715,174
716,175
716,176
717,179
717,182
716,184
714,185
712,185
711,185
709,184
708,183
end box16
541,190
542,189
543,189
544,189
545,190
546,191
547,192
547,197
546,198
545,199
543,199
542,199
541,198
540,197
end box17
end total18boxes
