343,222
348,213
358,202
366,197
378,197
388,198
397,196
407,197
417,198
425,203
436,213
445,221
444,236
444,251
438,260
420,261
406,257
397,255
389,255
379,256
366,259
351,259
345,250
343,237
end box0
432,210
432,205
435,199
439,196
445,196
450,195
455,195
460,196
466,196
469,200
473,206
476,210
477,217
477,224
476,232
470,234
461,232
455,231
450,231
444,232
438,231
434,228
433,222
433,216
end box1
683,198
692,185
704,174
718,169
730,169
742,169
751,169
762,170
774,171
788,175
802,184
809,199
811,215
809,232
796,240
774,239
760,238
751,239
741,240
731,241
717,242
695,241
684,232
681,216
end box2
464,196
464,192
465,188
467,184
472,184
477,185
480,185
484,185
489,185
491,189
494,192
494,196
495,201
495,206
494,211
491,214
486,214
481,213
477,212
473,212
469,211
end box3
448,197
448,192
451,186
455,184
461,183
465,183
470,183
475,183
480,183
484,186
488,192
490,196
490,203
490,209
488,215
483,218
476,217
470,216
455,215
452,212
450,207
449,202
end box4
511,178
512,175
515,172
517,170
520,169
529,169
533,169
535,171
538,174
539,178
540,182
540,186
538,190
535,192
530,191
519,192
515,191
512,189
511,185
511,181
end box5
527,188
528,187
532,187
532,187
533,188
534,189
534,190
534,191
534,193
532,193
531,193
530,194
529,193
528,193
527,193
527,192
end box6
544,176
544,176
545,176
546,176
547,176
547,176
548,176
549,177
549,178
549,179
549,180
549,181
548,182
547,183
546,183
545,183
544,182
543,181
end box7
626,196
626,194
627,192
628,189
630,184
634,181
637,183
639,189
639,193
639,195
639,197
639,199
638,201
638,203
638,207
637,215
634,218
629,216
627,210
627,205
627,202
627,201
end box8
634,192
634,190
636,186
638,180
642,179
645,182
646,187
647,191
646,201
645,205
645,212
642,216
637,216
635,208
635,202
635,200
end box9
510,162
511,161
514,161
515,161
516,162
517,163
518,164
518,165
518,167
517,168
516,169
515,170
513,170
512,170
510,169
510,168
end box10
608,155
609,154
611,154
613,155
613,155
614,162
613,164
612,164
610,165
609,164
607,164
end box11
508,174
509,173
510,173
511,173
512,174
512,174
513,175
513,176
513,178
513,179
512,180
511,181
510,181
509,181
508,180
507,179
end box12
606,145
607,144
608,144
609,144
610,145
611,146
611,153
610,154
608,155
607,154
606,153
end box13
703,153
704,152
706,151
708,150
710,149
712,150
714,151
715,152
716,154
716,156
716,159
716,161
716,163
715,166
712,167
710,167
707,167
705,166
703,165
703,162
end box14
600,141
601,142
602,143
602,148
601,149
600,149
598,150
597,149
596,149
595,148
end box15
496,188
497,188
498,188
499,188
500,188
501,189
501,190
501,191
502,192
501,193
502,195
501,196
500,196
498,197
497,196
496,195
end box16
497,176
498,175
499,175
500,175
501,176
501,176
502,177
502,178
502,179
502,180
502,181
501,182
500,183
499,183
498,183
497,182
end box17
639,155
640,154
641,154
642,154
643,155
644,156
644,162
644,163
643,164
641,165
640,164
639,164
end box18
end total19boxes
