366,227
366,219
366,208
368,195
374,173
386,152
398,159
411,182
416,199
418,211
417,220
419,227
419,234
418,241
415,247
413,257
411,280
403,305
384,308
374,284
374,257
371,248
367,242
366,234
end box0
571,191
571,189
572,186
572,181
574,175
579,165
584,160
589,168
591,178
592,183
592,188
592,191
592,194
591,197
590,200
591,207
590,218
585,224
577,223
573,214
573,203
573,198
572,196
572,194
end box1
603,222
603,216
602,209
603,198
607,182
615,163
626,169
635,187
639,201
639,211
639,217
640,222
639,227
637,231
637,237
638,247
638,267
629,282
612,286
603,276
605,248
605,238
604,232
604,227
end box2
459,223
459,218
459,211
461,202
464,187
472,173
482,174
491,187
495,201
496,210
497,217
498,223
496,228
494,232
493,237
493,247
492,264
485,276
470,278
462,269
463,245
463,237
462,232
460,228
end box3
575,190
575,187
576,182
579,174
583,172
587,177
588,184
588,188
588,191
588,193
588,195
587,197
587,200
587,204
587,213
584,218
578,216
576,207
576,201
576,198
end box4
557,111
558,109
559,107
575,106
576,108
577,111
576,114
576,117
575,120
573,122
567,123
559,121
557,119
557,116
end box5
374,120
375,117
400,115
402,119
403,123
402,128
402,132
401,137
377,138
374,135
374,131
end box6
622,158
623,157
624,157
625,157
627,157
628,158
628,160
628,165
627,167
626,168
624,168
623,168
621,167
end box7
end total8boxes
