405,194
409,190
414,185
418,182
424,182
428,181
433,182
437,182
443,182
448,184
453,190
457,194
459,202
458,210
454,215
445,215
438,213
433,212
428,213
422,215
414,216
407,215
404,209
404,202
end box0
576,178
577,176
578,174
579,173
581,173
586,172
588,172
590,173
591,175
593,177
593,180
593,183
592,185
590,186
587,186
582,186
580,186
578,186
576,184
576,182
576,179
end box1
720,116
721,111
723,106
727,102
732,99
737,98
742,98
747,99
752,102
756,105
758,111
760,116
761,121
761,128
760,135
756,139
749,141
743,143
737,142
729,142
722,140
720,134
719,127
720,121
end box2
64,199
69,190
78,187
84,195
89,267
81,267
67,264
63,258
end box3
389,193
389,191
390,190
391,188
392,188
394,187
395,187
397,187
399,188
401,189
402,191
402,193
402,195
402,197
402,199
400,201
398,201
396,201
393,201
391,202
389,200
388,198
388,196
388,194
end box4
698,129
699,127
699,125
701,123
702,122
704,121
707,121
709,121
711,122
713,124
714,126
715,128
715,131
715,133
714,136
712,138
710,140
707,140
704,140
702,139
700,137
699,135
698,133
698,130
end box5
393,192
393,191
394,190
395,190
396,190
397,190
398,190
399,191
400,192
400,193
400,194
400,195
400,197
399,198
397,198
396,199
395,198
394,198
393,197
392,196
end box6
end total7boxes
