899,260
927,223
957,195
989,180
1025,180
1053,180
1080,178
1111,174
1146,178
1189,185
1216,215
1235,256
1240,303
1229,341
1194,366
1142,367
1107,366
1079,363
1053,363
1024,368
988,371
938,361
896,344
887,307
end box0
598,193
600,188
607,182
612,179
618,179
634,180
641,179
646,182
652,188
656,193
657,202
657,211
652,217
644,218
609,218
601,217
598,210
598,202
end box1
373,200
385,189
398,181
410,179
421,179
429,180
436,178
445,179
454,179
466,182
479,189
493,201
497,217
495,230
477,236
457,237
446,238
437,236
429,235
420,235
411,234
391,235
376,228
372,216
end box2
744,208
748,201
754,196
760,192
766,191
772,191
783,191
792,190
801,191
806,198
807,207
806,216
803,223
783,232
777,233
771,235
764,236
754,236
746,233
740,226
741,217
end box3
641,175
641,173
642,171
643,170
645,169
647,169
650,169
652,169
654,170
655,172
656,174
656,177
656,179
656,182
654,183
651,184
649,183
646,183
644,183
643,182
641,180
641,178
640,176
end box4
489,186
490,179
494,174
501,173
508,174
512,174
517,174
521,175
526,175
531,177
536,181
541,186
544,194
543,201
537,205
529,207
522,207
517,206
513,206
503,204
497,203
492,199
490,193
end box5
639,174
640,171
641,168
644,167
647,167
654,166
658,166
660,168
663,171
664,174
664,177
665,181
663,185
659,186
655,186
647,185
644,184
641,183
639,180
639,177
end box6
740,195
748,188
757,184
764,182
769,182
790,181
800,181
811,185
817,194
818,205
814,212
801,216
761,218
750,217
737,213
737,205
end box7
650,178
650,175
651,174
653,172
655,172
660,171
663,172
665,173
666,175
667,177
667,180
667,182
666,185
664,187
661,188
659,187
656,187
654,186
652,185
651,184
650,182
650,180
end box8
565,176
566,172
569,170
572,168
575,168
584,168
587,168
590,170
593,172
596,176
596,180
596,185
593,188
589,189
584,188
575,188
571,188
567,187
565,184
565,180
end box9
33,243
51,212
77,190
104,178
133,178
158,185
180,188
203,184
228,186
252,198
278,219
299,246
308,284
306,316
279,340
247,353
212,349
182,338
158,336
130,344
97,348
64,338
39,313
32,281
end box10
801,221
813,209
824,201
834,195
845,193
855,191
865,190
875,191
889,190
902,195
914,205
919,221
919,236
916,250
903,259
886,260
873,260
863,262
854,266
841,268
826,268
809,265
797,253
796,238
end box11
540,163
543,159
547,156
571,157
577,159
580,163
581,169
580,174
575,176
541,173
540,168
end box12
547,134
548,132
548,130
549,128
550,127
552,127
555,126
557,126
559,127
561,129
562,131
563,133
562,136
562,138
562,141
560,144
558,145
555,145
552,145
550,144
548,142
547,139
547,137
547,135
end box13
593,157
597,157
598,158
599,159
599,160
599,161
599,162
599,164
598,165
597,166
595,166
594,165
593,165
592,164
end box14
746,154
751,154
752,154
752,155
753,161
751,163
750,163
747,163
745,163
745,161
end box15
688,188
689,186
690,186
692,186
693,187
693,189
694,190
694,195
693,196
692,198
690,198
689,198
687,197
687,195
end box16
674,174
675,174
676,173
678,174
679,174
680,175
681,176
681,181
681,183
680,184
678,185
676,185
675,185
673,184
672,183
end box17
707,161
708,160
709,158
711,157
718,156
720,157
722,158
724,161
725,163
724,166
725,169
724,172
722,174
719,175
716,174
711,173
708,172
707,170
end box18
710,29
710,21
719,17
769,16
778,20
780,29
782,41
782,51
773,55
714,55
707,50
709,40
end box19
713,141
714,141
714,142
715,144
715,147
715,149
713,150
712,150
710,150
709,150
707,150
706,149
end box20
611,161
611,161
612,161
613,161
613,161
614,162
614,162
615,163
615,164
615,165
615,166
614,167
613,167
612,168
611,167
610,167
end box21
787,154
788,153
790,153
791,154
792,155
793,161
792,163
791,163
789,164
788,163
786,163
end box22
716,160
718,160
719,161
720,163
719,166
719,168
718,169
716,169
714,170
713,169
711,169
710,168
end box23
669,175
670,174
672,172
673,171
675,170
680,170
682,171
684,173
685,175
686,177
686,180
686,183
686,186
684,188
681,189
678,189
675,189
673,188
671,186
669,184
669,182
669,180
end box24
719,158
720,157
724,157
725,158
726,159
726,164
725,165
724,166
721,166
720,165
719,164
end box25
593,173
594,172
595,172
596,172
597,173
598,173
599,175
600,176
600,177
600,179
600,181
598,181
597,182
595,183
594,182
592,182
591,180
end box26
end total27boxes
