464,210
464,206
469,201
473,197
478,197
492,198
499,198
502,200
506,206
508,210
509,217
508,223
506,230
501,232
493,229
477,231
468,233
465,230
464,223
465,216
end box0
462,222
467,219
497,217
505,219
511,222
512,230
511,235
503,238
495,238
476,237
468,238
462,235
460,229
end box1
572,190
573,188
574,187
575,186
576,185
578,185
581,185
583,185
585,186
586,188
587,190
587,192
587,194
586,196
584,197
581,197
579,197
577,197
575,198
573,197
572,196
572,193
572,191
end box2
539,190
540,188
541,186
543,185
551,185
553,186
555,187
556,189
556,192
556,195
555,197
552,198
543,197
541,198
539,196
539,194
538,192
end box3
484,156
485,156
487,155
488,156
489,157
489,164
488,165
486,165
485,165
484,164
end box4
560,189
561,188
562,187
563,187
564,187
565,188
566,189
567,190
567,192
567,193
567,195
566,196
565,197
563,197
562,197
561,196
560,195
end box5
end total6boxes
