741,185
742,181
746,176
750,173
754,173
769,172
774,173
777,175
781,181
783,185
784,191
783,198
781,205
777,206
753,205
746,207
743,204
742,197
742,191
end box0
720,188
721,186
723,185
724,184
733,184
736,184
738,186
740,188
740,191
740,194
738,197
735,197
725,197
722,197
720,196
719,193
719,191
end box1
180,228
180,226
180,224
180,222
182,218
184,213
187,212
190,215
192,220
193,223
193,225
193,227
193,229
192,231
193,234
192,238
192,244
188,246
183,246
180,242
180,236
180,233
180,231
180,229
end box2
152,225
153,223
154,220
156,216
159,214
162,217
163,221
164,224
165,226
165,228
165,230
164,232
164,235
164,239
163,245
160,247
156,245
153,241
153,236
153,233
end box3
1016,28
1021,23
1042,20
1060,23
1065,27
1066,34
1065,41
1064,47
1060,52
1042,59
1038,58
1017,46
1017,40
end box4
417,176
418,174
419,174
421,174
422,175
422,176
422,185
421,186
420,187
418,186
416,185
end box5
852,173
853,172
854,172
855,173
856,173
857,174
858,180
857,181
856,182
854,182
853,182
852,181
end box6
819,161
820,160
822,160
823,160
824,161
824,166
824,167
822,168
821,169
820,168
819,167
end box7
821,144
822,143
824,143
826,143
827,144
827,151
826,153
825,153
823,154
822,153
820,153
end box8
791,178
791,178
792,177
793,177
794,177
795,178
795,178
796,179
796,180
796,181
796,182
796,183
795,184
794,185
793,185
792,185
791,184
791,183
end box9
692,161
693,160
694,160
695,160
696,160
697,161
697,162
698,163
698,164
697,165
697,167
697,168
695,168
694,169
693,168
692,168
691,167
end box10
727,143
731,143
732,144
733,145
733,150
732,151
731,151
729,152
728,151
727,151
726,150
end box11
312,102
314,98
317,96
322,93
328,93
330,98
328,134
323,134
317,132
314,128
312,122
end box12
327,104
328,99
332,98
336,98
340,100
343,103
343,108
342,111
343,113
343,116
342,118
343,121
343,126
341,130
337,133
332,134
328,131
end box13
623,153
624,153
625,153
627,153
628,153
628,155
628,162
627,164
625,164
624,164
623,163
end box14
777,173
778,172
779,172
780,172
780,173
781,174
781,174
782,176
782,178
781,179
780,180
779,180
778,179
777,179
end box15
1064,132
1067,130
1072,130
1075,131
1077,135
1077,139
1077,142
1077,151
1077,156
1076,161
1072,163
1067,164
1064,161
end box16
end total17boxes
