587,181
588,179
589,178
591,176
593,176
601,176
603,177
605,179
606,181
607,184
607,187
606,190
602,191
592,191
589,191
587,190
586,187
586,184
end box0
612,176
612,176
613,175
615,175
616,175
617,176
617,177
618,178
618,179
618,180
618,182
617,183
615,183
614,183
613,183
612,183
611,182
610,181
end box1
591,181
592,179
593,178
598,178
600,178
601,179
601,181
602,182
601,184
601,186
600,187
598,187
595,187
593,187
592,186
591,185
591,183
end box2
624,177
628,177
628,177
629,178
630,179
630,180
630,181
630,183
628,183
627,183
626,184
625,183
624,183
623,183
623,182
end box3
end total4boxes
