652,188
658,182
663,178
668,177
674,177
685,177
691,177
697,177
704,181
710,187
712,196
711,203
702,205
692,206
686,205
682,205
677,205
673,206
667,206
658,205
649,203
649,195
end box0
712,234
727,212
747,190
765,178
789,177
811,180
828,181
850,181
871,185
889,195
909,214
924,235
935,267
932,297
917,314
882,318
850,311
829,307
811,310
787,318
756,325
718,319
708,298
708,266
end box1
597,202
601,196
605,190
611,188
616,187
622,187
627,187
632,187
639,188
644,190
649,196
653,202
655,210
654,218
649,223
641,225
634,226
627,225
622,225
615,226
608,226
600,224
596,218
596,210
end box2
602,127
604,126
616,125
618,126
619,128
618,140
617,141
603,140
602,139
end box3
667,129
668,128
670,127
678,127
679,128
680,130
680,139
679,141
669,142
667,141
666,139
end box4
349,163
350,162
351,162
352,162
353,162
354,162
355,163
356,164
356,165
356,166
356,167
356,169
355,170
354,171
352,171
351,171
350,170
349,169
end box5
end total6boxes
