572,195
574,190
579,185
584,182
589,182
594,182
599,182
604,183
610,182
614,185
619,191
622,195
624,203
623,210
620,217
613,218
604,215
588,217
579,219
574,217
571,209
572,202
end box0
643,193
645,188
648,183
652,180
657,179
662,179
667,179
671,180
677,180
682,182
685,188
688,193
689,199
689,206
686,211
679,213
672,213
667,212
662,214
656,214
650,214
644,211
641,206
642,199
end box1
513,177
515,173
518,170
522,170
536,170
540,171
544,173
547,176
549,181
548,186
543,188
538,189
518,187
514,185
513,181
end box2
994,26
996,20
1000,13
1005,10
1012,9
1018,8
1023,8
1029,9
1036,10
1042,13
1047,18
1049,26
1049,34
1047,41
1042,45
1035,49
1030,52
1024,53
1018,52
1011,52
1005,49
999,45
995,40
995,33
end box3
990,63
989,57
1051,57
1052,62
1051,74
1053,81
990,80
991,73
end box4
992,94
992,87
1057,87
1057,93
1057,105
1057,113
1049,119
999,118
992,112
end box5
427,221
433,210
443,202
451,195
462,195
472,195
481,193
491,194
503,193
510,201
518,212
526,221
528,236
529,250
522,261
508,265
493,264
481,263
472,263
460,264
445,265
430,263
425,250
424,236
end box6
end total7boxes
