778,276
807,239
845,214
882,206
914,206
942,212
965,213
992,209
1019,212
1049,223
1090,245
1118,278
1133,326
1129,362
1088,388
1043,395
995,378
869,388
818,389
779,361
770,325
end box0
725,221
730,207
740,193
752,184
768,183
782,184
795,184
808,185
825,185
841,190
852,203
853,220
852,238
851,257
843,270
822,271
807,272
794,273
782,275
768,275
751,275
729,274
724,259
724,240
end box1
672,195
674,190
678,186
682,182
687,181
691,181
696,182
700,182
707,181
712,183
715,189
715,195
714,200
699,212
696,213
691,215
685,216
678,216
673,213
671,207
672,201
end box2
636,192
637,190
638,189
639,187
640,186
642,185
643,185
646,185
648,185
650,187
651,189
651,191
649,198
648,199
646,200
643,200
641,201
639,202
637,200
636,198
636,195
636,193
end box3
683,204
685,198
689,193
694,189
700,189
706,190
716,190
723,189
730,191
734,197
736,204
735,211
734,218
730,224
723,225
716,225
706,226
699,227
691,228
684,226
681,219
682,211
end box4
603,181
603,180
605,178
606,177
608,176
615,176
617,177
619,179
620,181
620,184
620,187
620,190
617,190
614,190
607,190
605,190
603,188
603,186
602,184
end box5
664,194
665,191
667,188
669,186
672,184
675,184
678,183
682,183
687,183
690,185
693,189
674,209
670,210
665,210
663,206
663,201
663,197
end box6
650,193
651,190
653,188
655,185
657,184
660,183
663,183
666,183
671,183
675,184
676,188
663,207
659,208
655,209
651,208
650,204
649,200
650,196
end box7
554,190
554,188
555,186
557,184
569,184
571,185
573,187
574,190
574,193
574,197
573,200
570,201
558,201
555,201
553,199
553,193
end box8
627,176
627,176
628,175
629,175
630,175
631,176
632,176
632,177
633,178
633,179
633,180
633,182
632,183
630,183
629,183
628,183
627,182
626,182
626,181
end box9
622,181
623,179
624,178
625,176
626,176
628,175
629,175
631,175
633,176
635,177
636,178
636,180
636,183
636,185
636,187
634,188
632,189
629,189
628,189
626,189
624,188
623,186
622,184
622,182
end box10
628,186
628,186
629,185
630,185
631,185
632,185
633,186
633,187
633,188
633,189
633,190
633,191
632,192
631,193
630,193
629,193
628,192
627,192
end box11
603,189
603,187
604,185
605,184
607,183
615,183
616,184
617,186
618,188
618,191
619,193
618,197
616,197
613,197
606,197
604,197
602,195
602,193
602,190
end box12
611,177
612,176
616,176
617,177
618,178
618,179
618,180
618,181
618,183
617,184
615,184
614,184
613,184
612,184
611,183
610,182
end box13
519,195
521,192
523,189
526,187
530,188
541,188
543,189
547,191
550,194
551,199
550,203
547,207
543,207
529,206
526,206
521,206
519,203
518,199
end box14
592,176
592,175
593,175
594,175
595,175
596,175
597,176
597,177
598,178
598,179
598,180
598,182
597,183
595,183
594,184
593,184
592,183
591,182
end box15
679,144
680,143
681,143
682,143
683,144
684,145
685,151
684,152
683,153
681,153
680,153
679,152
678,151
end box16
678,127
679,126
680,126
681,126
682,127
683,127
684,129
684,133
684,134
683,135
682,136
680,137
679,136
678,135
677,134
end box17
642,160
642,159
643,159
644,159
645,159
646,159
647,160
647,161
648,162
648,163
648,164
648,166
647,167
646,167
644,168
643,168
642,167
641,166
end box18
645,173
646,173
646,174
647,175
647,176
646,177
647,179
645,179
644,180
642,180
641,179
640,179
640,178
end box19
end total20boxes
