812,262
840,226
875,198
910,188
945,186
972,188
997,190
1024,190
1053,196
1088,205
1122,229
1154,263
1169,311
1158,348
1117,365
1058,363
1021,357
996,353
974,356
948,360
913,364
859,360
811,348
804,310
end box0
332,206
330,192
336,182
349,179
363,180
373,180
382,180
392,180
401,183
408,189
417,198
423,207
425,220
425,234
420,241
401,243
391,244
383,245
373,244
366,242
356,240
342,240
338,230
336,218
end box1
740,208
753,195
764,183
777,177
790,175
802,175
813,174
825,175
841,175
858,178
873,189
878,207
876,225
872,243
859,252
823,253
813,256
802,257
790,256
775,256
751,254
739,245
737,227
end box2
185,225
203,209
219,198
235,193
249,191
261,191
272,189
285,191
300,191
316,196
334,207
352,225
354,246
349,264
327,273
300,274
285,273
272,273
261,272
250,271
234,272
206,273
185,264
180,247
end box3
485,182
486,179
489,176
492,175
495,175
502,175
505,175
508,176
512,178
514,182
515,186
515,190
512,193
507,194
503,194
500,193
497,193
494,194
491,193
486,193
484,190
484,186
end box4
622,180
622,178
623,176
624,175
626,175
633,175
635,176
636,177
638,179
638,182
638,185
637,187
634,188
632,188
625,188
623,187
621,186
621,184
621,182
end box5
441,183
442,181
443,180
444,178
445,178
447,178
450,178
452,178
453,179
455,181
455,182
456,185
456,187
455,189
453,190
451,191
448,190
446,191
444,191
442,190
441,189
441,186
441,184
end box6
627,176
628,175
632,175
633,176
634,177
634,178
634,179
634,180
634,182
633,183
632,183
630,184
629,183
628,183
627,182
626,181
end box7
606,181
606,179
608,178
609,177
610,176
617,176
619,177
620,178
621,180
621,183
621,185
620,187
618,188
615,188
612,188
609,189
607,188
606,187
605,185
605,183
end box8
610,178
610,178
613,178
614,178
614,178
615,179
616,180
616,181
616,182
615,184
614,184
613,185
612,185
611,185
610,184
609,184
609,183
end box9
590,175
591,174
592,174
593,174
594,174
595,174
596,175
597,176
597,177
597,178
597,179
597,181
596,182
595,183
593,183
592,183
591,182
590,181
589,180
end box10
477,156
481,156
482,157
483,158
483,163
482,164
481,165
479,165
478,165
477,164
end box11
710,156
711,155
712,155
713,155
714,156
715,157
716,158
716,163
715,164
714,165
712,165
711,165
710,164
end box12
631,160
631,160
632,161
633,162
632,166
632,167
630,167
629,167
628,167
627,166
end box13
710,146
711,145
713,145
715,145
716,146
716,147
716,153
716,155
714,156
712,156
711,156
709,155
end box14
477,176
478,175
479,175
480,175
481,176
481,176
482,177
482,179
482,181
481,182
480,183
479,183
478,183
477,182
477,181
end box15
588,179
588,177
589,176
590,175
591,174
593,173
594,173
596,173
598,174
599,175
600,177
601,179
601,180
601,183
600,185
599,186
597,187
595,187
592,187
590,187
589,186
588,184
588,182
588,180
end box16
480,130
481,130
482,130
483,129
484,130
485,131
486,137
485,138
484,139
482,139
481,139
480,138
end box17
709,176
710,175
711,175
712,175
713,176
713,176
714,177
714,181
713,182
712,183
711,184
710,183
709,182
end box18
467,163
467,163
468,164
469,165
468,167
468,168
468,169
466,170
465,170
464,170
463,169
end box19
432,158
433,158
434,158
435,158
436,158
437,159
437,160
438,165
437,166
436,167
434,167
433,167
432,166
end box20
876,145
877,144
878,144
880,144
881,145
881,155
880,156
879,157
877,156
875,155
end box21
589,146
590,146
592,146
593,146
594,147
594,154
593,155
591,155
590,155
589,154
end box22
end total23boxes
