607,176
607,175
608,174
608,174
609,173
613,173
614,174
615,175
616,176
616,177
616,179
616,181
614,181
612,181
611,182
610,181
609,181
607,181
607,180
607,178
607,177
end box0
627,175
627,175
628,174
629,174
630,174
631,175
632,175
632,176
633,177
633,178
633,179
633,181
632,182
630,182
629,182
628,182
627,182
626,181
625,180
625,178
end box1
561,175
561,175
562,174
563,174
564,174
565,175
565,175
566,176
567,177
567,178
567,179
567,181
565,181
564,182
563,182
562,182
561,181
560,181
560,180
end box2
593,173
593,173
594,172
595,172
596,172
597,172
598,173
598,174
599,175
599,176
599,177
599,179
598,180
596,180
595,181
594,180
593,180
592,179
591,178
end box3
603,175
604,173
605,172
607,170
608,170
615,170
617,171
619,172
620,174
621,177
621,180
619,182
616,182
613,182
607,183
605,183
603,182
602,179
602,177
end box4
577,173
577,173
578,172
580,172
581,173
582,173
582,174
583,175
583,176
583,177
583,179
582,179
580,180
579,180
578,180
577,179
576,179
576,178
end box5
546,173
546,173
547,173
549,173
550,173
550,173
551,174
552,175
552,176
552,177
552,179
550,179
549,180
548,180
547,179
546,179
545,179
545,178
end box6
527,173
527,173
528,172
529,172
530,172
531,173
532,173
532,174
533,175
533,176
532,177
533,179
531,179
530,180
529,180
528,180
527,179
526,179
526,178
end box7
655,176
656,175
657,175
658,175
659,175
660,175
661,176
662,177
662,178
662,179
662,180
662,182
661,183
660,184
658,184
657,184
656,183
655,182
654,181
end box8
596,164
597,165
598,165
598,166
598,167
598,168
598,169
597,170
596,170
595,170
594,170
593,170
593,169
end box9
791,190
792,189
794,189
795,190
796,191
797,192
797,197
796,199
795,199
793,199
792,199
790,198
790,197
end box10
676,186
677,185
678,185
680,185
681,186
681,187
682,194
681,195
680,197
678,197
677,197
675,196
675,194
end box11
500,161
500,161
501,161
502,161
502,161
503,162
503,162
504,163
504,164
504,165
504,166
503,167
502,167
501,168
500,167
499,167
end box12
528,165
528,165
529,165
530,165
530,165
531,166
531,166
532,167
532,168
532,169
532,170
531,171
530,172
529,172
528,172
527,171
527,170
end box13
675,176
677,175
679,175
680,175
681,176
682,177
683,178
682,179
682,181
682,182
681,183
680,184
678,184
677,184
676,183
675,182
674,181
end box14
642,175
642,175
643,174
644,174
645,174
646,175
647,175
647,176
648,177
648,178
647,179
648,181
647,182
645,182
644,182
643,182
642,182
641,181
end box15
577,173
577,173
578,172
580,172
581,173
582,173
582,174
583,175
583,176
583,177
583,179
582,179
580,180
579,180
578,180
577,179
576,179
576,178
end box16
592,126
592,126
593,126
594,126
594,126
595,127
595,132
594,133
593,133
592,133
591,132
end box17
574,139
574,139
575,139
576,139
576,139
577,140
577,145
576,145
575,146
574,145
573,145
end box18
end total19boxes
