571,192
573,187
578,182
583,179
589,180
609,179
613,181
618,187
621,192
622,199
622,206
618,213
612,214
579,215
574,212
571,206
571,199
end box0
580,189
582,186
585,182
588,180
607,180
610,182
614,185
617,189
618,194
617,199
614,204
609,205
586,205
582,204
580,199
579,194
end box1
635,161
636,159
637,157
638,156
640,155
642,154
644,154
645,154
648,155
649,156
651,158
652,160
652,163
652,166
651,168
649,170
646,171
644,171
641,171
639,170
637,169
636,167
635,165
635,163
end box2
513,140
517,137
555,137
559,140
559,148
557,151
514,151
512,147
end box3
576,177
577,176
578,176
579,176
580,177
581,178
582,179
583,180
582,181
582,183
582,184
581,185
580,186
578,186
577,186
576,185
575,184
end box4
563,174
564,173
566,173
567,174
568,174
569,176
569,181
568,183
567,183
565,184
564,183
563,182
end box5
575,188
576,186
577,186
579,186
580,188
581,189
581,198
579,200
578,201
575,200
574,199
end box6
638,173
648,172
649,174
649,177
648,179
639,179
638,178
end box7
571,179
571,177
572,175
573,174
575,173
577,173
579,172
580,173
582,174
584,175
585,176
586,178
586,181
586,183
585,185
583,187
581,188
579,188
576,188
574,187
573,186
572,184
571,182
571,180
end box8
end total9boxes
