522,191
523,186
529,181
533,178
539,177
554,178
560,178
564,181
569,186
572,191
574,199
574,206
570,213
563,213
538,212
531,213
525,212
522,205
523,198
end box0
586,190
589,184
595,179
600,176
606,177
620,178
627,177
633,179
638,184
642,190
644,198
643,206
638,211
628,211
621,210
605,211
597,213
589,211
585,206
585,198
end box1
566,190
566,186
567,183
569,181
573,180
576,180
579,180
582,181
586,181
588,183
590,186
591,190
591,193
591,197
590,202
588,204
583,205
579,204
576,203
573,203
570,201
568,199
567,196
567,193
end box2
572,192
572,190
573,188
575,187
577,187
580,186
582,187
583,188
585,190
586,192
586,193
587,196
586,198
586,201
585,203
583,204
580,204
577,203
575,202
574,201
end box3
651,177
651,175
652,174
653,172
655,171
660,171
662,172
664,173
665,174
665,176
665,179
665,181
665,183
663,184
661,185
659,185
656,185
654,185
653,184
651,182
651,180
651,178
end box4
569,180
569,177
570,176
572,174
574,174
577,173
579,174
582,174
583,175
585,177
586,179
586,182
586,185
585,187
583,189
580,189
578,189
571,188
570,186
569,184
569,182
end box5
637,179
637,177
638,175
639,174
641,173
643,172
645,172
646,173
648,173
650,175
651,176
651,178
652,181
652,183
651,185
649,187
647,188
645,188
642,188
640,187
639,186
637,184
637,182
637,180
end box6
499,187
499,183
502,180
505,177
508,177
519,177
522,177
525,179
529,182
530,186
530,191
530,195
527,199
524,201
519,201
508,200
505,199
502,198
500,194
499,190
end box7
656,175
657,174
660,174
661,174
662,175
663,176
663,177
663,178
663,179
663,181
662,182
661,182
659,183
658,182
657,182
656,181
655,180
end box8
754,159
754,159
755,158
756,158
757,158
758,158
758,159
759,160
759,161
759,162
759,163
759,164
758,165
758,166
756,167
755,166
754,165
753,164
753,163
end box9
702,203
703,202
704,201
706,202
707,203
708,214
706,216
705,217
702,217
701,215
end box10
592,172
592,171
595,171
596,171
597,172
598,173
598,174
598,175
598,176
598,178
597,179
595,179
593,179
592,179
591,178
591,177
end box11
end total12boxes
