311,234
326,220
340,211
354,206
366,204
377,203
387,202
397,204
411,203
427,208
445,217
456,233
456,252
452,268
435,276
412,277
397,276
387,276
377,276
366,276
351,277
325,279
308,269
306,253
end box0
433,196
434,190
437,186
442,184
448,185
459,185
464,185
469,187
472,191
475,196
477,202
477,208
473,212
465,213
460,214
456,214
451,214
447,213
442,213
436,211
433,207
433,201
end box1
522,194
523,192
524,191
526,189
528,189
536,189
538,190
540,192
541,194
541,197
541,200
540,203
537,204
527,204
524,204
522,202
522,199
521,197
end box2
517,194
519,191
521,188
524,187
527,187
538,187
540,188
544,190
546,194
547,198
546,202
544,206
540,207
526,206
522,206
518,205
516,202
516,198
end box3
622,179
622,177
623,176
624,174
626,174
628,173
631,173
633,174
635,174
636,176
637,178
637,181
637,183
636,186
634,186
632,187
629,187
627,187
625,187
623,187
622,185
622,182
622,180
end box4
end total5boxes
