723,218
728,200
742,182
758,172
777,169
795,171
812,169
829,170
853,168
873,175
883,196
884,217
881,239
876,261
867,276
844,279
825,278
810,278
796,282
776,287
754,287
727,286
720,267
721,242
end box0
279,225
292,205
308,183
329,175
352,174
373,177
391,174
411,171
432,176
452,187
475,204
482,226
488,255
483,283
467,299
434,301
410,299
390,294
374,293
355,294
328,301
297,299
281,282
278,255
end box1
825,244
834,211
856,176
883,155
921,152
954,154
984,158
1017,159
1051,167
1078,183
1099,215
1114,246
1120,289
1113,329
1098,357
1057,364
1013,355
983,356
953,366
918,377
873,381
832,369
820,333
823,289
end box2
662,193
664,187
669,181
674,178
680,178
696,179
702,179
708,181
712,187
716,193
717,201
717,209
714,215
706,217
697,215
680,215
671,217
664,215
661,208
662,200
end box3
end total4boxes
