577,174
578,174
578,174
579,174
580,174
580,174
581,174
582,175
582,176
583,177
582,178
582,180
581,180
580,181
579,181
578,180
577,180
576,179
576,179
end box0
562,176
562,176
563,175
564,175
565,175
566,176
566,176
567,177
568,178
568,179
568,180
568,182
566,182
565,183
564,183
563,183
562,182
561,182
561,181
end box1
539,180
539,178
540,176
541,175
543,174
545,174
548,174
550,174
552,175
553,177
554,179
554,182
554,184
554,187
552,188
549,189
547,188
544,188
542,188
540,187
539,186
539,183
538,181
end box2
502,180
503,178
504,176
505,175
507,175
514,175
516,175
518,177
518,179
519,182
519,184
518,187
515,188
506,188
504,187
502,186
502,184
502,182
end box3
1206,187
1208,184
1212,182
1215,181
1227,181
1230,182
1234,184
1237,187
1238,191
1237,195
1233,198
1228,198
1213,197
1209,197
1206,194
1205,191
end box4
592,176
593,175
596,174
597,175
598,175
598,176
598,177
598,178
598,179
597,180
596,180
595,180
594,180
593,180
592,179
592,179
592,178
592,177
end box5
611,174
613,173
614,173
615,174
616,174
616,175
616,176
616,177
616,178
615,179
614,179
613,179
612,179
611,179
610,178
610,178
end box6
543,176
544,175
545,175
546,175
547,175
548,175
549,176
549,177
550,178
550,179
550,180
550,182
549,183
548,184
546,184
545,184
544,183
543,182
end box7
661,110
661,109
662,108
663,108
664,108
665,108
666,108
667,109
668,110
668,111
668,112
668,113
668,115
667,116
666,117
664,117
663,117
662,116
661,115
661,114
end box8
639,128
640,127
643,126
644,127
645,128
646,129
646,134
645,135
644,136
642,136
641,136
639,136
639,134
end box9
543,176
544,175
545,175
546,175
547,175
548,175
549,176
549,177
550,178
550,179
550,180
550,182
549,183
548,184
546,184
545,184
544,183
543,182
end box10
842,118
843,115
846,109
850,108
853,106
856,106
860,107
863,108
866,110
867,114
869,118
869,121
869,125
869,131
866,135
861,134
857,136
853,136
848,134
844,133
842,130
842,125
842,121
end box11
722,142
723,141
724,141
726,141
727,141
728,142
729,143
729,148
728,149
727,150
725,150
724,150
723,149
722,148
end box12
822,158
823,157
824,157
825,157
826,158
826,158
827,159
827,160
827,162
827,163
826,164
825,165
824,165
823,165
822,164
822,163
end box13
581,86
582,86
585,85
586,86
587,87
587,96
585,97
582,97
580,96
end box14
end total15boxes
