995,278
1009,248
1023,223
1045,203
1072,194
1100,187
1129,183
1162,181
1198,180
1219,202
1224,240
1233,346
1230,389
1210,414
1166,409
1129,400
1099,391
1068,391
1030,390
1004,372
992,345
989,311
end box0
24,254
21,238
21,220
23,194
34,156
58,136
77,149
95,187
106,211
107,230
108,244
106,255
106,265
103,275
101,286
103,309
103,352
85,375
52,374
34,358
30,318
30,292
30,277
27,266
end box1
17,239
12,225
16,211
19,190
28,160
49,131
70,128
91,152
103,184
104,208
104,226
103,239
102,251
98,263
98,278
97,301
94,342
75,363
41,363
23,342
22,299
23,274
24,261
20,250
end box2
end total3boxes
