395,186
397,183
400,180
403,178
406,177
417,177
421,177
424,179
427,183
429,186
430,191
430,196
428,201
422,201
417,201
406,200
402,200
397,200
396,195
395,191
end box0
145,223
156,212
166,200
176,194
189,194
200,195
209,194
219,195
233,195
247,197
260,208
266,222
266,239
266,256
256,266
235,266
220,265
209,264
200,263
190,262
174,266
152,267
143,256
141,241
end box1
426,190
425,187
426,186
428,184
430,184
435,184
438,184
439,185
441,187
441,189
442,192
442,194
441,197
439,199
436,199
434,198
431,198
429,198
427,197
426,196
end box2
496,159
496,159
499,158
500,158
501,159
501,160
502,161
502,162
502,163
502,165
501,166
499,166
498,166
497,166
496,166
495,165
end box3
647,172
648,171
649,171
650,171
651,172
651,172
652,173
652,177
651,178
650,179
649,179
648,179
647,178
647,177
end box4
625,173
625,173
626,173
627,173
627,173
628,174
628,174
629,175
629,176
628,177
629,178
628,179
627,179
626,180
625,179
624,179
end box5
661,158
662,158
663,158
664,158
665,158
666,159
666,160
666,161
666,162
666,163
666,164
666,166
665,166
663,167
662,166
661,166
660,164
end box6
479,176
479,176
480,175
481,175
482,175
483,176
483,176
484,177
484,178
484,179
484,180
484,181
483,182
482,183
481,183
480,183
479,182
479,181
end box7
end total8boxes
