757,163
757,163
761,163
762,163
763,164
763,165
763,166
763,167
763,169
762,170
760,170
759,170
758,170
757,170
756,169
755,168
755,166
end box0
544,176
545,174
545,174
546,173
550,173
551,174
552,175
553,176
553,177
553,179
553,181
551,181
550,181
548,182
547,181
546,181
544,181
544,180
544,178
544,177
end box1
525,177
526,175
526,175
527,175
531,174
532,175
533,176
534,177
534,178
534,180
534,182
532,182
530,182
529,182
528,182
527,182
525,181
525,181
525,179
525,178
end box2
560,174
560,174
561,173
562,173
563,173
564,173
565,174
565,175
566,176
566,177
566,178
566,180
565,181
563,181
562,182
561,181
560,181
559,180
559,179
end box3
655,176
655,174
656,173
657,171
659,171
661,170
662,170
664,170
666,171
668,172
669,174
670,175
670,178
670,180
669,183
667,184
665,184
662,184
660,184
658,184
656,183
655,182
655,179
654,177
end box4
772,160
773,159
777,159
778,160
779,161
779,162
780,163
779,165
779,166
778,167
777,167
775,168
774,167
773,167
772,166
771,165
end box5
572,176
573,174
574,173
575,171
577,171
584,171
586,172
587,173
589,175
589,178
589,181
588,183
585,183
582,183
576,184
574,184
572,182
572,180
572,178
end box6
739,165
741,163
746,163
747,164
747,165
748,166
747,168
747,169
746,170
744,170
741,169
740,169
739,168
739,167
739,166
end box7
768,164
768,163
770,161
771,160
773,160
780,159
783,160
785,162
786,164
786,167
786,170
784,172
781,173
779,173
772,173
770,173
767,172
767,169
767,167
end box8
447,177
447,177
448,176
449,176
450,176
451,177
452,177
452,178
453,179
453,180
453,181
453,183
452,183
450,184
449,184
448,184
447,183
446,183
446,182
end box9
422,176
422,174
424,173
425,172
427,172
434,172
436,172
438,174
439,176
440,179
440,182
439,185
436,185
426,185
423,185
422,184
421,181
421,179
end box10
512,178
513,177
517,177
518,178
519,179
520,180
520,181
520,183
520,185
518,185
517,186
515,186
514,186
513,185
511,185
511,183
end box11
836,165
837,164
837,164
838,163
838,163
842,163
843,163
844,164
844,165
844,166
844,167
844,169
843,170
841,170
840,170
839,170
838,170
837,169
836,168
836,167
836,166
end box12
822,164
822,164
823,163
824,163
825,163
826,164
827,164
827,165
828,166
828,167
828,168
828,170
827,171
825,171
824,171
823,171
822,170
821,170
821,169
end box13
456,182
456,180
457,179
459,178
460,177
467,177
468,178
470,179
471,181
471,184
471,186
470,189
468,189
465,189
460,189
457,189
456,188
455,186
455,183
end box14
461,176
461,176
465,176
466,176
466,177
467,178
467,179
467,180
467,182
466,182
464,183
463,183
462,183
461,183
460,182
459,181
end box15
802,167
802,165
803,164
805,162
806,162
813,162
815,163
816,164
817,166
818,169
818,171
817,174
814,174
812,174
809,174
808,174
805,175
803,174
802,173
801,171
801,169
end box16
807,164
807,164
810,163
811,164
812,164
812,165
813,166
813,167
813,168
813,170
812,171
810,171
809,171
808,171
807,171
806,170
805,169
end box17
853,164
855,162
855,162
859,162
860,162
860,163
861,164
861,165
861,166
861,168
860,169
858,169
857,169
856,169
855,169
854,168
853,167
853,166
853,165
end box18
723,165
725,163
730,163
731,164
731,165
732,166
732,168
731,169
730,170
725,170
724,169
723,168
723,167
end box19
476,182
476,180
477,179
478,177
480,177
485,177
487,177
489,178
490,180
491,181
492,184
492,186
491,189
488,190
486,190
482,189
479,190
477,189
476,188
475,186
475,184
end box20
474,188
474,186
476,184
477,183
479,183
486,183
488,184
490,185
491,187
492,190
492,193
490,195
487,195
484,195
478,195
476,196
474,194
473,192
473,190
end box21
569,175
571,173
574,170
576,169
578,169
585,169
588,169
590,170
593,172
596,175
596,179
596,183
594,186
589,186
585,185
577,185
574,186
570,185
568,182
568,178
end box22
576,175
576,174
577,173
577,173
578,173
579,172
580,172
581,173
581,173
582,174
582,175
582,176
582,177
582,179
581,179
580,179
579,180
578,179
577,179
576,179
576,178
576,177
576,176
end box23
622,176
623,174
624,173
625,172
626,171
628,170
629,170
631,170
633,171
635,172
636,174
637,176
637,178
637,180
636,182
634,183
632,184
630,184
627,184
625,184
624,183
622,181
622,179
622,177
end box24
833,166
833,164
835,163
837,162
845,161
847,162
849,163
850,165
851,168
851,171
849,173
846,173
838,173
835,173
833,172
832,170
832,168
end box25
521,178
522,176
523,175
525,173
526,173
533,173
535,174
537,175
538,177
539,180
539,183
537,185
534,185
531,185
525,186
523,186
521,185
520,182
520,180
end box26
660,173
661,172
662,172
663,172
664,172
665,172
666,173
666,174
667,175
667,176
667,177
667,179
666,180
665,180
663,181
662,180
661,180
660,179
660,178
end box27
850,165
851,163
852,162
854,161
855,160
862,160
864,161
866,162
867,164
868,167
867,170
866,172
863,172
855,172
852,172
850,171
849,169
849,167
end box28
628,161
629,161
631,161
632,161
632,161
633,162
633,163
633,164
633,165
633,166
633,167
631,168
630,168
629,168
628,167
end box29
596,173
597,173
598,172
599,172
600,172
601,173
602,174
603,175
603,176
603,177
603,179
603,180
602,181
601,182
599,182
598,182
597,181
596,180
end box30
659,158
660,158
662,158
663,158
663,158
664,159
664,160
664,161
664,162
664,163
664,165
662,165
661,165
660,165
659,164
end box31
691,164
692,163
693,163
694,163
695,164
695,164
696,165
696,169
695,170
694,171
693,171
692,171
691,170
end box32
597,162
598,162
599,163
599,164
599,165
599,166
599,167
599,168
597,169
596,169
595,169
594,168
593,167
end box33
612,145
613,146
613,147
613,148
613,149
613,151
612,152
610,152
608,152
607,152
606,151
end box34
463,159
467,159
467,159
468,160
468,164
467,165
466,166
465,166
464,166
463,165
end box35
611,160
611,160
613,160
614,161
614,161
615,162
615,163
615,164
615,165
614,166
613,166
612,167
611,166
610,166
end box36
599,144
599,144
600,145
601,146
601,147
600,148
600,149
600,150
598,151
597,151
596,151
595,150
594,149
end box37
782,147
783,148
784,149
784,151
784,153
783,153
781,154
779,153
778,153
end box38
485,162
486,163
486,163
487,164
487,165
487,166
487,167
486,168
485,168
484,168
483,168
482,168
end box39
610,174
610,174
611,173
612,173
613,173
614,173
615,174
615,175
615,176
615,177
615,178
615,180
615,181
613,181
612,182
611,181
610,180
609,180
end box40
646,159
647,159
648,160
648,161
648,163
648,164
647,165
646,166
645,166
644,165
643,165
end box41
579,143
580,143
582,143
582,143
583,143
584,144
584,145
584,146
584,147
584,148
583,149
582,150
581,150
580,150
579,149
end box42
626,173
626,173
627,172
628,172
629,172
630,172
631,173
631,174
631,175
631,176
631,177
631,178
631,179
629,180
628,180
627,180
626,179
625,179
625,178
end box43
645,186
646,185
649,185
650,186
651,187
650,196
649,197
648,198
646,197
644,196
end box44
641,175
642,174
643,173
644,173
645,173
646,174
647,175
648,176
648,178
648,179
648,181
647,182
646,183
644,183
643,183
642,182
641,181
end box45
789,146
789,146
790,147
790,151
790,152
788,153
787,153
786,153
785,152
end box46
626,145
630,145
630,145
631,146
631,150
630,151
629,152
628,152
627,152
626,151
end box47
529,158
530,159
530,159
531,160
531,161
531,162
531,163
530,164
529,164
528,164
527,164
526,164
end box48
464,144
465,143
467,143
468,144
469,145
469,152
468,154
466,154
465,153
464,152
end box49
496,155
497,154
500,154
501,155
501,162
500,162
498,163
497,162
496,162
end box50
430,141
431,141
433,140
434,141
434,141
434,147
433,148
432,148
431,148
430,147
end box51
514,159
514,159
516,159
516,159
517,160
517,160
518,164
517,165
516,166
515,166
514,165
513,165
end box52
547,144
547,144
549,144
549,144
550,145
550,145
551,146
551,149
550,150
549,150
548,151
547,150
546,150
end box53
end total54boxes
