553,179
553,177
555,175
556,174
559,174
567,174
569,175
571,177
572,179
573,182
573,185
572,189
569,189
565,189
558,189
555,189
553,188
552,185
552,182
end box0
380,194
384,191
389,189
392,188
403,189
406,189
411,191
416,194
419,199
417,203
411,205
405,205
385,204
380,202
378,198
end box1
561,175
562,175
566,175
567,176
568,177
569,178
569,179
569,181
569,183
567,183
566,184
564,184
563,184
561,183
560,183
560,182
end box2
582,173
583,170
585,167
587,165
590,164
599,165
603,164
605,167
607,170
608,173
609,176
609,180
607,184
604,186
599,185
589,186
585,186
583,184
582,180
582,176
end box3
575,176
576,175
577,175
578,175
579,175
580,175
581,176
582,177
582,178
582,179
582,180
582,182
581,183
580,184
578,184
577,184
576,183
575,182
end box4
571,180
571,178
572,177
573,175
575,174
577,174
580,174
583,174
584,175
585,177
586,179
586,182
586,184
585,187
583,188
581,189
579,188
576,189
574,189
572,188
571,186
571,183
571,181
end box5
531,144
532,143
535,143
536,143
537,144
538,145
538,146
538,147
538,149
538,150
537,151
536,151
534,152
533,151
532,151
531,150
end box6
631,159
632,159
633,160
633,161
633,163
633,165
632,166
630,166
629,167
628,166
627,166
626,165
end box7
545,160
546,160
548,160
549,160
549,160
550,161
550,162
550,163
550,164
550,165
550,166
548,167
547,167
546,167
545,166
end box8
410,156
414,156
415,157
416,158
416,161
416,163
415,164
413,164
412,165
411,164
410,164
409,163
end box9
586,144
587,144
587,145
588,146
588,148
588,150
587,151
585,151
583,151
582,150
581,150
end box10
510,142
511,141
513,141
514,142
515,143
516,144
517,145
516,146
516,147
516,149
515,150
514,151
512,151
511,151
510,150
509,149
end box11
475,131
476,129
495,128
497,131
496,137
494,140
476,139
475,137
end box12
549,147
550,147
550,148
551,149
551,150
551,151
551,153
550,154
548,154
547,154
546,154
545,154
544,153
end box13
531,176
532,175
533,175
534,175
535,176
536,177
536,178
537,180
536,181
536,183
536,184
535,185
533,186
532,185
531,184
530,182
end box14
516,158
517,159
517,161
516,162
516,163
end box15
509,131
511,131
512,131
513,131
514,132
514,133
515,134
515,135
515,136
515,138
514,139
513,139
511,140
510,139
509,139
508,138
end box16
531,158
532,157
535,158
536,158
536,159
537,164
536,165
534,165
533,165
532,165
531,164
end box17
575,176
576,175
577,175
578,175
579,175
580,175
581,176
582,177
582,178
582,179
582,180
582,182
581,183
580,184
578,184
577,184
576,183
575,182
end box18
629,146
631,146
632,146
633,147
633,151
632,152
631,152
630,153
629,152
628,152
end box19
561,159
561,159
563,159
563,159
564,160
564,160
565,161
565,162
565,163
565,164
564,165
563,165
562,165
561,165
560,165
end box20
543,176
543,176
544,175
545,175
546,175
547,175
548,176
548,177
549,178
549,179
549,180
549,182
548,183
546,183
545,184
544,183
543,183
542,182
end box21
478,132
491,130
493,131
493,134
493,136
491,138
479,136
479,135
end box22
479,140
484,140
485,141
486,142
486,149
485,150
483,151
481,151
480,151
478,150
477,149
end box23
613,174
613,174
617,174
618,174
618,175
619,176
619,177
619,178
619,180
618,181
616,181
615,181
614,181
613,180
612,180
end box24
605,122
606,122
607,122
608,122
609,122
609,130
609,130
607,131
606,130
605,130
end box25
599,130
600,129
601,129
602,129
603,129
603,130
603,137
603,137
601,137
600,137
599,136
end box26
594,142
594,142
595,142
596,142
596,142
597,143
597,143
597,147
597,148
596,148
595,149
594,148
593,148
end box27
379,140
380,140
381,140
382,140
383,140
383,141
383,148
383,148
381,149
380,148
379,148
end box28
end total29boxes
