324,208
326,204
328,201
331,200
334,200
346,200
349,201
353,204
355,207
356,212
356,217
353,221
348,221
343,221
333,221
330,221
325,220
323,216
323,212
end box0
560,177
560,177
564,176
565,177
565,178
566,179
566,180
566,181
566,183
565,184
563,184
562,184
561,184
560,184
559,183
558,182
end box1
554,179
555,177
556,175
557,174
559,174
566,174
568,174
570,176
571,178
571,181
572,184
570,186
568,187
565,187
560,187
558,187
556,187
554,186
553,183
553,181
end box2
620,190
621,188
622,187
624,186
632,185
633,186
635,187
636,189
637,192
637,194
635,197
633,197
622,197
621,196
620,194
620,192
end box3
662,159
663,159
666,159
666,159
667,160
667,161
667,162
667,163
667,164
666,165
665,166
664,166
663,166
662,165
662,164
end box4
693,157
694,156
696,156
697,157
698,157
698,158
699,159
698,161
698,162
698,164
696,164
695,164
694,164
693,163
end box5
679,159
679,159
680,160
681,161
680,163
680,164
680,165
678,166
677,166
676,166
675,165
674,164
end box6
707,143
708,141
709,139
710,137
711,136
714,136
716,136
718,136
720,136
722,138
723,140
724,142
724,145
723,147
723,150
721,152
718,153
716,153
713,153
711,153
709,151
708,149
707,147
707,144
end box7
653,145
655,143
677,142
678,144
678,152
655,153
653,151
end box8
435,160
436,159
438,159
439,160
440,161
441,162
441,167
440,168
439,169
437,169
436,169
435,168
end box9
546,177
551,176
552,177
553,178
553,179
553,180
553,182
553,183
552,184
551,185
549,185
548,184
547,184
546,183
end box10
578,176
578,175
579,175
580,175
581,175
582,175
583,176
583,177
584,178
584,179
584,180
584,182
583,183
582,184
580,184
579,184
578,183
577,182
end box11
774,112
774,110
775,108
776,107
778,107
780,106
781,106
783,106
785,106
787,107
789,109
789,111
789,114
789,116
788,118
786,120
784,121
782,121
779,120
777,120
775,119
774,117
774,115
774,113
end box12
717,158
718,159
719,160
719,165
718,166
717,167
715,167
714,167
713,166
712,165
end box13
710,176
711,175
713,175
714,176
715,176
715,177
715,181
715,183
713,183
712,183
711,183
710,182
709,181
end box14
439,103
441,101
453,100
455,102
455,116
454,118
442,118
440,117
end box15
709,143
711,141
715,141
716,141
717,142
718,143
719,145
718,146
718,148
718,150
717,151
715,152
713,152
712,152
710,151
709,150
708,149
end box16
711,127
712,127
714,127
716,127
717,128
717,129
718,131
718,132
718,134
717,135
717,137
715,138
713,138
712,138
710,137
709,136
end box17
526,141
527,140
529,140
530,141
531,142
532,143
533,144
533,145
533,147
532,148
531,149
530,150
528,150
527,150
525,149
525,148
524,147
end box18
519,142
519,140
520,138
521,137
523,135
525,135
527,135
528,135
531,136
532,137
533,139
534,141
534,144
534,146
533,149
532,151
529,152
527,152
524,152
522,151
520,150
519,147
519,145
519,143
end box19
725,156
726,157
727,159
726,162
726,164
725,165
end box20
523,133
524,132
526,132
527,132
528,132
529,133
530,134
530,135
531,136
531,138
530,139
529,140
528,141
526,141
525,141
524,140
523,139
end box21
525,179
525,179
526,178
528,178
529,179
529,179
530,180
530,181
530,182
530,183
530,185
530,186
528,186
527,186
526,186
525,185
524,184
end box22
514,143
515,143
516,143
517,142
518,143
519,144
520,145
520,146
520,147
520,148
520,150
519,151
518,152
516,152
515,152
514,151
513,150
513,149
end box23
656,147
657,146
669,145
671,146
671,149
670,151
669,152
657,151
656,150
end box24
589,130
590,129
592,129
593,129
594,130
593,137
593,137
591,138
590,137
589,137
end box25
607,140
608,140
610,140
611,140
612,148
611,149
609,149
608,149
607,148
end box26
430,114
431,113
434,113
435,114
436,124
435,126
433,126
430,126
429,125
end box27
355,142
355,140
356,138
357,137
360,137
362,136
364,137
366,138
367,140
367,142
367,144
367,145
367,147
367,150
366,152
364,153
362,154
359,154
357,153
356,151
355,149
end box28
351,172
352,172
354,171
355,172
356,173
357,179
356,180
355,181
353,181
352,181
351,180
end box29
581,103
582,102
585,102
586,102
586,112
585,113
583,113
582,112
581,112
end box30
end total31boxes
