270,212
292,202
304,195
313,192
322,191
329,189
336,189
344,189
354,188
369,190
389,196
403,210
403,228
397,239
375,245
354,243
344,243
337,245
329,244
322,242
311,243
290,244
266,240
264,229
end box0
933,188
954,174
968,166
982,164
992,163
1001,162
1010,161
1018,162
1030,162
1049,163
1071,168
1082,186
1079,204
1072,216
1048,223
1028,221
1009,224
1002,224
993,223
979,224
958,226
934,218
929,207
end box1
544,192
558,183
571,179
580,178
586,177
597,176
609,178
617,180
630,184
645,192
650,205
643,213
627,218
611,215
578,216
566,215
547,213
543,205
end box2
470,193
472,190
474,187
477,185
480,183
484,184
487,183
491,184
495,184
498,186
501,189
503,193
503,198
503,203
501,207
497,209
491,209
479,209
475,208
471,207
470,202
470,198
end box3
628,197
628,194
629,190
631,188
635,188
641,188
644,188
648,188
650,190
651,194
652,197
653,200
653,204
652,209
649,211
645,211
641,211
638,211
634,210
631,209
629,207
end box4
394,204
397,197
400,191
404,187
410,184
416,182
423,182
429,185
435,187
440,190
445,196
447,203
448,210
446,218
442,224
437,228
430,231
423,232
416,231
409,231
402,228
398,223
395,217
395,210
end box5
557,207
557,205
557,204
558,202
560,201
562,200
564,200
565,200
567,201
569,203
570,205
570,206
570,209
570,211
570,213
568,215
566,217
564,216
561,216
559,216
558,214
557,212
556,210
556,208
end box6
1012,4
1023,-3
1124,-3
1136,3
1136,24
1126,31
1018,31
1013,23
end box7
736,177
737,175
738,173
740,173
750,173
752,174
753,176
754,185
753,188
751,190
739,191
736,190
735,187
end box8
773,173
774,172
776,172
777,173
778,173
778,174
778,178
778,180
776,180
775,180
774,180
773,179
end box9
398,46
399,32
407,30
417,29
426,33
429,45
427,79
429,91
427,104
418,108
406,108
398,106
398,89
end box10
885,127
886,125
887,124
889,124
892,124
894,124
896,124
897,126
898,128
898,130
898,133
898,135
898,137
896,139
894,140
892,141
889,141
887,141
885,139
884,136
end box11
116,139
117,134
121,133
125,131
129,132
131,136
131,141
131,154
131,159
129,164
125,166
120,165
117,163
116,156
end box12
end total13boxes
