222,250
241,223
261,200
292,194
320,193
342,193
361,194
383,194
405,198
430,207
456,228
479,253
493,291
489,321
459,336
414,340
385,338
362,331
343,328
325,326
295,329
250,335
225,316
219,286
end box0
485,211
486,204
491,196
497,192
505,193
525,193
533,193
539,197
544,204
548,211
549,221
549,230
546,238
536,240
526,238
519,237
512,237
505,238
497,238
489,236
486,228
486,220
end box1
567,197
569,194
571,192
573,191
576,191
586,191
588,192
592,194
594,197
595,201
595,205
592,208
587,208
584,208
575,208
572,208
568,207
566,204
566,200
end box2
572,195
572,194
574,192
575,191
577,191
584,191
586,191
588,193
589,195
590,198
590,201
588,203
586,204
576,204
574,204
572,203
571,200
571,198
end box3
610,175
612,175
612,175
613,176
613,176
614,177
614,178
614,179
614,180
613,181
612,181
611,181
610,181
609,181
609,180
end box4
end total5boxes
