627,175
631,175
632,175
632,176
633,177
633,178
633,179
633,181
632,181
630,182
629,182
628,182
627,181
626,181
625,180
end box0
460,184
460,182
462,180
463,179
465,178
472,178
474,179
476,181
477,183
478,186
478,189
477,192
474,192
471,192
464,192
461,192
460,191
459,188
459,186
end box1
640,174
641,173
643,173
644,174
645,174
645,175
645,176
645,177
645,178
644,179
643,179
642,179
641,179
640,179
639,178
639,178
end box2
610,174
614,174
614,174
615,175
616,176
616,177
616,178
616,180
614,180
613,181
612,181
611,180
610,180
609,180
609,179
end box3
656,179
658,177
662,177
663,177
663,178
664,179
664,180
664,181
664,183
663,183
661,183
660,184
659,183
658,183
657,183
656,182
656,181
656,180
end box4
400,189
402,185
404,182
407,181
410,180
419,180
423,180
426,182
429,185
431,188
431,193
431,197
429,201
424,203
410,202
405,202
402,200
400,197
400,192
end box5
502,175
503,169
508,164
514,162
520,163
533,163
539,162
544,165
548,170
551,175
552,182
551,189
547,194
540,195
534,195
529,194
524,194
519,195
513,195
508,193
504,188
504,182
end box6
594,174
595,174
595,174
596,174
597,174
597,174
598,174
599,175
599,176
599,177
599,178
599,179
598,180
597,180
596,181
595,180
594,180
593,179
593,179
end box7
562,175
562,174
563,174
564,173
565,173
566,174
567,175
567,176
568,177
568,178
568,179
568,181
567,182
566,183
564,184
563,183
562,182
561,181
end box8
615,145
616,145
616,146
617,147
617,149
616,151
616,152
614,152
612,152
611,151
end box9
614,159
615,159
616,160
616,161
616,163
616,164
615,165
614,165
613,166
612,165
611,165
end box10
705,175
706,174
707,174
708,174
709,175
709,175
710,176
710,177
710,179
710,180
709,181
708,182
707,182
706,182
705,181
705,180
end box11
577,175
577,175
578,174
579,174
580,174
581,175
581,175
582,176
582,177
582,178
582,179
582,180
581,181
580,182
579,182
578,182
577,181
576,180
end box12
604,130
605,129
606,129
607,129
608,130
608,130
608,136
607,137
606,137
605,137
604,137
end box13
642,129
643,129
645,128
646,129
646,129
646,135
645,136
644,136
643,136
642,135
end box14
end total15boxes
