113,258
127,223
153,190
180,174
219,170
251,172
281,171
314,168
349,177
377,194
405,225
418,259
425,304
419,345
397,367
349,375
311,372
280,366
255,365
228,363
187,368
135,367
114,344
111,302
end box0
684,202
687,193
695,184
703,178
713,177
723,177
732,177
741,177
753,178
762,182
771,191
772,201
770,214
769,227
765,237
752,238
712,242
697,244
687,240
684,228
684,215
end box1
396,204
401,193
411,184
423,181
434,182
444,183
452,182
460,182
471,182
482,186
492,195
500,205
502,220
500,233
490,242
474,243
461,242
452,241
444,241
435,241
422,242
408,241
400,231
397,219
end box2
742,240
753,210
777,186
806,176
836,172
861,175
883,180
907,182
930,187
950,200
979,220
994,244
1001,279
994,309
969,325
938,337
911,336
885,330
862,333
836,339
807,338
775,332
750,310
747,277
end box3
644,192
645,187
648,182
652,178
657,178
662,178
667,178
671,179
677,179
681,181
684,187
686,192
687,198
687,204
685,210
679,212
672,212
667,211
662,212
656,213
650,213
645,209
644,203
645,197
end box4
995,179
997,177
1023,177
1026,179
1027,184
1027,188
994,188
994,184
end box5
910,126
910,124
934,124
936,126
935,134
912,135
910,133
end box6
end total7boxes
