780,261
805,224
837,195
876,185
911,180
940,181
967,184
995,187
1024,195
1055,206
1088,233
1120,265
1133,312
1120,348
1080,363
1029,368
995,365
966,360
942,363
916,366
879,368
826,367
786,348
778,310
end box0
-28,259
8,222
41,197
84,191
117,191
142,191
166,193
191,192
221,196
264,201
299,223
330,261
339,309
323,341
270,355
220,358
193,363
167,360
143,358
119,358
82,363
28,364
-21,344
-34,310
end box1
681,208
687,201
695,197
701,195
707,195
728,195
735,196
743,201
750,207
752,218
750,226
741,230
729,230
722,229
706,230
698,231
688,230
679,226
680,217
end box2
1099,251
1101,231
1103,211
1115,192
1133,182
1156,181
1176,186
1197,187
1216,195
1232,209
1238,228
1239,270
1236,292
1235,317
1223,334
1200,339
1178,337
1155,339
1131,343
1110,335
1100,315
1100,291
1099,270
end box3
611,156
612,156
614,156
615,156
616,157
616,164
615,165
613,165
612,165
611,164
end box4
end total5boxes
