400,193
403,190
406,187
409,186
422,187
425,187
429,189
433,192
434,197
433,201
428,204
423,204
408,203
404,203
400,201
399,197
end box0
3,239
6,225
13,213
26,207
40,206
52,207
63,206
74,209
86,210
98,216
106,227
110,240
112,255
112,270
104,280
86,283
74,286
63,287
52,287
41,286
28,283
11,281
6,269
4,254
end box1
606,178
606,177
608,175
609,174
611,174
618,174
620,174
622,176
623,178
624,181
624,184
623,187
620,187
610,187
607,187
605,186
605,183
605,181
end box2
508,182
508,180
509,178
510,177
512,177
517,176
519,177
521,178
522,179
523,181
523,184
524,186
523,189
521,190
518,190
513,190
511,190
509,189
508,188
507,186
507,183
end box3
593,174
597,174
598,174
598,175
599,176
599,177
599,178
599,180
598,181
596,181
595,181
594,181
593,181
592,180
591,179
end box4
545,175
545,175
546,175
548,174
549,175
549,175
550,176
550,177
550,178
550,179
550,181
549,181
548,182
547,182
546,182
545,181
544,180
544,180
end box5
752,220
752,214
751,206
753,196
758,182
767,165
774,171
783,190
787,201
789,208
790,215
791,220
790,225
788,229
785,233
784,240
783,255
778,278
765,279
760,255
760,238
758,233
754,229
753,225
end box6
816,224
815,217
815,208
817,198
822,180
831,159
842,165
853,185
858,198
859,209
859,218
859,224
858,229
856,234
854,240
852,247
851,264
844,287
828,296
819,277
820,251
818,242
816,235
815,229
end box7
704,175
704,174
705,173
706,173
707,173
708,174
709,175
709,176
709,177
709,178
709,179
709,180
708,181
708,183
706,183
705,183
704,182
703,180
end box8
546,142
547,141
549,141
551,142
551,142
552,144
552,145
552,148
552,149
551,151
550,151
548,152
547,151
546,151
end box9
623,160
626,159
627,160
628,160
628,161
629,162
629,163
629,164
629,166
628,167
626,167
625,167
624,167
623,167
622,166
end box10
546,159
547,158
548,158
549,158
550,159
551,159
551,160
552,161
551,163
551,164
551,166
549,166
548,166
547,166
546,165
545,164
end box11
641,159
642,159
644,159
644,159
645,159
646,160
646,161
646,162
646,163
646,164
645,165
644,166
643,166
642,166
641,165
641,164
end box12
530,162
530,162
531,162
532,162
532,162
533,162
534,163
534,164
534,165
534,166
534,167
533,168
532,169
531,169
530,169
529,168
end box13
562,163
563,163
564,163
565,163
566,163
566,163
567,164
567,165
567,166
567,167
567,168
566,169
565,170
564,170
563,170
562,169
562,168
end box14
577,161
578,160
580,160
581,161
582,161
582,162
583,163
583,164
582,165
582,166
582,168
580,168
579,168
578,168
577,167
576,166
end box15
398,159
401,158
403,159
404,159
404,160
405,162
405,165
405,166
404,168
402,168
400,169
399,168
397,168
396,166
end box16
394,175
395,174
397,174
398,175
399,176
400,177
400,182
399,183
398,184
396,185
395,184
394,184
end box17
462,175
463,175
464,174
465,175
466,175
467,176
467,177
468,182
467,183
466,184
464,184
463,184
462,183
461,182
end box18
528,175
528,175
529,174
530,174
531,174
532,175
533,175
533,176
534,177
534,178
533,179
534,181
533,182
531,182
530,182
529,182
528,181
527,181
end box19
367,176
368,175
369,175
370,175
371,176
372,177
373,183
372,184
371,185
369,186
368,185
367,184
end box20
432,175
433,175
435,175
436,175
437,176
438,177
438,182
437,183
436,184
434,184
433,184
432,183
end box21
561,174
561,174
562,173
563,173
564,173
565,174
565,174
566,175
566,176
566,177
566,178
566,180
565,180
564,181
563,181
562,181
561,180
560,179
end box22
415,140
416,139
417,139
418,139
419,138
420,139
421,140
422,141
422,142
422,143
422,144
422,146
421,147
420,148
418,148
417,148
416,147
415,146
end box23
620,144
620,143
625,143
626,144
627,145
628,146
628,147
628,149
627,150
626,151
625,152
622,152
620,151
619,150
619,149
end box24
447,174
448,174
449,174
450,174
451,174
452,175
452,176
453,181
452,182
451,183
449,183
448,183
447,182
end box25
497,161
497,161
498,161
499,161
499,161
500,162
500,162
501,163
501,164
501,165
501,166
500,167
499,168
498,168
497,168
496,167
end box26
593,161
593,161
594,161
595,161
595,161
596,162
596,162
597,163
597,164
597,165
597,166
596,167
595,167
594,167
593,167
592,167
end box27
16,251
21,237
27,224
37,215
52,216
65,216
76,215
89,216
103,216
114,224
120,237
124,251
126,266
128,284
123,297
106,302
90,303
77,303
64,303
52,302
35,301
16,299
13,284
15,266
end box28
163,84
166,78
172,79
178,80
183,82
188,85
188,91
188,96
188,100
188,103
188,107
188,111
188,118
183,121
178,126
172,127
165,127
164,118
end box29
433,126
434,126
435,126
436,126
437,126
438,127
438,134
437,134
435,135
434,134
433,134
end box30
end total31boxes
