510,189
512,185
516,179
519,175
524,174
530,174
535,174
540,175
547,175
550,178
554,185
557,189
557,196
557,204
555,210
549,212
541,210
530,209
523,211
516,212
511,210
510,202
510,196
end box0
577,179
578,176
580,173
582,171
585,171
588,171
591,171
594,171
597,171
599,173
602,176
604,179
604,183
604,187
602,190
599,192
594,191
591,190
588,191
585,191
581,190
578,189
577,186
577,182
end box1
607,179
608,176
612,173
614,171
617,171
626,171
629,171
632,173
635,175
637,178
638,183
638,187
636,192
632,192
627,192
616,191
613,191
609,190
607,186
607,182
end box2
549,180
550,177
552,174
554,172
557,172
566,172
569,172
571,174
574,177
575,180
576,184
576,188
574,191
571,193
567,193
557,192
554,191
551,190
550,187
549,183
end box3
635,174
635,172
636,171
637,169
638,169
640,168
641,168
643,169
645,169
646,170
647,172
648,174
648,175
648,178
647,180
646,181
644,182
642,182
640,181
638,181
636,180
635,179
635,177
635,175
end box4
554,179
554,177
556,175
557,174
560,174
568,174
570,175
571,177
573,179
573,182
573,185
572,188
569,189
566,189
557,188
555,186
554,184
554,182
end box5
601,177
601,175
602,173
603,172
605,171
607,171
608,171
610,171
612,172
614,173
615,175
615,176
616,179
615,181
615,183
613,184
611,185
609,185
606,185
605,185
603,184
601,182
601,180
601,178
end box6
590,179
590,177
591,175
592,174
594,173
596,173
597,172
599,173
601,173
603,175
604,176
605,178
605,181
605,183
604,186
603,187
600,188
598,187
595,187
593,187
591,186
590,184
590,182
589,180
end box7
571,178
571,176
572,174
573,173
575,173
577,172
580,173
582,173
584,174
585,175
586,177
586,180
586,182
585,184
583,185
581,186
578,185
577,185
574,185
573,185
571,183
571,181
571,179
end box8
639,173
640,172
641,172
642,172
643,172
644,172
645,173
645,174
645,175
645,176
645,177
645,179
645,179
643,180
642,181
641,180
640,179
639,179
end box9
555,186
557,184
559,183
568,184
570,185
572,188
572,190
573,193
573,196
572,199
570,201
567,202
557,199
555,197
end box10
519,178
520,175
523,172
525,170
528,170
540,170
543,171
547,174
548,177
548,182
547,186
545,189
541,190
528,190
524,190
520,189
519,185
519,181
end box11
619,176
619,174
620,173
622,172
624,171
629,171
631,171
633,172
635,174
636,176
636,179
636,182
635,185
633,186
630,186
623,185
621,184
619,183
619,181
619,179
end box12
658,159
662,159
663,159
663,160
664,161
664,162
664,163
664,165
663,166
661,166
659,166
658,166
657,165
656,164
end box13
555,186
557,184
559,183
568,184
570,185
572,188
572,190
573,193
573,196
572,199
570,201
567,202
557,199
555,197
end box14
673,159
678,158
679,159
680,160
681,161
680,162
680,164
680,165
679,166
678,166
676,167
675,166
674,166
673,165
672,164
end box15
606,159
606,159
607,159
608,159
608,159
609,159
610,160
610,161
610,162
610,163
610,164
609,165
608,166
607,166
606,165
605,165
605,164
end box16
688,159
688,159
689,158
690,158
691,158
692,159
693,159
693,160
694,161
694,162
694,163
694,165
693,166
691,166
690,166
689,166
688,165
687,165
687,164
end box17
598,159
598,159
599,159
600,159
600,159
601,160
601,160
602,161
602,162
602,163
602,164
601,165
600,166
599,166
598,165
597,165
597,164
end box18
658,124
659,124
660,124
661,124
662,124
663,125
663,132
662,133
660,133
659,133
658,132
end box19
855,225
857,223
862,221
866,222
867,227
867,256
862,258
857,257
854,254
end box20
end total21boxes
