624,191
625,190
625,190
626,189
626,189
629,188
630,188
631,189
631,190
632,191
632,192
632,193
632,195
631,195
629,196
628,196
627,196
626,196
625,195
624,194
624,193
624,192
end box0
523,193
523,191
524,189
525,188
527,187
532,188
534,188
535,189
537,191
538,192
539,195
539,197
538,200
536,201
533,201
531,200
529,200
527,200
524,200
523,199
522,196
522,194
end box1
593,188
594,187
595,187
596,187
597,187
598,187
599,188
599,189
600,190
600,191
600,192
600,194
599,194
597,195
596,196
595,195
594,195
593,194
592,193
end box2
611,190
612,189
612,189
613,188
615,188
616,189
617,189
617,190
618,191
618,192
618,193
618,195
617,195
615,196
614,196
613,196
612,195
611,195
610,194
end box3
543,188
543,188
544,187
547,187
548,187
549,188
550,189
550,190
550,191
550,193
550,194
549,195
547,195
546,195
545,195
544,195
543,194
542,193
end box4
509,193
509,191
510,189
511,188
513,188
515,187
518,187
520,188
522,189
523,191
524,192
524,195
524,197
523,200
521,201
519,201
517,201
515,200
513,200
510,200
509,198
509,196
508,194
end box5
438,191
438,188
439,187
441,185
443,185
450,185
452,186
454,188
455,190
455,193
455,196
454,198
452,199
449,199
442,199
440,199
438,197
438,195
437,193
end box6
642,188
642,188
643,187
644,187
645,187
646,187
647,188
647,189
648,190
648,191
648,192
648,194
647,194
645,195
644,195
643,195
642,195
641,194
640,193
end box7
622,191
623,189
624,188
625,187
626,187
632,187
634,187
636,189
637,191
637,193
637,195
636,197
633,198
631,198
626,198
624,198
622,196
622,194
622,192
end box8
504,194
505,191
507,189
510,187
513,188
520,188
523,188
525,189
529,191
531,194
532,198
532,202
529,205
525,205
521,205
513,204
510,204
506,203
504,201
503,197
end box9
591,190
591,188
592,187
594,185
595,185
602,185
604,186
605,187
606,189
607,192
607,194
606,197
603,197
600,197
594,197
592,197
591,196
590,194
590,191
end box10
559,188
560,186
561,186
565,185
566,186
567,187
567,188
568,189
567,190
567,192
566,193
564,193
563,193
562,193
561,193
560,192
559,191
end box11
661,160
661,160
665,159
666,160
666,161
667,166
666,167
665,167
663,167
662,167
661,167
660,166
end box12
531,160
531,160
532,159
533,159
534,159
535,160
536,160
536,161
537,162
536,163
536,164
536,165
536,166
534,167
533,167
532,167
531,166
530,165
end box13
452,112
453,112
455,111
456,112
457,113
458,119
457,120
456,121
454,121
453,121
452,120
end box14
528,145
529,144
530,144
531,144
532,144
533,144
534,145
535,146
535,147
535,148
535,149
535,151
534,152
533,153
531,153
530,153
529,152
528,151
527,150
end box15
644,177
645,178
646,178
646,179
646,180
646,181
646,182
645,183
644,183
643,184
642,183
641,183
641,182
end box16
528,161
528,159
529,158
530,157
532,156
533,156
535,156
537,157
538,158
538,160
539,162
539,163
539,165
538,167
537,169
536,170
534,171
531,170
530,170
529,168
528,166
528,163
end box17
594,146
594,146
595,146
596,146
596,146
597,147
597,152
596,152
595,153
594,152
593,152
end box18
end total19boxes
