701,186
702,182
705,177
708,174
713,173
728,173
733,174
736,177
740,182
741,186
742,192
742,199
740,206
736,208
728,206
713,206
706,207
702,205
701,198
702,192
end box0
682,182
682,180
684,178
685,177
696,177
699,177
701,179
702,182
702,185
702,188
701,191
697,192
687,192
683,192
682,191
681,188
681,185
end box1
669,181
669,179
671,178
672,177
674,176
681,176
684,177
686,179
686,181
687,184
687,187
685,189
683,190
680,190
675,190
673,190
670,190
669,189
668,186
668,184
end box2
657,182
657,180
658,178
659,177
661,177
668,177
670,178
671,179
672,181
673,184
673,186
672,189
669,189
667,190
664,189
663,189
661,189
658,189
657,188
656,186
656,184
end box3
676,187
677,184
679,181
682,178
685,178
698,178
701,180
703,183
705,186
705,190
704,195
703,200
700,201
684,201
679,201
676,199
676,194
675,190
end box4
end total5boxes
