164,204
173,197
180,191
186,186
193,185
200,185
207,184
213,185
222,185
233,187
245,192
247,203
246,214
244,225
234,230
221,231
213,232
207,233
201,232
195,230
186,230
173,230
164,225
161,215
end box0
1166,255
1173,249
1178,245
1185,244
1190,243
1194,243
1199,243
1203,243
1209,243
1217,243
1222,248
1228,255
1231,264
1229,272
1221,275
1210,276
1204,276
1199,276
1194,276
1189,276
1182,276
1172,276
1164,272
1164,264
end box1
578,173
578,173
579,172
580,172
581,172
582,173
582,173
583,174
583,175
583,176
583,177
583,178
582,179
581,180
580,180
579,180
578,179
577,178
577,178
end box2
561,176
562,175
563,174
563,174
567,174
568,174
568,175
569,176
569,177
569,178
569,180
568,180
566,181
565,181
564,181
563,181
562,180
561,179
561,178
end box3
557,177
557,175
559,173
561,172
562,172
569,172
571,173
573,174
574,176
575,179
575,182
574,184
570,185
561,184
559,185
557,184
556,181
556,179
end box4
593,173
594,173
594,173
595,173
596,173
596,173
597,173
598,174
598,175
598,176
598,177
598,178
597,179
596,180
595,180
594,179
593,179
593,178
592,177
end box5
643,175
643,175
644,174
645,174
646,174
647,175
648,175
648,176
649,177
648,178
648,179
648,180
648,181
646,182
645,182
644,182
643,181
642,180
642,180
end box6
593,45
598,33
679,39
684,48
685,123
679,130
597,137
593,126
end box7
659,177
660,177
661,176
662,176
663,176
664,177
666,177
666,179
666,184
666,186
664,186
662,187
661,186
659,186
658,185
end box8
672,177
673,177
674,176
675,176
676,176
677,177
679,177
679,179
680,183
679,184
678,186
677,186
675,187
674,187
672,186
671,184
end box9
669,179
670,177
671,176
673,175
675,174
677,174
679,174
681,175
682,176
683,178
684,180
684,183
684,185
684,188
682,190
680,191
674,191
672,191
670,189
669,187
669,184
669,182
end box10
609,174
609,174
610,173
611,173
612,173
613,173
614,174
614,175
614,176
614,177
614,178
614,179
614,180
612,181
611,182
610,181
609,180
608,179
608,179
end box11
629,160
630,160
631,161
631,162
631,164
631,165
630,166
629,166
627,166
626,166
625,165
end box12
657,176
658,175
660,174
666,173
668,174
669,175
670,177
671,184
671,187
669,189
666,189
661,190
659,190
657,188
656,186
end box13
611,163
612,163
613,163
614,163
615,164
615,165
615,166
615,167
615,168
614,169
613,170
612,170
611,170
610,169
610,168
end box14
692,176
693,175
694,175
695,175
696,175
697,175
698,176
699,177
699,178
699,179
699,180
699,182
698,183
697,184
695,184
694,184
693,183
692,182
end box15
645,161
645,161
646,161
647,161
647,161
648,161
649,162
649,163
649,165
649,166
648,167
647,168
646,168
645,168
644,167
end box16
705,77
706,77
707,77
709,77
710,77
710,87
709,88
707,88
706,88
705,87
end box17
end total18boxes
