892,164
894,160
898,158
901,157
914,157
917,158
922,160
925,164
927,168
926,173
921,175
916,176
900,175
895,175
891,172
891,168
end box0
957,161
962,156
968,152
975,151
980,151
991,151
997,151
1003,151
1010,155
1015,161
1018,169
1016,177
1007,180
999,181
993,180
979,180
972,181
964,180
956,176
955,169
end box1
874,165
876,162
879,160
882,159
885,159
894,159
897,160
901,162
904,165
905,169
904,173
901,176
897,177
893,176
884,176
881,175
877,175
875,172
874,169
end box2
880,163
881,161
882,160
884,158
886,158
893,158
895,159
897,161
899,163
899,166
899,169
898,171
895,172
892,172
885,172
883,172
881,171
880,168
879,166
end box3
867,164
867,162
868,160
869,159
871,158
873,158
876,158
878,159
880,160
881,161
882,163
883,166
882,168
881,171
879,172
877,172
875,172
873,172
870,172
868,171
867,169
866,167
866,165
end box4
841,163
843,159
847,157
851,156
864,156
867,158
871,159
875,163
877,167
876,172
871,175
866,175
862,175
846,173
842,171
841,167
end box5
824,164
828,160
832,158
835,157
848,157
851,158
856,160
860,164
862,169
861,173
856,176
850,176
829,175
824,172
823,168
end box6
563,176
563,176
567,176
568,176
568,177
569,178
569,179
569,180
569,182
568,182
566,183
565,183
564,183
563,182
562,182
561,181
end box7
898,162
898,160
900,159
902,158
911,157
914,158
916,160
917,162
918,165
917,168
916,170
913,171
903,171
901,171
898,170
897,167
897,165
end box8
662,125
662,123
682,122
683,125
683,131
681,133
663,133
661,131
end box9
677,159
678,159
679,158
680,159
681,159
682,160
682,161
683,162
682,164
682,165
682,167
681,168
679,168
678,168
677,166
676,165
end box10
713,139
714,139
715,139
716,139
717,139
718,140
718,141
719,146
718,147
717,147
715,148
714,147
713,147
712,146
end box11
662,144
663,145
664,146
665,147
665,148
665,150
664,151
663,152
662,153
660,153
659,153
658,152
657,151
656,150
656,149
end box12
723,161
725,157
729,155
732,157
732,188
729,188
724,187
722,183
end box13
432,142
433,142
435,142
436,142
437,143
438,144
438,145
438,146
438,147
438,149
437,150
436,151
434,151
433,151
432,150
431,149
end box14
656,124
675,121
677,123
677,132
675,135
659,136
657,134
end box15
468,161
469,161
469,162
470,163
470,164
470,165
470,167
469,168
467,168
466,168
465,168
464,168
end box16
649,145
651,145
652,146
652,148
652,151
652,152
651,154
649,154
647,155
646,154
644,154
end box17
654,147
654,145
655,143
661,141
665,141
667,142
669,144
669,146
669,149
669,151
668,153
666,155
664,156
662,156
659,156
655,154
654,152
654,150
654,148
end box18
770,127
770,126
771,126
772,126
773,126
774,126
775,127
775,128
776,129
776,130
776,131
776,133
775,134
774,134
772,135
771,134
770,134
769,133
end box19
936,157
937,156
938,156
940,156
941,157
942,158
943,159
943,166
942,167
940,168
938,168
937,168
935,167
end box20
577,142
578,141
582,141
583,142
584,143
584,144
584,145
584,146
584,148
583,149
582,150
580,150
579,150
578,149
577,148
end box21
450,161
451,161
452,162
453,163
454,164
453,165
453,166
453,168
452,169
451,170
449,170
448,170
447,169
446,168
end box22
446,173
447,173
449,173
450,173
451,174
451,175
452,180
451,181
450,182
448,182
447,182
446,181
end box23
937,127
938,127
940,127
941,127
942,128
943,129
943,134
942,135
941,136
939,136
938,136
937,135
end box24
594,161
594,161
595,160
596,160
597,160
598,160
599,161
599,162
600,163
600,164
600,165
600,167
599,168
597,168
596,168
595,168
594,168
593,167
end box25
601,125
602,123
622,122
623,125
624,128
623,131
621,133
603,133
601,131
end box26
668,128
669,127
681,126
682,128
682,130
682,131
680,133
669,132
669,131
end box27
937,170
938,169
939,169
941,169
942,170
943,171
944,179
943,180
941,181
940,182
938,182
936,180
end box28
515,144
516,143
518,143
519,144
520,144
520,145
520,149
520,151
518,151
517,151
516,151
515,150
end box29
625,146
626,145
627,145
628,145
629,146
630,146
630,147
630,151
630,153
628,153
627,154
626,153
625,152
end box30
678,169
679,168
680,168
682,168
683,169
683,171
683,178
682,180
681,180
679,180
678,178
end box31
590,170
592,169
600,167
602,169
604,171
604,185
603,187
600,189
591,188
589,186
589,183
end box32
626,159
627,158
628,158
629,158
630,159
630,159
631,160
631,164
630,165
629,166
628,166
627,166
626,165
625,164
end box33
442,165
442,163
443,161
445,160
447,159
452,159
454,159
456,160
458,162
459,164
459,167
459,169
458,172
456,173
453,174
451,174
446,173
444,172
443,171
442,169
442,166
end box34
610,163
611,162
612,162
613,162
614,162
615,163
615,164
615,165
615,166
615,167
615,169
615,170
613,170
612,170
611,170
610,170
609,168
end box35
725,159
726,157
727,157
729,157
730,159
731,160
731,169
729,171
728,172
725,171
724,169
end box36
674,144
675,144
676,144
677,144
678,144
679,145
679,146
679,150
678,151
678,153
676,153
675,153
674,152
end box37
446,141
447,141
450,140
451,141
452,142
451,151
450,152
448,153
447,152
445,151
end box38
933,139
934,139
937,139
938,139
939,140
939,147
938,149
937,150
935,150
934,150
932,149
end box39
595,142
596,141
597,142
598,141
599,142
600,143
600,150
599,151
597,151
596,151
595,150
end box40
884,129
885,129
886,129
887,129
888,129
888,130
888,135
887,136
886,136
885,136
884,135
end box41
413,141
414,140
415,141
416,140
417,141
418,142
419,148
418,149
417,150
415,150
414,150
413,149
end box42
530,143
530,143
532,143
532,143
533,144
534,148
533,149
532,149
531,150
530,149
529,149
end box43
669,147
670,145
671,144
672,142
673,141
675,141
676,141
678,141
680,142
681,143
682,145
683,146
683,149
683,150
682,152
680,154
679,155
677,155
675,155
673,155
671,153
670,152
670,150
669,148
end box44
656,155
657,154
658,154
659,154
660,155
661,156
662,157
662,162
661,164
660,165
658,165
657,165
656,164
end box45
end total46boxes
