627,206
627,200
633,192
638,187
646,186
653,186
660,185
667,186
675,187
680,192
685,200
687,205
687,215
686,223
684,233
679,236
634,236
630,232
628,222
629,214
end box0
682,194
683,191
684,188
687,186
690,185
699,186
702,186
705,188
707,190
709,194
709,197
709,202
708,206
704,207
700,207
690,206
686,206
683,204
682,201
682,197
end box1
67,219
81,200
102,193
124,192
138,192
149,193
158,193
168,194
181,194
197,198
215,206
236,222
243,244
237,259
211,268
186,268
100,268
77,257
68,242
end box2
11,195
11,188
17,183
25,182
44,183
50,183
56,185
62,189
65,195
67,203
65,210
59,214
23,216
16,215
11,210
11,202
end box3
616,177
617,173
619,170
622,168
639,168
643,169
646,172
647,176
647,181
647,185
644,188
639,190
625,191
621,190
618,188
616,185
616,181
end box4
507,195
507,193
507,192
508,190
510,189
512,188
514,188
515,188
517,189
518,191
519,193
520,195
520,196
520,199
520,201
518,203
516,204
514,204
511,204
509,203
508,202
507,200
end box5
619,157
621,157
622,158
622,165
621,166
619,166
617,167
616,166
614,166
613,165
end box6
592,144
594,144
595,144
596,144
597,145
598,146
599,147
598,148
598,150
598,151
597,152
596,153
594,153
593,153
592,152
591,151
590,150
end box7
610,175
611,174
612,174
613,174
615,175
616,175
616,177
616,182
615,184
614,185
612,185
611,185
609,184
609,182
end box8
620,176
620,174
622,172
623,171
625,170
634,170
637,171
639,173
640,176
639,179
639,182
638,185
635,186
627,187
625,187
622,186
620,184
619,181
619,179
end box9
612,155
613,153
615,152
618,152
620,152
622,153
623,155
624,166
623,169
621,170
618,170
615,170
613,169
612,167
end box10
481,127
482,126
483,126
484,126
485,127
486,128
487,129
487,130
487,133
487,134
486,135
485,136
483,137
482,136
481,135
480,134
end box11
65,194
65,192
66,191
67,190
68,189
70,188
72,187
73,188
75,189
76,190
77,192
77,194
78,195
78,198
77,200
76,202
74,203
72,203
69,203
67,203
66,201
65,199
65,197
65,195
end box12
591,176
592,175
593,175
594,175
595,176
596,177
596,178
597,183
596,184
595,185
593,186
592,185
591,184
590,183
end box13
498,160
499,160
500,160
501,160
502,160
503,161
503,162
504,163
504,164
504,165
504,167
503,168
502,169
500,169
499,168
498,168
end box14
614,147
615,147
616,147
617,148
618,149
619,150
618,151
618,153
618,154
617,155
616,156
614,156
613,156
612,155
611,154
end box15
626,159
627,159
627,160
628,161
628,163
628,165
627,166
625,166
622,166
621,165
end box16
end total17boxes
