623,170
624,169
625,168
626,167
628,168
629,169
629,171
629,172
630,173
630,174
629,175
630,177
629,178
628,180
627,181
625,181
624,178
623,177
end box0
639,160
640,159
641,159
642,159
642,160
643,161
643,161
643,162
643,163
643,164
643,165
643,166
642,167
641,168
640,167
639,166
end box1
911,268
911,250
918,236
925,213
936,181
957,161
976,175
995,203
1008,223
1013,240
1016,256
1018,269
1019,283
1015,295
1010,308
1013,337
1007,371
984,382
950,385
925,385
921,343
921,313
915,298
913,284
end box2
886,108
886,105
888,102
890,99
893,97
896,97
899,96
903,97
906,99
908,101
910,104
911,108
911,111
911,115
910,119
907,122
903,124
899,125
896,124
892,123
889,121
887,118
886,114
886,111
end box3
888,84
889,82
911,81
911,83
911,91
909,93
889,93
888,90
end box4
589,143
590,142
591,142
592,142
593,143
594,144
595,145
595,150
594,151
593,152
591,152
590,152
589,151
588,150
end box5
641,142
645,142
646,143
647,144
647,145
647,147
647,149
646,150
645,151
643,151
642,151
641,150
end box6
691,142
692,142
694,142
695,142
696,143
697,144
697,145
697,147
697,149
696,150
695,151
693,151
692,151
691,150
end box7
769,142
773,142
775,142
776,149
774,151
773,151
771,152
770,151
768,151
end box8
704,143
705,143
706,143
707,143
708,143
709,144
709,149
709,151
708,151
706,152
705,151
704,151
end box9
687,126
688,125
689,125
690,125
691,126
692,127
693,128
693,133
692,134
691,135
689,136
688,135
686,135
end box10
687,96
688,96
690,96
691,97
692,98
693,100
693,101
693,103
692,105
691,106
689,107
687,107
686,107
684,106
683,105
682,104
682,102
end box11
688,106
691,105
693,106
694,106
695,107
695,109
695,112
695,113
694,115
692,116
690,116
689,116
687,115
686,114
end box12
528,128
529,127
533,127
534,127
535,128
536,129
536,134
536,136
535,137
533,138
531,138
530,138
528,137
527,136
end box13
676,128
677,127
679,127
681,128
681,128
682,135
681,137
680,137
678,138
677,137
676,137
675,135
end box14
671,113
680,110
681,111
682,113
681,116
681,118
680,119
672,118
672,116
671,115
end box15
902,143
903,141
904,139
906,139
909,138
911,138
914,140
915,142
916,144
916,149
916,151
916,154
914,157
912,158
909,159
906,159
904,157
902,155
901,152
end box16
528,141
529,140
530,140
531,140
532,141
533,142
534,143
534,144
534,147
534,148
533,149
532,150
530,150
529,150
528,149
527,148
end box17
625,161
626,160
627,160
628,160
629,161
629,161
630,162
630,163
630,164
630,165
630,166
629,167
628,168
627,169
626,168
625,167
end box18
676,128
677,127
679,127
681,128
681,128
682,135
681,137
680,137
678,138
677,137
676,137
675,135
end box19
641,142
645,142
646,143
647,144
647,145
647,147
647,149
646,150
645,151
643,151
642,151
641,150
end box20
end total21boxes
