388,193
391,189
398,184
401,181
407,181
411,180
416,180
420,181
426,181
430,183
436,189
440,193
442,201
441,209
437,214
428,213
421,212
405,213
398,215
389,215
387,208
388,200
end box0
519,177
519,175
521,174
522,172
524,171
533,171
535,173
537,175
538,177
538,180
538,183
538,187
535,187
531,187
523,187
520,187
519,186
519,182
519,180
end box1
9,252
8,238
8,221
18,211
35,211
50,214
62,215
73,219
85,222
96,231
99,241
101,254
105,267
106,281
102,294
90,302
76,307
64,311
49,312
34,312
18,309
9,299
11,280
end box2
1209,147
1211,144
1211,141
1213,137
1215,133
1219,130
1225,126
1232,122
1237,127
1236,137
1238,172
1234,177
1225,174
1218,173
1211,175
1208,167
1209,159
1209,154
1209,150
end box3
541,172
541,171
542,170
543,170
547,170
549,170
550,171
550,173
550,174
550,176
550,178
549,179
547,179
544,179
542,179
541,178
540,177
end box4
1040,153
1047,148
1052,144
1058,142
1063,142
1076,142
1082,142
1088,142
1095,146
1100,153
1102,161
1098,168
1090,171
1081,172
1076,172
1072,172
1067,173
1062,173
1056,173
1047,172
1039,169
1038,161
end box5
538,174
538,172
539,171
540,169
542,169
549,169
551,170
552,171
553,173
554,176
554,178
553,181
550,181
547,181
541,181
539,181
538,180
537,178
537,175
end box6
561,171
562,171
566,171
568,171
569,172
569,174
569,175
569,177
569,179
567,179
566,180
564,180
563,180
561,180
560,179
559,178
end box7
587,177
588,175
589,174
589,172
591,172
593,171
594,170
596,171
598,172
600,173
601,175
601,177
601,179
601,181
601,183
599,185
597,185
595,185
592,185
590,185
588,184
587,182
587,180
587,178
end box8
509,177
509,176
510,176
510,176
511,176
512,176
512,176
513,176
514,177
514,178
514,179
514,180
514,181
513,182
512,182
511,183
510,182
509,182
508,181
508,181
508,179
end box9
497,178
501,178
502,178
502,179
503,180
503,181
503,182
503,184
502,185
500,185
499,185
498,185
497,184
496,184
495,183
end box10
525,176
526,175
526,174
527,173
528,172
533,172
534,173
535,174
536,176
536,177
536,179
536,181
534,182
532,182
530,183
529,182
527,182
526,182
525,180
525,178
end box11
573,176
573,174
574,172
575,171
577,170
579,169
581,169
582,169
585,170
586,171
587,173
588,175
588,178
588,180
587,183
585,184
583,185
581,185
578,185
576,185
574,184
573,182
573,179
573,177
end box12
609,172
609,172
610,171
611,171
612,171
613,172
613,172
614,173
614,174
614,175
614,176
614,178
613,178
612,179
611,179
610,179
609,178
608,178
608,177
end box13
544,161
548,161
549,162
550,163
550,164
550,165
550,167
548,167
547,167
545,167
544,167
543,167
543,166
end box14
606,176
606,174
608,173
609,172
610,171
617,171
618,172
620,174
621,175
621,178
621,180
620,182
618,183
615,183
613,183
612,183
610,183
608,183
606,182
606,179
606,177
end box15
625,158
626,157
628,157
629,158
630,158
630,159
631,160
631,161
630,162
630,164
630,165
628,165
627,165
626,165
625,164
624,163
end box16
677,96
679,79
691,71
764,73
774,80
780,94
780,140
778,157
765,162
688,164
678,156
677,139
end box17
146,194
150,187
157,186
162,192
164,201
166,234
165,245
158,246
149,245
145,240
end box18
672,130
673,129
674,128
675,128
676,128
677,129
678,130
679,136
678,137
677,138
675,138
674,138
673,137
end box19
722,93
724,91
756,90
759,93
758,104
722,103
end box20
end total21boxes
