430,189
431,177
436,163
446,156
461,156
474,157
485,156
497,157
509,159
518,166
528,178
532,188
531,204
531,220
527,233
514,238
498,236
485,233
475,232
464,232
449,233
438,230
434,217
432,203
end box0
654,190
667,181
679,175
689,172
697,171
704,171
711,170
718,170
727,171
739,173
753,178
762,189
762,203
755,212
740,218
697,219
687,221
672,220
655,214
651,205
end box1
768,212
821,171
871,150
921,150
953,150
976,150
997,150
1021,150
1046,155
1090,158
1138,176
1191,214
1212,270
1188,297
1111,310
1053,307
916,310
856,314
781,299
757,271
end box2
523,189
523,184
524,177
528,172
534,171
541,171
546,171
552,172
558,174
561,178
563,185
566,189
566,196
566,202
565,210
562,215
554,215
547,213
541,213
534,214
528,212
526,207
end box3
234,250
255,226
277,207
298,195
321,195
341,196
359,196
380,194
403,196
428,204
451,223
466,249
474,282
470,310
446,331
414,338
384,333
360,325
341,323
319,329
289,335
257,327
230,310
225,283
end box4
630,183
632,179
634,176
636,174
639,173
643,173
646,173
650,172
654,172
657,174
660,178
661,182
660,187
659,191
658,195
655,197
650,197
642,197
638,198
634,197
631,195
631,190
631,186
end box5
556,179
556,177
557,175
558,174
560,173
562,173
563,173
565,173
567,174
568,175
570,177
570,178
571,181
571,183
570,186
569,187
566,188
564,187
562,187
560,186
558,185
557,184
end box6
621,181
621,179
623,178
624,176
625,175
627,174
628,174
630,174
633,174
635,175
636,178
636,180
634,187
632,188
630,189
628,189
626,190
624,191
621,189
621,187
620,185
621,182
end box7
593,172
593,172
594,171
594,171
597,170
598,171
599,171
599,172
600,173
600,174
600,175
600,177
599,177
597,178
596,178
595,178
594,177
593,177
592,176
end box8
529,177
529,173
531,169
534,167
539,167
550,168
554,168
557,170
560,173
562,177
562,182
562,187
560,191
556,193
551,193
end box9
561,175
562,174
563,173
564,173
565,174
566,174
567,175
567,176
568,177
568,178
568,179
568,181
567,182
566,183
564,183
563,182
562,182
561,181
end box10
610,172
610,172
611,171
612,171
613,171
614,172
615,172
615,173
616,174
616,175
616,176
616,178
614,178
613,179
612,179
611,179
610,178
609,178
609,177
609,175
end box11
620,180
621,178
623,175
625,173
627,172
630,172
633,172
636,172
639,172
643,173
645,176
645,180
644,183
643,186
642,189
639,191
636,191
633,192
630,193
626,193
622,193
620,190
620,186
620,183
end box12
576,172
576,172
577,171
578,171
579,171
580,172
580,172
581,173
581,174
581,175
581,176
581,177
580,178
579,179
578,180
577,179
576,178
575,177
end box13
594,163
598,163
598,163
599,164
600,165
600,166
600,167
600,169
599,169
597,170
596,170
595,169
594,169
593,169
593,168
end box14
638,180
638,178
639,177
641,175
643,174
644,174
647,173
649,174
651,174
654,175
655,178
655,180
655,183
655,185
654,188
652,190
649,190
647,190
644,190
642,190
639,190
638,187
638,185
637,183
end box15
586,173
587,171
588,169
590,168
591,168
598,168
600,169
601,170
603,172
603,175
603,178
602,180
599,180
596,180
590,180
588,180
586,179
586,177
586,175
end box16
878,114
878,112
879,111
880,109
881,108
883,107
885,106
887,107
888,108
889,110
890,112
890,114
890,115
890,117
890,119
889,122
887,123
885,124
882,124
880,123
879,121
878,118
878,117
878,115
end box17
701,122
702,120
712,120
713,123
712,138
710,139
701,138
700,136
end box18
786,95
786,93
788,91
798,91
800,92
801,94
802,101
801,104
799,106
794,106
789,106
787,105
786,103
end box19
663,146
664,147
664,148
664,150
664,152
663,153
end box20
1193,290
1195,284
1196,278
1197,268
1202,262
1209,259
1220,256
1228,258
1233,267
1234,276
1234,284
1236,290
1236,296
1237,302
1237,311
1238,326
1231,333
1221,334
1208,335
1199,330
1194,321
1192,311
1191,303
1193,295
end box21
end total22boxes
