25,202
31,195
38,191
45,190
63,192
69,191
76,192
84,195
92,202
95,211
92,218
80,221
70,221
36,220
25,218
24,210
end box0
208,190
210,187
213,184
216,183
219,183
226,183
229,183
233,184
236,186
239,190
240,194
239,198
236,201
231,202
227,202
224,201
221,201
218,201
215,201
210,201
207,198
207,194
end box1
252,187
254,184
256,181
259,180
263,179
270,179
274,179
277,181
280,183
282,187
283,191
283,195
280,199
275,199
271,199
262,199
258,198
254,198
252,195
252,191
end box2
97,195
102,190
109,187
140,187
148,190
155,195
158,204
155,210
144,212
105,212
95,209
94,203
end box3
361,181
362,179
363,177
364,176
366,176
373,176
375,177
377,178
378,180
378,183
378,186
377,188
375,189
372,189
365,189
363,189
361,187
361,185
361,183
end box4
463,161
463,161
464,160
465,160
466,160
467,161
467,161
467,162
468,163
468,164
468,165
468,166
467,167
466,168
465,169
464,168
463,167
463,166
end box5
482,160
482,160
483,159
484,159
485,159
485,160
486,160
486,161
487,162
487,163
487,164
487,165
486,166
485,167
484,167
483,167
482,166
482,165
end box6
645,172
646,170
647,170
649,170
650,172
651,173
652,180
651,182
649,184
648,185
645,184
644,183
end box7
496,143
497,143
498,143
499,143
500,143
501,144
502,145
502,146
502,147
502,148
502,150
501,151
500,152
498,152
497,152
496,151
495,150
end box8
660,172
661,171
662,171
664,171
665,172
665,173
665,182
664,183
663,184
661,183
659,182
end box9
692,158
693,158
694,158
695,158
696,158
697,159
697,160
697,161
697,162
697,163
697,164
696,165
695,166
694,167
693,166
692,166
691,164
end box10
528,145
528,145
529,144
530,144
531,144
531,145
532,145
533,146
533,147
533,148
533,149
533,150
532,151
531,152
530,152
529,152
528,151
528,150
end box11
643,124
644,119
675,119
678,123
678,139
676,143
644,143
642,138
end box12
494,159
494,159
495,158
496,158
497,158
497,159
498,159
498,160
499,161
499,162
499,163
499,164
498,165
497,166
496,166
495,166
494,165
494,164
end box13
434,159
435,159
436,159
437,158
438,159
438,159
439,164
438,165
437,166
436,166
435,166
434,165
end box14
end total15boxes
