1171,189
1175,184
1181,180
1188,179
1193,179
1205,178
1211,177
1218,178
1224,183
1228,189
1229,197
1227,204
1220,207
1211,209
1205,208
1201,208
1196,208
1192,208
1186,208
1177,207
1170,204
1170,197
end box0
404,210
404,205
403,198
405,191
408,179
417,161
425,161
434,176
438,188
440,197
440,204
440,210
439,215
438,220
436,225
435,233
434,249
427,264
415,264
409,243
409,229
407,223
405,219
405,215
end box1
285,226
284,220
284,212
286,202
290,189
300,168
310,166
320,184
325,200
327,210
327,219
327,225
327,231
326,237
324,244
321,251
319,271
312,289
298,287
292,262
292,246
289,240
286,236
286,231
end box2
339,210
341,206
342,202
343,198
346,191
351,183
357,180
363,186
366,195
368,200
369,205
370,209
370,214
370,218
369,223
367,231
364,238
358,243
349,241
343,238
341,229
341,222
340,217
339,213
end box3
end total4boxes
