343,212
345,202
352,194
362,191
372,191
380,192
387,191
395,192
403,193
408,198
416,206
424,213
429,225
429,237
423,244
406,245
397,246
388,245
379,245
372,245
364,243
352,241
346,234
344,223
end box0
426,194
427,188
430,181
436,179
443,180
448,180
453,180
458,180
464,180
470,183
473,189
476,194
478,202
479,210
475,216
467,217
460,217
453,216
448,216
443,216
437,215
430,212
428,207
427,201
end box1
205,224
223,210
242,202
258,199
270,198
280,197
289,196
300,197
313,197
328,201
347,210
366,225
371,246
364,262
339,269
314,269
300,269
290,269
280,268
270,266
257,266
232,268
208,261
202,246
end box2
684,204
693,195
700,186
709,182
718,179
726,179
735,178
744,179
756,178
769,181
780,189
780,203
779,216
778,230
771,238
754,239
743,239
734,239
726,241
716,242
704,242
688,239
680,231
680,218
end box3
524,188
524,186
526,184
527,183
529,183
538,183
540,183
542,186
544,188
544,191
544,194
543,198
540,198
536,197
529,198
526,198
524,196
523,193
523,191
end box4
500,190
501,187
502,184
504,183
508,182
510,182
513,182
516,182
519,182
521,184
523,187
524,190
525,193
525,197
524,202
521,203
517,203
513,202
510,202
507,202
504,201
501,200
500,196
500,193
end box5
556,180
556,178
558,177
559,175
561,175
566,175
569,175
571,176
572,178
573,180
573,183
574,186
573,189
570,189
567,189
562,189
560,190
558,189
556,188
555,185
555,183
end box6
591,177
592,176
593,175
593,175
598,174
599,175
600,176
601,177
602,178
601,180
601,182
599,182
598,182
593,182
592,182
591,181
591,179
591,178
end box7
507,192
507,190
508,188
509,186
511,186
512,185
515,184
517,185
519,186
520,187
521,189
522,191
522,194
522,196
522,199
520,201
518,202
515,201
512,201
510,201
508,199
507,197
507,193
end box8
577,176
577,176
578,175
579,175
580,175
581,176
582,176
582,177
583,178
583,179
583,180
583,182
582,183
580,183
579,183
578,183
577,182
576,182
576,181
end box9
569,181
569,179
570,177
571,176
573,176
575,175
578,176
580,176
582,177
583,178
584,180
584,183
584,185
583,188
581,189
579,189
576,188
575,189
572,189
571,188
569,187
569,184
568,182
end box10
543,177
548,176
549,177
550,178
550,179
550,180
550,182
550,183
549,184
547,184
546,184
545,184
544,184
543,183
542,182
end box11
559,175
559,174
560,173
564,173
565,174
566,175
566,176
566,177
566,178
566,180
565,181
564,181
562,182
561,181
560,181
559,180
558,179
end box12
588,179
588,177
591,176
592,175
601,175
604,175
606,177
608,179
609,182
609,186
606,188
603,188
593,188
590,188
587,187
586,185
586,182
end box13
536,182
537,180
538,178
539,177
541,177
548,177
550,177
552,179
553,181
553,184
553,186
552,189
550,190
547,190
543,190
540,190
538,189
537,188
536,186
536,184
end box14
638,182
638,180
639,178
640,177
642,176
644,175
646,175
647,175
650,176
651,177
653,179
653,181
654,184
654,186
653,189
651,190
648,191
646,191
643,191
641,191
639,189
638,188
637,186
637,184
end box15
556,186
557,184
559,182
561,181
571,181
574,181
576,183
578,186
578,189
578,193
576,196
572,195
562,195
559,196
556,195
555,192
555,189
end box16
611,175
615,175
615,175
616,176
617,177
617,178
617,179
617,181
616,181
614,182
612,181
611,181
610,181
609,180
end box17
469,194
469,190
471,186
474,184
478,184
481,184
484,184
487,185
491,185
493,187
496,190
498,194
499,198
498,202
497,207
493,209
489,209
484,208
481,208
478,207
474,206
471,204
470,201
470,197
end box18
527,183
527,181
529,179
530,178
532,177
540,177
542,178
543,180
544,182
545,185
545,188
544,191
541,191
538,191
531,191
529,191
527,189
526,187
526,185
end box19
623,176
628,175
629,176
630,177
630,178
630,179
630,180
630,182
629,183
627,183
626,183
625,183
624,183
623,182
622,181
end box20
530,176
535,175
536,176
537,177
537,178
538,179
538,181
538,183
536,183
535,183
532,183
531,183
530,182
529,181
end box21
485,194
485,190
487,188
490,186
493,186
496,186
499,186
502,186
505,186
508,188
510,191
512,194
513,198
513,202
511,206
507,208
503,207
499,207
496,206
493,206
490,205
487,204
485,201
485,197
end box22
647,160
648,161
649,162
649,163
649,166
649,167
648,168
647,168
645,169
644,168
643,168
642,167
end box23
366,157
369,156
371,157
372,157
372,158
373,160
373,161
373,163
372,164
371,165
370,166
368,167
367,166
365,165
365,164
end box24
564,165
565,165
566,166
566,167
566,168
566,169
566,170
565,171
564,172
563,172
562,171
561,171
end box25
382,173
383,172
384,172
385,172
386,173
387,174
388,180
387,181
386,182
384,182
383,182
382,181
end box26
3,26
5,18
12,19
15,25
16,62
12,66
5,68
2,60
end box27
331,94
331,92
332,90
333,89
335,88
337,88
338,88
340,88
342,88
344,89
345,91
346,93
346,96
346,98
345,100
343,102
341,102
339,103
337,102
334,102
333,101
332,99
331,97
331,95
end box28
688,124
689,122
696,121
698,122
699,124
700,135
699,138
697,139
689,138
687,136
end box29
335,158
336,157
339,157
340,158
341,159
342,160
342,166
341,168
339,169
337,170
336,169
334,168
end box30
381,161
382,161
383,162
384,162
384,163
385,164
385,165
385,166
384,168
384,168
382,169
381,169
380,169
379,168
378,168
end box31
348,119
351,117
355,116
358,118
359,122
359,126
359,137
359,141
358,146
355,148
351,147
348,143
end box32
1,19
6,11
13,13
18,19
20,67
14,71
4,74
0,70
end box33
end total34boxes
