456,194
456,188
461,182
466,179
472,179
478,178
483,178
489,178
496,179
500,182
504,189
507,194
508,202
508,210
506,217
499,219
490,216
463,218
458,216
457,208
457,201
end box0
308,204
310,200
315,195
319,192
324,191
329,192
338,192
344,191
350,193
354,199
356,204
358,211
357,218
353,223
346,225
339,224
329,224
323,225
316,226
309,224
306,218
307,211
end box1
570,190
572,187
576,183
579,180
583,180
599,180
601,182
606,186
608,190
609,195
609,201
607,207
601,207
582,206
576,207
572,206
570,200
570,195
end box2
347,208
356,198
366,190
376,187
387,187
395,188
402,188
410,188
420,188
430,191
441,199
449,208
454,224
453,237
443,245
424,245
411,243
403,242
395,241
386,242
374,244
356,245
347,236
345,223
end box3
-14,260
15,223
41,196
78,186
113,184
142,184
167,184
195,184
227,189
264,200
299,223
325,263
336,311
328,352
287,368
235,377
198,380
170,382
142,379
117,370
77,371
19,373
-10,347
-17,307
end box4
540,179
540,177
542,175
544,175
546,174
547,174
549,175
551,176
553,177
554,178
555,180
555,183
555,185
555,188
553,189
550,190
548,190
545,189
543,189
542,188
541,186
end box5
516,178
516,175
518,170
521,168
525,167
536,167
541,168
543,171
546,174
547,178
547,183
548,188
546,193
543,195
537,196
532,194
525,194
521,192
518,190
517,186
516,182
end box6
479,187
480,183
483,181
488,181
492,180
495,181
499,181
502,182
505,185
507,188
508,192
509,196
510,200
509,206
506,208
500,209
496,207
492,206
end box7
480,178
480,174
481,171
484,169
488,169
497,168
501,169
503,171
505,174
507,178
507,182
507,186
506,190
503,192
498,193
494,191
482,188
481,184
480,181
end box8
447,179
449,175
452,172
455,171
470,171
473,173
477,175
479,178
480,183
479,187
476,191
472,192
450,190
448,186
447,183
end box9
546,177
547,176
548,176
549,176
550,176
551,177
552,177
552,178
553,179
553,180
553,181
553,183
552,184
550,184
549,185
548,184
547,184
546,183
end box10
570,179
570,177
572,176
573,175
574,174
576,173
577,172
579,173
581,174
583,175
584,177
584,178
584,181
584,183
584,185
582,186
580,187
578,187
575,188
573,187
571,186
570,184
570,182
570,180
end box11
675,109
676,109
677,109
678,109
679,109
679,110
679,116
679,118
677,118
676,117
675,116
end box12
573,174
573,173
574,173
575,172
576,173
577,173
578,174
578,175
578,176
578,177
578,178
578,179
578,181
576,181
575,182
574,182
573,181
572,180
end box13
661,116
662,115
663,115
664,115
665,116
666,117
666,124
665,125
663,126
662,125
661,124
end box14
50,177
50,175
51,173
52,172
54,172
56,171
57,171
59,171
61,172
63,173
64,174
65,176
65,179
65,181
64,183
62,185
60,186
58,186
55,185
53,185
51,184
50,182
50,180
50,178
end box15
631,153
632,150
656,150
657,152
658,176
656,179
632,178
end box16
561,176
561,175
562,175
563,174
564,175
565,175
566,176
566,177
567,178
567,179
566,180
567,182
566,183
565,184
563,184
562,184
561,183
560,182
end box17
53,176
53,175
54,174
55,174
57,173
58,173
59,174
61,174
61,175
62,177
62,178
62,180
62,181
61,183
59,183
57,183
56,183
54,183
53,182
53,180
end box18
638,188
639,186
640,186
642,186
643,187
643,189
643,196
642,198
641,199
639,198
638,196
end box19
332,150
333,147
346,147
348,149
350,176
348,179
333,176
end box20
546,177
547,176
548,176
549,176
550,176
551,177
552,177
552,178
553,179
553,180
553,181
553,183
552,184
550,184
549,185
548,184
547,184
546,183
end box21
end total22boxes
