1113,207
1122,195
1134,182
1145,175
1159,175
1172,176
1183,175
1196,175
1211,174
1224,180
1238,193
1244,206
1243,225
1242,244
1236,258
1214,258
1195,253
1183,253
1173,252
1160,253
1140,259
1118,258
1111,245
1111,227
end box0
1079,195
1084,190
1090,187
1095,186
1099,186
1113,186
1119,186
1125,189
1130,195
1133,202
1130,208
1122,210
1114,211
1109,211
1105,211
1102,211
1098,211
1092,211
1084,211
1077,208
1076,202
end box1
109,208
143,175
179,161
219,161
241,158
260,157
277,160
294,163
313,166
349,166
390,177
420,209
430,249
411,270
357,280
317,278
219,277
174,284
126,270
107,250
end box2
968,191
977,184
988,181
995,181
1023,181
1034,184
1045,191
1050,202
1045,208
1028,210
983,210
967,208
965,201
end box3
359,256
359,254
360,252
361,251
363,250
365,249
367,249
368,249
370,250
372,251
373,253
374,255
374,258
374,260
373,262
371,264
369,265
367,265
364,265
362,264
360,263
359,261
359,259
359,257
end box4
end total5boxes
