296,212
296,207
295,201
296,192
300,177
308,162
316,165
325,180
328,193
329,201
329,208
329,212
329,217
328,221
328,226
328,236
327,254
320,266
306,266
299,253
299,233
298,225
297,221
296,217
end box0
601,194
602,191
601,188
602,182
604,175
609,166
615,163
620,170
623,180
624,186
624,190
624,194
624,197
624,201
623,204
623,211
622,223
617,229
607,229
603,219
603,208
603,202
602,199
602,197
end box1
622,189
622,186
623,182
626,176
629,175
632,180
634,185
634,188
634,191
634,193
634,194
634,196
634,198
633,202
633,209
630,214
626,212
624,204
623,199
623,197
end box2
640,187
641,186
642,183
644,183
645,184
646,186
646,188
646,189
647,190
646,191
646,192
646,193
646,195
645,198
644,200
642,199
641,195
end box3
613,192
613,190
612,186
613,181
615,175
619,168
624,167
629,174
631,181
632,186
632,189
632,192
632,195
631,198
630,200
630,205
629,214
625,221
618,221
615,212
614,203
614,199
613,197
613,195
end box4
end total5boxes
