561,176
562,175
565,175
566,175
567,176
568,177
568,178
568,179
568,180
568,182
567,183
566,183
564,184
563,183
562,183
561,182
560,181
end box0
590,176
592,174
595,174
596,174
597,175
598,176
598,177
598,178
598,180
596,180
595,180
594,180
593,180
592,180
591,180
590,179
591,178
590,177
end box1
540,182
540,180
541,178
542,177
544,176
549,176
551,177
553,178
554,179
555,181
556,184
556,186
555,189
553,190
550,191
548,190
545,190
543,190
541,189
540,188
539,185
539,183
end box2
577,174
578,174
578,174
579,174
580,174
580,174
581,174
582,175
582,176
582,177
582,178
582,179
581,180
580,180
579,181
578,180
577,180
576,179
576,179
end box3
555,179
555,177
557,175
558,174
560,173
567,174
569,174
571,176
572,178
572,181
572,184
571,186
569,187
566,187
564,187
561,187
559,187
557,187
555,185
555,183
555,181
end box4
625,173
627,171
630,171
631,171
632,172
633,173
633,174
633,175
633,177
631,177
630,177
629,177
628,177
627,177
626,177
625,176
626,175
625,174
end box5
517,193
518,190
521,187
524,186
537,186
539,188
543,190
546,193
547,197
547,201
543,204
539,205
535,204
523,204
519,203
517,200
516,196
end box6
610,174
611,173
612,172
616,172
617,173
618,174
618,175
618,176
618,178
616,178
615,178
613,178
612,178
611,178
610,177
610,176
610,175
end box7
441,183
441,182
443,180
444,179
446,179
453,178
455,179
457,181
458,183
458,186
458,189
457,191
455,192
445,192
442,192
441,191
440,188
440,186
end box8
549,157
550,158
550,158
551,159
551,162
550,163
549,163
548,163
547,163
546,163
end box9
671,188
672,184
675,180
679,178
682,181
683,186
684,206
683,213
679,214
674,213
672,209
671,202
end box10
996,86
1000,84
1005,81
1009,80
1014,82
1019,84
1029,119
1026,121
987,122
985,118
end box11
642,142
643,141
644,141
645,141
646,141
647,142
647,143
647,147
647,149
646,149
644,150
643,149
642,148
end box12
673,175
674,174
675,173
676,173
677,173
678,174
679,175
680,176
680,181
680,183
678,184
676,184
675,183
673,183
673,181
end box13
649,127
650,128
651,129
651,134
650,135
649,135
647,136
646,135
645,135
end box14
658,143
659,142
660,142
661,142
662,143
662,143
663,144
663,145
663,146
663,147
663,148
662,149
661,150
660,150
659,150
658,149
657,148
end box15
642,142
643,141
644,141
645,141
646,141
647,142
647,143
647,147
647,149
646,149
644,150
643,149
642,148
end box16
600,122
601,122
603,121
604,122
604,122
604,128
603,129
602,129
601,129
600,128
end box17
597,116
598,115
600,115
601,115
602,116
602,123
601,123
599,124
598,123
597,123
end box18
675,168
676,152
682,134
695,125
714,126
729,125
743,124
759,125
775,127
790,136
801,150
801,167
799,185
801,206
795,223
778,228
760,228
744,227
729,227
712,229
693,231
674,225
672,206
674,186
end box19
end total20boxes
