418,188
421,184
424,182
427,180
430,180
442,180
446,181
450,184
453,187
455,193
454,198
450,201
444,201
439,200
429,201
425,200
420,200
417,197
416,192
end box0
123,204
130,199
136,195
142,194
146,194
156,195
161,194
168,194
174,198
182,204
186,212
184,219
173,221
163,221
158,220
153,220
150,220
145,221
140,221
130,221
121,219
120,212
end box1
335,191
338,188
340,185
343,183
346,183
358,183
361,184
365,187
368,190
370,195
369,200
366,204
360,204
355,203
345,204
341,204
336,204
333,200
333,195
end box2
457,178
457,176
459,175
461,173
471,173
473,174
475,176
476,178
477,181
477,184
476,187
472,188
469,187
462,187
459,187
457,186
456,183
456,181
end box3
3,212
4,206
7,201
12,199
18,200
30,201
35,201
39,203
43,207
46,212
48,218
48,224
44,229
38,231
32,232
27,231
22,231
17,231
11,231
6,229
4,223
4,217
end box4
418,180
420,176
423,173
426,172
429,172
441,172
444,173
448,176
451,179
452,184
451,189
448,192
443,193
439,193
428,193
425,192
420,192
417,188
417,184
end box5
369,190
372,186
375,184
379,183
382,183
393,182
396,183
401,186
405,189
406,195
405,200
401,203
395,203
390,202
381,203
377,202
371,202
368,199
367,194
end box6
358,191
358,189
359,187
361,185
363,185
365,184
369,184
371,185
373,186
374,188
375,190
375,193
375,196
374,198
372,200
369,200
367,200
364,200
362,200
360,199
358,197
358,195
358,193
end box7
180,197
180,195
181,193
182,192
184,192
189,192
191,192
193,193
194,194
195,196
196,199
196,201
195,204
192,205
190,205
188,205
186,204
184,204
182,204
180,203
179,200
179,199
end box8
479,174
480,173
483,173
484,173
485,174
485,175
486,176
486,177
486,178
486,180
485,181
483,181
482,181
481,181
480,181
479,180
478,179
end box9
463,176
464,176
468,176
470,176
470,178
471,179
471,180
471,182
471,184
469,185
468,185
466,185
465,185
463,185
462,184
462,183
end box10
740,53
743,52
759,64
760,69
758,73
758,79
743,83
727,72
726,68
end box11
784,214
786,207
792,204
798,202
804,203
807,211
812,254
809,260
799,256
790,256
782,258
782,247
end box12
531,170
532,170
534,170
535,170
536,171
537,172
537,173
537,174
537,175
537,177
536,178
535,179
533,179
532,179
531,178
530,177
end box13
54,207
55,207
56,206
57,206
58,206
60,207
61,207
61,208
62,210
62,211
62,213
62,215
61,216
59,216
57,217
56,216
54,216
53,215
53,213
end box14
51,210
51,209
52,207
54,206
56,206
57,206
59,206
61,206
63,208
64,209
65,211
65,214
65,216
64,218
62,220
60,221
58,221
55,221
53,220
52,219
50,217
50,215
50,213
end box15
496,176
496,175
497,175
498,175
499,175
500,175
501,176
501,177
502,178
502,179
502,180
502,182
501,183
499,183
498,184
497,183
496,183
495,182
end box16
920,110
921,109
922,110
924,109
925,110
926,111
927,112
927,114
927,117
927,119
926,120
924,121
922,121
921,121
919,120
918,119
end box17
531,165
532,165
533,164
534,164
535,165
535,165
536,166
536,167
537,168
536,169
536,171
536,172
534,172
533,172
532,172
531,171
530,170
end box18
541,174
541,174
542,173
543,173
544,173
545,173
546,174
546,175
547,176
547,177
547,178
547,180
546,181
544,181
543,181
542,181
541,181
540,180
end box19
757,126
758,125
759,125
761,125
762,126
763,127
762,136
761,137
760,138
758,137
756,136
end box20
735,79
735,77
751,76
752,78
752,81
752,84
752,87
752,90
744,92
735,88
end box21
757,142
758,142
760,142
761,142
762,143
762,150
761,151
759,151
758,151
757,150
end box22
915,111
916,109
917,107
918,106
920,106
923,105
925,106
927,106
929,108
930,110
930,112
930,115
930,117
930,120
928,122
926,123
923,124
920,123
918,123
916,121
915,118
915,116
915,114
end box23
767,75
768,72
770,71
773,71
775,72
777,74
778,77
777,79
778,81
778,82
777,84
778,86
777,89
776,92
773,93
770,93
767,92
end box24
392,100
393,97
395,97
401,97
403,98
403,115
401,118
395,118
392,117
end box25
33,165
34,164
34,161
34,157
36,154
39,153
43,151
47,151
50,154
50,181
49,185
43,185
39,182
35,179
34,175
34,172
34,169
33,167
end box26
732,99
733,93
737,92
742,90
747,91
749,96
749,123
748,130
742,131
737,130
733,126
733,119
end box27
757,142
758,142
760,142
761,142
762,143
762,150
761,151
759,151
758,151
757,150
end box28
end total29boxes
