712,206
712,201
712,196
713,188
715,173
722,156
730,158
737,177
739,190
740,197
740,202
741,206
741,209
739,213
738,217
741,228
742,247
734,255
718,258
710,255
713,227
714,217
712,213
711,209
end box0
610,180
611,177
611,173
613,168
615,160
620,148
626,145
632,155
635,165
636,171
637,175
637,180
637,183
637,188
635,191
634,197
632,207
628,218
618,218
613,207
613,195
612,190
611,186
610,183
end box1
673,189
673,187
672,183
673,178
675,172
679,162
684,161
689,170
692,177
692,182
692,186
692,189
692,192
691,195
690,197
689,201
688,210
685,221
678,221
675,210
675,200
674,196
673,194
673,192
end box2
561,171
561,165
562,157
567,146
573,143
578,154
579,164
579,170
579,173
579,176
579,179
579,181
578,184
579,192
579,204
575,212
565,209
562,199
563,187
end box3
520,162
520,160
520,158
521,155
523,151
526,150
529,152
530,156
530,159
531,161
531,163
531,164
530,166
530,168
530,172
530,177
527,179
523,178
521,173
521,169
520,167
end box4
496,159
496,157
497,155
498,151
500,146
503,146
506,149
507,153
508,156
509,159
509,160
509,162
508,164
508,166
508,170
507,177
504,179
500,179
498,172
497,167
497,165
497,164
end box5
489,157
489,155
491,151
493,146
497,145
499,149
501,153
502,156
502,158
502,160
502,162
501,164
501,167
501,171
500,177
497,181
493,179
491,172
490,167
end box6
491,147
491,146
492,145
493,144
494,145
495,146
496,147
496,148
496,149
497,150
497,151
497,153
496,155
495,156
494,157
492,156
490,155
490,153
end box7
end total8boxes
