-4,227
-6,201
-2,168
13,149
45,151
75,155
98,159
123,164
143,172
160,186
175,208
178,231
182,258
178,286
175,312
156,326
127,325
99,316
76,317
49,324
15,332
0,319
end box0
379,211
386,203
393,195
400,190
408,189
416,189
423,189
430,191
440,191
448,194
457,201
462,210
463,222
461,233
455,240
439,239
430,239
423,240
415,241
407,243
397,242
384,240
377,234
378,222
end box1
159,207
159,201
160,192
164,188
173,187
179,187
186,187
192,188
198,190
203,195
206,201
209,207
210,214
209,222
207,230
202,235
194,236
186,234
179,233
172,234
166,232
162,227
end box2
166,191
165,184
167,176
172,172
180,171
201,171
208,172
212,177
215,185
217,191
218,198
217,206
215,214
210,219
202,219
194,217
175,215
end box3
312,195
314,192
317,189
321,187
337,187
341,188
345,191
347,195
347,200
346,205
343,208
338,209
334,209
323,209
320,209
314,208
312,205
311,200
end box4
343,207
346,202
349,196
354,193
359,192
364,192
369,192
374,192
381,192
388,192
391,199
392,206
391,213
389,219
386,224
380,226
374,227
369,228
364,229
358,230
350,230
343,227
341,221
342,213
end box5
340,208
340,205
342,202
344,199
348,198
351,198
354,198
357,199
362,198
365,200
367,204
368,208
368,212
368,216
366,220
362,222
358,222
354,222
351,222
347,223
342,223
339,220
338,216
339,211
end box6
312,176
313,175
314,175
315,175
316,176
316,176
317,177
317,181
316,182
315,183
314,183
313,183
312,182
end box7
end total8boxes
