207,243
234,214
258,189
284,179
313,178
337,180
358,178
383,177
409,180
440,188
469,209
485,242
492,280
484,311
458,333
421,342
385,335
357,321
338,318
313,327
277,338
237,331
206,313
197,282
end box0
559,195
560,190
564,184
569,181
575,181
580,181
585,181
590,181
597,181
601,184
604,190
607,195
609,202
609,210
607,217
599,218
590,215
580,215
573,218
565,219
560,217
558,209
559,202
end box1
433,205
435,197
441,189
449,187
457,186
464,187
471,187
477,187
485,187
492,191
498,198
504,205
508,216
507,227
502,233
487,233
478,233
471,232
464,232
457,233
449,232
438,231
433,224
433,214
end box2
509,195
510,191
513,188
516,185
520,185
531,185
535,186
537,189
541,192
543,195
544,200
544,205
542,211
537,212
532,211
516,209
512,208
511,204
510,200
end box3
138,221
147,212
156,202
164,195
175,195
203,196
217,195
229,198
240,207
243,219
242,235
239,248
231,259
217,260
158,264
145,261
137,249
137,236
end box4
563,190
564,186
568,183
571,180
575,180
591,180
594,182
598,186
600,190
600,195
600,201
597,206
592,206
574,206
569,207
564,205
562,200
562,195
end box5
417,192
419,188
422,185
425,184
428,184
440,184
443,185
448,188
450,191
451,196
450,200
445,203
441,205
438,205
428,205
425,204
420,202
417,200
416,196
end box6
502,202
501,196
505,190
510,187
516,187
522,187
527,187
532,187
538,188
543,191
546,198
549,202
549,209
549,216
547,223
542,225
533,223
516,224
508,224
504,222
503,215
503,208
end box7
473,180
473,178
475,177
477,176
486,176
488,176
490,178
492,180
493,183
493,186
491,189
488,189
475,189
473,188
472,185
472,183
end box8
571,139
572,135
611,134
612,139
612,151
608,155
574,154
571,151
end box9
620,164
621,164
622,164
623,164
624,164
625,165
626,166
626,167
626,168
626,169
626,171
625,172
624,173
622,174
621,173
620,172
end box10
350,161
351,159
353,158
363,157
365,159
366,173
364,175
352,176
350,174
350,171
end box11
353,160
360,159
362,160
362,161
363,168
361,170
359,170
354,170
353,169
end box12
end total13boxes
