859,220
864,210
870,198
876,186
888,185
901,184
912,184
925,184
939,185
947,194
953,208
956,219
955,233
955,248
955,266
946,272
925,267
912,266
901,266
887,269
867,272
859,265
858,248
859,234
end box0
731,189
733,186
736,182
738,180
742,179
753,179
757,179
760,182
764,185
767,189
767,194
767,200
765,205
759,206
753,204
741,205
737,205
732,204
730,199
730,194
end box1
774,182
776,179
780,177
782,175
795,176
798,177
802,179
805,181
805,186
805,190
801,193
797,194
784,193
781,193
777,192
774,190
774,186
end box2
783,182
783,180
785,179
787,178
796,177
798,178
801,180
802,182
803,185
802,188
801,191
798,191
786,191
783,190
782,187
782,185
end box3
837,175
840,175
841,175
842,176
842,177
842,178
842,179
842,180
841,181
840,181
838,181
837,181
836,180
836,180
end box4
767,191
767,189
768,187
769,186
771,186
778,186
780,187
781,189
782,190
782,193
782,195
781,197
779,198
777,199
772,198
770,199
768,198
767,197
767,194
766,192
end box5
754,193
754,191
755,189
756,187
757,186
759,186
762,185
764,185
766,186
767,188
768,190
769,192
769,195
770,197
769,200
767,202
765,204
762,203
759,202
757,202
755,200
754,199
753,194
end box6
876,162
876,163
877,164
877,166
877,168
876,168
874,169
872,169
871,168
870,168
end box7
807,176
807,176
808,175
809,175
810,175
811,176
811,176
812,177
812,178
812,179
812,180
812,181
811,182
810,183
809,183
808,183
807,182
807,181
end box8
807,158
808,157
810,157
811,158
811,158
812,159
812,160
812,162
812,163
811,164
810,165
809,165
808,165
807,164
end box9
end total10boxes
