431,194
436,187
442,182
449,181
455,181
469,182
476,181
483,182
489,187
495,194
498,203
497,212
488,214
476,214
470,215
465,215
460,215
455,215
449,215
437,215
430,211
429,203
end box0
194,194
223,183
241,178
252,177
260,177
272,176
279,177
288,176
301,177
324,179
349,193
356,213
345,223
313,228
292,225
245,227
226,228
193,224
185,215
end box1
581,186
584,183
587,180
590,178
594,178
603,178
607,178
610,180
614,183
617,186
619,192
619,197
615,201
609,201
604,200
597,199
593,200
589,200
583,200
580,196
580,191
end box2
671,179
672,177
673,175
674,174
676,173
683,173
685,174
687,176
688,178
688,181
688,183
687,186
685,187
682,187
675,187
673,187
671,185
671,183
671,181
end box3
595,182
596,179
599,176
602,175
605,176
612,176
615,176
617,177
621,179
623,182
624,186
624,190
621,193
617,194
613,193
605,193
602,192
598,191
596,189
595,185
end box4
638,179
639,177
640,175
641,174
643,174
650,174
652,175
654,176
654,178
655,181
655,183
654,186
651,186
648,186
643,186
640,186
639,185
638,183
638,180
end box5
622,181
622,179
623,177
624,175
626,175
631,175
633,176
635,177
636,178
637,180
637,183
637,185
637,188
635,189
632,189
630,189
628,188
626,188
624,188
622,186
622,182
end box6
875,173
877,170
880,168
883,166
896,166
899,167
903,169
906,173
907,177
907,182
903,184
898,184
885,184
882,184
877,184
874,181
873,177
end box7
651,178
651,176
653,175
654,174
656,174
663,174
665,174
667,176
668,178
669,181
668,184
667,186
664,187
655,186
653,187
651,185
650,183
650,181
end box8
641,176
641,175
642,174
643,174
647,174
648,175
649,176
650,177
650,178
650,180
650,182
648,182
647,182
644,182
642,182
641,182
641,181
end box9
626,175
627,175
630,175
631,175
632,176
633,177
633,178
633,179
633,181
634,182
632,183
631,183
629,184
628,183
627,183
626,182
625,181
end box10
504,188
505,184
507,181
510,179
514,179
523,180
527,179
530,181
533,184
535,187
536,192
535,197
533,200
528,201
523,201
517,201
514,201
510,200
506,199
504,196
503,192
end box11
675,175
675,174
676,174
679,174
680,174
681,174
682,176
683,177
683,178
683,180
683,182
681,182
680,183
678,183
677,183
675,182
674,182
674,180
end box12
1110,170
1117,166
1154,166
1162,170
1165,177
1161,181
1112,181
1107,177
end box13
570,187
571,184
573,181
576,179
578,179
581,179
587,179
590,179
593,180
596,183
597,187
598,191
597,195
595,198
591,199
587,199
584,199
581,199
577,200
574,199
570,198
569,194
569,190
end box14
1148,169
1154,166
1187,165
1194,169
1195,175
1191,179
1156,181
1149,179
1145,175
end box15
656,176
656,175
656,174
657,173
658,173
662,173
663,174
664,175
665,176
665,177
665,179
665,181
663,181
662,181
657,181
656,181
655,180
656,178
end box16
605,181
604,179
606,177
608,176
610,176
617,177
619,178
621,179
622,181
623,184
623,187
621,190
619,190
616,190
607,189
605,188
604,186
604,184
end box17
747,182
749,179
751,176
753,174
756,174
759,174
765,174
768,174
771,176
773,178
776,182
777,186
776,190
774,194
770,195
765,195
762,194
759,195
756,195
752,194
749,192
747,189
747,185
end box18
881,172
881,170
883,169
885,168
895,167
897,168
900,170
901,172
901,175
901,178
899,181
896,181
886,181
883,182
881,180
880,178
879,175
end box19
691,176
691,175
692,175
693,175
694,175
695,175
696,176
696,177
697,178
697,179
697,180
697,182
696,183
694,183
693,183
692,183
691,183
690,182
689,181
end box20
1038,174
1041,170
1045,167
1048,167
1063,166
1067,167
1071,169
1075,173
1077,179
1075,183
1070,186
1064,187
1051,187
1047,186
1041,186
1037,183
1036,178
end box21
706,179
706,178
707,178
708,178
709,178
710,178
711,179
711,180
712,181
712,182
712,183
712,185
711,186
710,187
708,187
707,186
706,186
705,185
704,184
end box22
948,174
949,172
950,170
951,169
953,169
960,169
962,170
964,171
965,173
965,176
965,178
964,181
961,181
959,182
956,181
955,181
952,182
950,181
949,180
948,178
948,176
end box23
724,177
725,176
729,176
730,177
731,178
732,179
732,180
732,182
732,183
730,184
729,185
727,185
726,185
724,184
724,183
723,182
end box24
686,180
686,178
687,176
688,175
690,175
695,175
697,175
699,176
700,177
701,179
702,182
702,184
701,187
698,188
696,188
693,187
692,187
690,187
687,187
686,186
685,184
685,182
end box25
911,206
911,202
912,197
913,190
916,181
923,164
931,162
939,172
943,185
944,195
944,201
946,206
945,211
944,215
942,220
942,230
941,249
933,255
921,255
915,239
915,224
915,218
912,214
912,210
end box26
748,137
750,136
762,136
764,137
765,151
763,153
751,153
749,152
747,150
end box27
235,164
236,165
237,167
237,170
236,172
235,173
228,173
227,172
end box28
824,157
825,157
826,158
827,159
827,160
827,161
827,163
827,164
826,165
825,166
823,166
822,166
821,165
820,164
end box29
347,189
348,188
349,188
351,188
352,189
353,190
353,192
354,197
353,199
351,200
350,201
348,200
346,199
end box30
end total31boxes
