574,195
574,190
580,184
584,180
591,179
597,178
602,178
609,179
616,179
619,183
624,191
627,195
627,204
628,212
626,221
620,223
609,219
589,222
577,225
574,221
573,211
575,203
end box0
458,207
461,203
467,197
471,195
477,195
481,195
486,196
490,196
496,196
500,198
506,203
510,207
511,215
510,221
504,226
498,227
476,226
468,229
463,227
458,221
458,214
end box1
138,197
144,191
152,188
158,188
179,187
186,188
193,191
201,197
205,206
202,213
191,216
180,215
162,215
157,215
147,215
137,213
136,206
end box2
573,182
574,180
575,178
576,177
578,176
586,176
588,177
589,179
590,181
590,184
590,187
589,189
587,190
584,191
577,190
575,190
573,188
573,186
573,184
end box3
554,182
554,180
555,179
557,178
559,177
566,177
568,178
570,180
571,182
571,185
571,188
570,191
568,191
565,192
558,191
556,190
554,189
554,187
553,185
end box4
543,187
543,185
545,184
546,182
548,182
556,182
558,183
559,185
561,187
561,190
561,193
560,196
557,196
547,197
544,196
542,195
542,192
542,190
end box5
577,178
578,177
582,177
583,178
584,179
584,180
584,181
584,182
584,184
583,185
582,185
580,186
579,185
578,185
577,184
576,183
end box6
542,182
543,180
544,179
545,177
547,177
554,177
556,178
557,179
558,181
559,184
559,186
558,189
555,189
553,190
546,190
544,190
542,188
542,186
542,184
end box7
440,187
441,185
442,184
444,183
454,182
456,183
458,185
459,187
460,190
460,193
458,196
455,196
445,196
442,196
440,195
439,192
439,190
end box8
570,191
570,189
571,187
572,186
574,185
580,184
582,185
584,186
585,188
585,190
585,195
584,198
583,199
580,200
575,200
573,200
571,199
570,197
570,194
570,192
end box9
555,188
555,186
556,184
558,182
560,182
568,182
570,183
571,185
572,187
572,190
572,193
572,196
569,197
566,197
559,197
556,196
555,194
555,192
555,190
end box10
562,178
563,177
567,177
568,178
569,179
569,180
569,181
569,182
569,184
568,185
567,185
565,186
564,185
563,185
562,184
end box11
460,189
461,188
462,188
464,188
465,188
466,189
467,190
467,191
467,192
467,193
467,195
466,196
464,196
463,197
462,196
461,196
460,195
459,194
end box12
455,193
456,191
457,190
458,189
459,188
466,188
468,189
469,190
470,192
470,195
469,197
469,199
467,200
465,201
460,201
458,201
456,200
455,198
455,196
455,194
end box13
478,190
481,187
484,185
487,184
501,184
505,185
509,187
513,190
514,195
513,200
508,203
504,204
487,202
482,202
478,199
477,195
end box14
544,177
544,177
545,176
547,176
548,177
549,177
549,178
549,179
550,180
549,181
549,183
548,183
547,184
546,184
545,184
544,184
543,183
543,182
end box15
545,181
547,178
550,176
552,174
555,174
562,174
565,174
568,175
571,178
573,181
574,185
574,189
571,192
567,193
563,193
554,192
551,192
547,191
545,188
545,184
end box16
742,160
742,159
743,158
744,158
745,158
746,159
747,160
747,161
747,162
747,163
747,164
747,165
747,167
746,168
744,169
743,168
742,167
742,165
end box17
514,143
518,143
519,144
520,145
520,146
520,147
520,148
520,150
519,151
518,152
516,152
515,152
514,151
513,150
end box18
631,161
632,162
633,163
634,164
634,165
634,167
633,168
632,169
631,170
629,170
628,170
627,169
626,168
end box19
483,159
484,159
485,160
485,161
485,162
485,163
485,165
484,166
483,166
481,166
480,166
479,166
end box20
574,189
575,189
576,188
577,188
578,188
579,189
581,189
581,191
581,196
580,197
579,198
577,198
576,198
574,198
573,196
end box21
565,161
566,161
567,162
567,163
567,164
567,165
567,166
567,167
565,168
564,168
563,168
562,167
end box22
510,188
511,188
512,187
513,187
514,187
515,188
516,189
517,190
518,191
517,192
517,194
517,195
516,196
515,197
513,197
512,197
511,196
510,195
509,194
end box23
480,172
481,171
482,171
483,171
484,172
484,172
485,173
485,174
485,177
485,179
483,179
482,180
481,179
480,178
end box24
457,145
458,144
459,144
460,144
461,145
462,146
462,153
461,154
459,155
458,155
457,153
end box25
480,172
481,171
482,171
483,171
484,172
484,172
485,173
485,174
485,177
485,179
483,179
482,180
481,179
480,178
end box26
451,141
452,141
454,141
455,141
456,142
456,149
455,150
453,150
452,150
451,149
end box27
515,155
516,155
518,154
519,155
520,156
521,162
520,163
519,164
517,164
516,164
515,163
end box28
end total29boxes
