586,205
588,199
593,192
598,187
605,186
612,187
619,186
625,187
634,187
639,191
644,199
646,205
647,214
646,223
644,231
635,233
626,231
619,230
612,231
604,233
595,234
588,231
585,223
586,214
end box0
480,196
482,193
485,190
488,189
501,190
504,191
508,193
511,196
511,200
511,204
507,207
503,208
487,206
483,206
480,203
479,200
end box1
156,209
168,200
177,194
187,190
195,190
202,190
209,190
216,190
226,189
238,191
251,197
256,209
257,222
253,233
240,238
223,238
216,239
209,240
202,241
194,241
184,241
167,241
154,235
152,223
end box2
529,177
530,176
532,176
533,177
534,177
534,178
534,179
534,180
534,181
533,182
532,182
531,182
530,182
529,182
529,181
end box3
189,216
200,204
214,196
226,193
236,191
245,191
254,191
262,193
273,193
284,197
298,204
309,216
312,232
309,245
293,252
275,254
263,253
254,253
245,254
237,252
226,252
205,252
191,245
187,233
end box4
511,177
515,177
516,177
516,178
517,179
517,180
517,181
517,183
516,184
514,184
513,184
512,184
511,183
510,183
510,182
end box5
508,195
508,193
508,192
509,190
511,189
513,189
516,189
518,190
520,191
521,193
521,195
521,197
521,199
521,201
519,203
517,203
515,203
512,203
511,203
509,202
508,200
507,196
end box6
794,141
794,139
795,137
797,135
799,134
801,133
804,133
806,133
809,134
811,136
813,138
813,141
814,144
814,147
813,151
810,153
807,154
804,154
801,154
798,153
796,151
794,149
793,146
793,144
end box7
563,175
563,174
564,174
564,174
565,174
566,175
566,175
566,176
566,177
566,178
566,179
566,180
565,180
564,180
563,180
562,179
562,179
end box8
695,206
696,204
699,204
700,206
701,207
701,216
699,218
698,218
695,218
694,217
end box9
787,223
791,216
797,212
801,218
803,226
804,255
803,264
798,266
790,265
786,261
786,250
end box10
789,227
792,222
796,220
799,224
801,230
800,257
796,259
791,258
788,253
end box11
565,163
565,163
567,163
568,164
568,164
569,168
568,169
567,169
566,169
565,169
564,168
end box12
547,124
548,124
549,124
550,124
551,124
552,125
552,132
551,133
549,133
548,132
547,132
end box13
end total14boxes
