816,180
820,173
825,169
831,168
837,167
850,168
856,167
863,168
869,173
873,179
876,187
873,195
865,197
856,198
851,200
846,200
841,200
836,200
831,198
823,197
816,194
814,187
end box0
930,172
937,164
947,160
956,160
962,160
976,161
982,161
988,163
997,167
1008,173
1015,184
1011,192
996,194
983,194
977,194
972,193
967,194
962,193
957,192
946,192
933,190
929,183
end box1
569,188
580,181
591,178
598,177
603,177
621,177
629,177
640,180
650,188
654,199
649,205
633,208
595,209
584,209
568,207
566,199
end box2
665,217
668,205
676,195
685,188
697,187
709,187
718,187
729,188
742,188
751,194
759,205
762,217
762,231
762,245
758,258
744,260
729,258
718,258
708,260
696,262
679,263
668,259
665,245
665,231
end box3
721,184
734,175
746,170
757,169
765,170
771,170
776,169
783,168
790,168
799,170
812,175
827,185
831,199
826,209
808,212
791,211
782,210
776,210
770,211
764,211
757,211
740,212
722,209
717,199
end box4
882,179
887,173
892,169
897,168
902,168
906,168
909,168
913,168
919,168
924,169
930,173
935,179
939,187
938,194
930,197
920,197
915,198
910,198
905,198
900,198
895,197
886,196
880,193
880,186
end box5
1036,174
1043,168
1051,165
1058,164
1062,163
1080,163
1089,162
1097,166
1103,174
1105,183
1101,189
1089,192
1061,195
1054,195
1045,194
1033,191
1032,183
end box6
661,90
662,86
686,87
688,89
688,113
687,116
662,115
660,112
end box7
737,108
738,107
750,106
751,108
753,110
752,120
751,122
737,121
736,119
end box8
670,123
671,122
673,121
674,121
676,121
678,122
679,123
679,125
679,132
678,134
677,135
675,136
672,136
671,134
670,133
end box9
560,161
561,161
562,160
563,160
564,160
566,161
567,161
567,163
567,168
567,170
565,170
563,171
562,170
560,170
559,169
end box10
end total11boxes
