433,208
435,202
441,193
446,190
454,190
461,191
467,190
474,191
482,191
488,195
493,202
498,208
500,218
500,228
496,235
485,236
475,234
468,232
462,232
455,234
445,235
436,233
433,226
433,217
end box0
296,212
303,204
310,198
318,194
326,194
339,193
345,194
353,194
361,198
370,203
377,212
380,223
378,234
369,239
354,239
346,240
339,241
332,239
326,238
319,238
307,236
298,232
295,223
end box1
6,266
10,246
17,223
31,207
54,205
77,214
94,219
113,219
132,221
146,232
156,250
159,269
163,290
161,312
156,332
144,349
120,352
97,348
76,349
50,357
20,362
5,346
4,316
5,291
end box2
731,175
738,169
745,165
751,164
756,163
774,164
782,164
790,168
797,175
799,184
796,191
785,194
755,195
749,195
739,194
728,192
727,184
end box3
630,188
631,184
633,181
635,178
639,177
643,177
646,177
650,177
655,177
657,180
660,184
661,187
662,192
662,197
661,202
657,204
651,203
638,203
633,203
630,201
629,196
629,192
end box4
500,196
500,192
502,189
504,186
508,187
511,187
514,187
517,187
520,188
522,190
525,193
526,196
526,200
526,203
526,208
523,210
518,210
514,209
511,209
508,209
504,208
501,202
501,199
end box5
477,195
477,189
480,183
486,182
492,182
496,182
501,182
505,183
510,183
514,186
517,190
521,195
523,201
523,208
520,213
513,215
506,214
501,213
497,213
483,209
480,205
478,200
end box6
540,179
540,177
541,175
542,174
544,173
546,173
547,172
549,173
551,174
553,175
554,176
555,178
555,181
555,183
554,186
552,187
550,188
548,188
545,187
543,187
541,186
540,184
540,182
540,180
end box7
593,176
593,176
594,175
595,175
596,175
597,176
598,176
598,177
599,178
599,179
599,180
599,182
598,183
596,183
595,183
594,183
593,183
592,182
592,181
end box8
671,128
671,126
672,124
673,123
675,122
677,121
679,121
680,121
683,122
684,123
685,125
686,127
686,130
686,132
686,135
684,137
681,138
679,137
676,137
674,137
672,136
671,134
671,131
671,129
end box9
630,161
631,161
631,162
632,163
631,165
631,167
631,168
629,168
628,168
627,168
626,167
625,166
end box10
670,162
674,162
675,162
675,163
676,164
676,166
676,168
675,169
673,169
672,169
671,169
670,169
669,168
end box11
end total12boxes
