564,216
568,208
579,197
585,187
596,186
608,185
618,185
630,187
643,188
649,196
659,208
662,216
662,231
662,246
660,261
649,264
576,266
568,262
566,246
566,232
end box0
493,191
494,189
494,188
495,186
497,186
499,185
500,185
502,185
504,186
505,187
506,189
507,190
508,193
507,195
507,197
505,198
503,199
500,199
499,198
496,199
495,198
493,196
493,194
493,192
end box1
443,195
444,189
447,183
452,181
458,181
473,181
479,181
484,183
487,189
490,194
491,201
491,208
488,214
481,217
474,216
468,215
463,215
458,215
452,215
446,212
443,207
443,201
end box2
489,191
489,189
491,186
493,185
496,185
498,185
501,185
503,185
506,184
508,186
511,188
512,191
513,194
513,198
511,201
507,202
503,202
501,201
498,201
496,201
492,201
490,200
488,197
488,194
end box3
885,207
885,205
886,202
886,197
888,191
892,185
898,183
902,187
905,194
906,200
906,203
907,207
906,210
906,213
906,217
906,225
904,233
899,234
890,235
885,234
885,223
886,215
885,212
885,210
end box4
199,50
213,48
283,50
285,58
283,74
284,84
270,87
212,86
202,82
end box5
786,66
791,63
838,64
841,111
836,114
783,116
780,112
end box6
349,58
354,56
399,56
406,57
408,108
403,111
351,111
346,108
end box7
519,156
520,154
521,152
522,151
524,150
529,149
531,150
533,150
536,151
537,154
538,156
538,159
537,162
537,165
534,166
531,167
529,168
526,167
523,167
521,166
520,163
519,161
519,159
end box8
208,16
209,10
215,5
222,3
229,2
234,1
239,1
244,2
251,2
258,4
266,9
267,16
266,25
265,32
260,37
251,39
245,40
239,41
234,41
228,41
221,39
214,36
210,32
209,25
end box9
522,191
523,190
525,188
526,187
529,187
531,187
533,188
535,190
536,192
537,194
537,197
536,199
536,202
534,204
532,206
529,206
526,205
524,204
522,203
521,200
520,196
end box10
72,154
73,152
85,152
86,155
85,172
83,173
73,173
71,170
end box11
276,157
277,156
278,156
279,156
281,156
282,156
283,157
283,158
284,160
284,161
284,163
284,164
283,166
281,167
279,167
278,167
276,166
275,165
end box12
665,151
666,150
668,149
678,149
680,150
681,153
680,163
679,165
667,166
665,165
664,162
end box13
479,161
481,160
482,160
484,160
485,161
486,162
486,164
486,165
486,167
486,169
485,170
483,171
481,171
480,171
478,170
477,169
end box14
611,157
614,157
615,157
616,158
617,159
617,160
617,161
617,162
617,164
616,165
615,166
613,166
612,166
611,165
610,164
end box15
480,174
481,174
483,174
484,174
485,175
486,176
486,181
485,182
484,183
482,183
481,183
480,182
end box16
1041,178
1043,176
1044,175
1046,174
1049,173
1051,174
1053,175
1055,177
1056,179
1056,181
1057,184
1057,186
1056,189
1054,192
1052,194
1049,194
1046,193
1044,192
1042,190
1041,187
1040,183
end box17
659,175
660,174
661,174
662,174
663,173
664,174
665,175
665,176
666,177
666,179
666,181
665,182
664,183
662,183
661,183
660,182
659,181
end box18
1168,87
1168,80
1234,79
1236,87
1234,98
1233,106
1224,109
1177,109
1169,105
1170,97
end box19
524,159
524,157
532,156
534,156
535,158
536,159
536,162
536,164
535,166
534,167
532,168
530,168
527,168
526,167
524,166
523,164
524,163
end box20
495,175
496,174
497,174
498,174
499,175
499,175
500,176
500,177
500,178
500,179
500,180
499,181
498,182
497,182
496,182
495,181
end box21
517,176
518,176
518,177
519,178
519,179
519,180
519,182
518,183
516,183
515,183
514,183
513,182
512,181
end box22
1047,191
1048,190
1050,190
1051,191
1053,191
1053,192
1054,199
1052,200
1051,200
1049,201
1048,200
1046,200
1045,199
end box23
1172,36
1178,32
1223,32
1230,35
1231,83
1225,88
1177,87
1172,82
end box24
521,148
522,146
523,145
525,144
527,144
530,143
532,143
534,144
537,145
538,148
539,150
539,153
538,156
538,159
536,161
533,161
530,162
527,162
524,162
522,160
521,158
520,155
521,153
end box25
274,155
275,154
276,152
279,152
281,152
282,152
285,153
286,154
287,157
287,160
287,163
287,165
285,167
283,168
281,169
278,169
276,168
274,166
274,164
end box26
546,161
550,161
550,161
551,162
552,163
551,165
551,167
551,167
549,168
548,168
547,168
546,167
545,166
end box27
1053,143
1056,140
1089,139
1093,142
1092,149
1091,153
1054,152
1053,148
end box28
867,175
868,174
869,174
871,174
872,175
872,176
872,185
871,186
869,187
868,186
866,185
end box29
528,172
529,171
531,171
532,172
533,173
534,174
534,179
533,180
532,181
530,182
529,181
528,180
end box30
465,152
467,152
468,152
470,152
471,153
472,154
472,163
470,165
469,165
466,165
465,164
end box31
495,175
496,174
497,174
498,174
499,175
499,175
500,176
500,177
500,178
500,179
500,180
499,181
498,182
497,182
496,182
495,181
end box32
end total33boxes
