541,194
543,191
545,189
546,186
549,185
562,185
564,187
567,191
568,193
567,197
568,202
567,207
564,208
548,207
544,207
542,205
541,201
542,197
end box0
593,188
594,186
596,183
597,180
600,179
609,179
613,179
614,182
616,185
617,188
616,191
616,195
617,200
615,201
599,201
594,202
594,199
594,194
594,191
end box1
626,180
630,180
631,180
631,181
632,182
632,183
632,184
632,186
631,186
629,187
628,187
627,187
626,186
625,186
624,185
end box2
594,177
597,177
598,177
599,178
600,179
600,180
599,181
599,183
598,183
597,183
596,184
595,183
594,183
593,182
593,182
end box3
602,183
602,182
604,180
605,179
614,179
616,179
618,181
619,183
619,186
619,189
618,191
616,192
606,192
604,192
602,190
601,188
601,186
end box4
610,177
616,177
617,178
617,179
618,180
618,182
617,183
616,184
611,184
610,183
609,182
end box5
506,208
507,206
509,204
511,203
520,204
522,204
525,206
527,208
528,211
528,215
525,217
522,217
510,217
507,216
506,214
505,211
end box6
594,190
594,188
595,186
596,185
598,184
606,184
607,185
609,187
610,189
609,192
609,194
609,197
607,198
597,199
594,198
593,196
593,194
593,191
end box7
620,183
621,181
622,180
623,179
624,179
630,179
632,179
634,181
635,182
635,185
635,187
634,189
632,190
629,190
626,190
624,190
622,189
620,188
620,186
620,184
end box8
581,178
582,178
582,178
583,179
583,180
583,181
583,182
582,183
581,183
580,183
579,183
578,182
578,182
end box9
476,212
482,209
513,209
521,212
525,219
521,223
512,225
476,222
473,218
end box10
575,138
576,137
577,136
578,137
579,138
579,139
580,144
579,145
579,147
577,148
576,147
575,146
end box11
642,180
642,180
643,179
644,178
645,179
646,180
646,180
647,181
647,182
647,183
647,184
647,185
646,186
645,187
644,188
643,188
642,186
642,185
end box12
560,174
562,174
562,174
563,175
563,175
564,176
564,177
564,178
564,179
563,180
562,180
561,180
560,180
559,179
end box13
end total14boxes
