905,274
934,237
962,211
995,200
1029,198
1055,198
1081,196
1108,195
1140,198
1177,207
1206,234
1231,272
1242,319
1234,356
1199,382
1150,388
1111,384
1081,377
1056,373
1030,372
992,378
942,374
905,354
893,319
end box0
211,199
226,190
236,184
245,181
253,181
259,181
266,180
273,180
281,180
292,182
307,187
319,198
320,212
316,223
299,228
283,228
273,227
266,228
259,227
253,226
244,226
226,228
211,222
207,213
end box1
757,227
772,201
795,182
821,173
845,171
866,173
885,172
906,170
931,174
959,179
979,200
988,226
992,258
982,285
959,300
927,304
905,307
865,309
843,311
818,311
781,307
757,290
755,261
end box2
732,202
734,195
740,188
746,184
753,182
760,183
774,182
784,181
793,184
798,192
798,202
796,211
794,219
789,226
781,229
773,230
767,230
760,231
752,232
742,232
734,229
730,221
731,211
end box3
579,177
579,175
580,173
581,172
583,172
590,172
592,173
593,174
594,176
595,179
595,181
594,184
591,185
582,185
580,184
578,183
578,181
578,179
end box4
end total5boxes
