1144,253
1141,241
1140,226
1140,202
1148,170
1169,142
1191,138
1209,173
1217,206
1218,227
1218,242
1218,253
1219,264
1217,275
1215,287
1219,316
1219,365
1200,383
1163,374
1148,347
1147,307
1149,283
1147,272
1144,263
end box0
498,194
498,191
497,187
498,182
500,173
505,162
511,161
516,171
518,181
518,187
519,191
519,194
519,197
518,200
517,203
518,211
518,224
513,231
503,231
498,221
499,207
500,202
498,199
498,197
end box1
933,194
933,189
932,181
933,172
936,155
944,137
955,145
964,161
968,172
969,182
968,189
968,194
968,199
967,203
966,209
966,217
964,234
957,251
943,256
934,241
934,219
933,210
933,204
933,199
end box2
468,204
469,202
469,198
469,193
471,186
476,178
482,175
487,182
490,190
490,196
491,200
491,204
491,207
491,211
489,214
489,220
488,230
483,237
474,237
470,228
470,217
470,212
469,210
469,207
end box3
683,236
683,229
683,220
684,205
688,183
700,158
715,156
727,181
731,206
732,220
733,229
734,236
733,243
732,250
732,259
733,276
734,310
720,322
696,320
683,309
686,269
687,256
685,249
684,243
end box4
601,197
601,195
601,191
601,186
603,178
608,168
614,166
619,175
621,184
622,189
622,194
622,197
621,200
621,203
620,206
620,212
619,222
615,231
606,231
602,222
603,209
603,205
602,202
601,200
end box5
556,205
556,203
556,200
556,196
557,190
562,182
567,179
571,185
573,193
574,199
574,202
573,205
573,208
572,210
571,213
572,218
571,227
568,234
560,233
558,223
558,214
558,211
557,209
556,207
end box6
749,188
749,182
751,174
757,166
763,164
769,169
772,179
772,186
772,191
773,198
773,202
772,206
772,214
770,224
764,231
755,230
750,221
750,210
749,204
749,201
end box7
586,197
586,195
585,191
586,187
588,180
592,171
598,167
603,175
605,184
606,190
606,194
605,197
605,200
605,203
603,205
604,211
603,222
599,230
591,229
587,218
587,208
587,204
586,202
586,200
end box8
589,191
589,188
590,183
593,175
597,173
600,179
602,185
602,189
602,192
602,194
602,196
601,198
601,201
601,204
601,213
598,219
592,217
590,207
590,201
590,199
end box9
487,195
487,192
487,189
487,184
489,176
494,164
500,161
506,170
507,181
508,187
508,191
509,195
508,198
508,201
507,204
507,212
507,224
502,232
492,231
487,222
488,208
488,203
488,200
487,198
end box10
593,156
594,155
595,155
596,155
597,155
598,156
598,157
599,158
599,159
598,160
598,162
598,163
596,163
595,164
594,163
593,163
592,162
end box11
526,173
527,172
528,171
529,171
530,171
531,172
532,173
533,174
533,175
533,176
533,177
533,179
532,180
531,181
529,181
528,181
527,180
526,179
end box12
623,159
624,159
625,159
626,159
627,159
628,160
628,161
629,162
628,164
628,166
628,167
627,167
625,168
624,167
623,167
622,166
end box13
640,145
641,145
642,145
643,144
644,145
645,146
645,147
645,152
645,153
644,154
642,154
641,154
640,153
end box14
639,156
642,156
643,156
644,157
645,158
645,163
644,164
643,164
641,165
640,164
639,164
638,163
end box15
544,124
545,121
578,120
579,124
578,134
575,138
547,137
545,133
end box16
577,141
581,141
582,142
583,143
583,148
582,149
581,150
579,150
578,150
577,149
576,148
end box17
640,145
641,145
642,145
643,144
644,145
645,146
645,147
645,152
645,153
644,154
642,154
641,154
640,153
end box18
end total19boxes
