147,189
166,171
187,164
207,163
220,162
231,162
240,161
251,163
264,163
281,166
302,174
323,190
329,213
322,229
292,237
267,236
181,237
155,227
146,212
end box0
999,280
1015,247
1036,222
1062,204
1094,205
1121,207
1145,205
1176,196
1210,197
1243,209
1257,240
1262,276
1266,314
1243,381
1210,389
1175,390
1147,389
1120,384
1093,382
1055,385
1014,380
993,353
990,318
end box1
300,174
305,171
313,172
319,172
324,172
329,173
335,174
340,177
342,183
345,189
347,195
347,202
344,209
339,213
331,213
325,212
319,212
314,211
308,209
end box2
393,178
393,176
395,174
396,173
405,173
407,173
409,175
410,177
410,180
410,183
409,185
407,186
397,186
395,186
393,184
392,182
392,180
end box3
454,181
455,178
457,175
460,174
463,174
474,173
477,175
480,177
481,181
481,185
481,189
479,192
475,193
471,193
468,193
465,193
462,193
459,192
455,191
454,188
454,184
end box4
415,162
419,161
420,162
420,163
421,168
420,169
419,169
417,170
416,169
415,169
414,168
end box5
end total6boxes
