606,180
607,178
608,176
609,175
611,175
618,175
620,175
621,177
623,179
623,182
623,185
622,187
620,188
610,188
608,188
606,186
606,184
606,182
end box0
606,190
607,188
608,186
609,185
611,184
619,184
620,185
621,187
622,189
623,192
623,195
622,197
620,198
610,198
607,198
606,197
606,194
606,191
end box1
626,174
626,174
627,173
629,173
630,174
631,174
631,175
632,176
632,177
632,178
632,180
631,181
629,181
628,181
627,181
626,180
625,180
end box2
502,188
503,186
504,184
505,183
507,182
515,182
517,183
518,185
519,187
519,190
519,193
518,196
516,196
506,197
503,196
502,195
502,192
502,190
end box3
375,196
378,192
383,188
388,186
409,187
414,188
419,192
423,196
425,204
424,210
418,214
411,215
405,214
392,214
385,215
379,214
374,209
375,203
end box4
381,194
384,191
389,189
393,188
406,189
410,189
416,191
420,194
421,200
419,204
414,207
408,207
386,206
381,204
380,199
end box5
780,229
779,224
777,215
779,205
783,190
794,162
803,162
813,187
818,202
820,213
819,222
820,228
820,235
819,240
816,246
814,254
813,276
806,301
790,300
786,266
786,247
783,242
780,239
780,234
end box6
863,240
861,232
861,222
864,210
868,186
881,154
892,163
905,193
911,212
912,224
912,233
913,240
913,247
910,253
908,259
905,267
905,291
896,322
875,331
865,308
867,272
865,261
862,254
862,247
end box7
642,161
643,160
645,160
646,160
647,161
647,162
648,163
648,164
648,165
648,167
647,168
646,168
644,169
643,168
642,168
641,167
end box8
530,176
531,175
532,175
533,175
534,176
535,176
536,178
537,179
536,182
537,183
536,185
534,186
532,186
531,186
529,185
529,183
end box9
625,160
628,160
629,160
629,160
630,161
630,162
630,164
630,165
629,166
628,167
627,167
626,167
625,166
end box10
525,186
526,186
527,185
529,185
531,185
532,186
532,188
532,193
531,194
530,195
527,195
525,195
524,193
end box11
621,142
626,142
627,142
628,144
629,145
629,146
629,148
628,149
627,150
626,151
623,151
621,150
621,149
end box12
547,143
548,143
550,143
551,143
552,144
553,145
553,146
553,148
553,150
552,151
551,152
549,152
548,152
547,151
end box13
658,173
658,173
659,172
660,172
661,172
662,172
663,173
663,174
664,175
664,176
664,177
664,179
663,180
661,180
660,181
659,180
658,180
657,179
end box14
546,159
547,159
549,159
550,159
551,160
551,161
552,162
552,164
552,166
551,167
550,168
548,168
547,167
546,167
end box15
496,174
497,173
498,173
499,173
500,174
501,175
501,176
502,181
501,182
500,183
498,184
497,183
496,182
495,181
end box16
559,174
559,173
560,173
561,173
562,173
563,173
564,174
564,175
565,176
564,177
564,178
565,180
564,181
562,181
561,182
560,181
559,181
558,180
end box17
384,176
385,175
386,175
387,175
388,176
389,177
390,178
390,183
389,185
388,185
386,186
385,185
384,184
end box18
577,163
578,163
579,163
580,163
581,163
581,163
582,164
582,165
582,166
582,167
582,168
582,169
580,170
579,170
578,170
577,169
end box19
561,164
562,163
563,163
564,163
565,164
566,164
566,165
567,166
567,167
566,168
567,170
566,171
565,171
563,172
562,171
561,171
end box20
497,186
498,185
499,185
500,185
501,186
502,187
503,188
503,193
502,194
501,195
499,195
498,195
497,194
496,193
end box21
529,161
530,161
531,161
532,161
533,161
534,162
534,163
535,164
535,166
535,168
534,169
533,170
531,170
530,169
529,169
end box22
546,174
547,174
548,174
549,174
550,174
551,175
551,176
551,177
551,178
551,179
552,181
551,182
550,183
548,183
547,183
546,182
end box23
907,266
918,242
931,222
946,204
967,195
992,200
1014,203
1037,203
1060,206
1070,225
1082,246
1095,267
1102,294
1102,323
1096,347
1075,367
1043,363
1015,357
993,354
967,358
936,362
914,345
908,320
906,293
end box24
891,280
910,254
930,236
946,220
968,214
993,218
1015,218
1039,213
1064,216
1079,234
1099,254
1120,280
1128,313
1128,347
1110,366
1075,378
1040,368
1013,359
995,357
971,362
935,373
902,364
889,341
885,312
end box25
end total26boxes
