296,193
318,182
333,177
344,175
352,174
359,174
366,174
373,174
381,174
393,176
413,180
433,192
437,210
429,221
405,227
385,225
373,222
340,225
320,226
296,221
290,211
end box0
442,188
447,182
453,179
458,177
463,178
479,178
484,179
490,182
497,187
500,195
498,202
489,205
480,205
462,205
456,206
448,205
440,202
439,195
end box1
36,218
49,199
71,192
93,192
107,193
118,196
127,195
136,197
147,197
163,199
179,207
200,222
210,243
204,257
176,266
153,265
70,266
48,255
38,241
end box2
end total3boxes
