677,223
706,181
739,147
783,137
825,135
857,136
888,135
920,133
956,142
1001,152
1035,182
1068,224
1080,280
1067,322
1018,343
960,349
920,349
887,343
858,342
830,341
791,343
732,338
680,321
669,279
end box0
1113,187
1119,174
1125,162
1137,158
1151,157
1162,156
1172,154
1184,153
1197,154
1211,161
1220,172
1224,187
1225,203
1226,220
1219,231
1198,234
1185,235
1173,235
1162,232
1151,230
1138,229
1119,227
1112,217
1112,202
end box1
225,196
227,193
230,190
232,188
236,188
245,188
249,188
252,190
255,193
258,196
258,201
258,206
257,211
251,211
246,210
235,211
230,211
226,210
224,205
225,201
end box2
510,214
522,199
537,189
553,185
566,184
577,184
588,184
598,186
611,186
625,191
643,200
654,215
658,234
653,250
636,259
613,258
577,259
566,259
549,262
528,261
511,251
508,234
end box3
1,241
6,224
22,222
40,224
52,227
64,235
74,242
79,253
81,263
84,274
87,285
88,297
87,312
81,324
68,331
55,337
38,339
22,337
8,332
8,313
end box4
261,190
262,187
263,185
266,185
268,184
271,184
273,184
276,186
278,187
279,190
280,192
280,195
280,198
280,202
278,204
275,205
271,204
268,203
266,203
263,201
262,199
end box5
599,177
608,171
615,168
622,167
648,167
658,170
667,176
671,186
667,192
652,194
611,193
598,191
596,185
end box6
404,192
405,189
406,187
408,184
411,182
414,182
417,182
420,182
425,182
428,184
430,188
429,192
426,202
424,204
420,205
417,205
413,206
409,207
405,206
404,203
403,199
404,195
end box7
34,237
37,222
40,206
53,201
70,201
84,202
96,200
108,202
122,202
134,211
146,222
151,237
152,254
152,273
146,286
127,291
111,292
96,292
84,290
74,285
45,278
38,267
end box8
237,193
238,189
240,186
243,183
247,183
253,183
256,183
260,184
262,186
266,189
268,192
269,197
269,202
267,207
262,208
257,207
253,206
247,206
243,206
239,204
237,201
237,197
end box9
406,193
409,188
415,183
420,180
425,179
430,179
440,180
447,179
452,181
457,187
460,193
460,200
458,207
454,213
447,214
430,213
423,215
415,217
409,215
405,208
406,200
end box10
310,182
310,180
312,179
313,178
315,177
322,178
324,178
326,180
327,182
328,185
328,188
327,191
324,191
321,191
314,191
312,191
310,190
309,187
309,185
end box11
389,181
389,179
391,177
392,176
394,175
402,175
404,176
405,178
406,180
406,183
406,185
405,188
402,189
393,189
391,189
389,187
388,185
389,183
end box12
275,190
274,187
275,186
276,184
278,183
284,183
287,184
288,185
290,187
290,189
291,192
291,194
290,197
288,199
285,199
283,199
280,199
278,198
276,197
275,196
end box13
332,175
336,175
337,175
337,176
338,177
338,178
338,179
338,181
337,181
335,182
334,182
333,182
332,181
331,181
end box14
379,179
379,178
381,176
382,175
384,174
392,174
394,175
396,177
397,179
397,182
396,185
395,187
393,188
383,189
380,189
379,187
378,184
378,182
end box15
396,193
396,191
397,190
398,188
399,187
401,186
403,186
405,186
407,186
409,188
409,190
409,192
408,199
407,200
405,201
403,202
400,202
398,202
396,200
395,198
395,196
395,194
end box16
317,179
322,178
323,179
324,180
325,181
325,182
325,184
325,186
323,186
322,186
319,186
318,186
316,185
316,184
end box17
308,186
308,185
310,183
311,182
320,182
322,182
324,184
326,186
326,189
326,192
325,194
321,195
319,194
312,194
310,194
308,194
307,191
307,189
end box18
292,187
293,185
294,184
296,183
305,183
307,183
309,185
311,187
312,190
312,193
310,195
306,196
295,195
293,195
292,192
291,190
end box19
380,176
385,175
386,176
387,177
388,178
388,179
388,181
387,182
386,183
385,183
382,183
380,183
380,182
379,181
end box20
397,176
402,175
403,176
404,177
405,178
405,179
404,181
404,182
403,183
402,183
399,183
398,183
397,182
396,181
end box21
76,94
78,90
121,92
126,94
127,139
125,143
76,144
74,139
end box22
332,162
333,163
334,163
334,167
333,168
332,168
331,169
330,168
329,168
end box23
437,163
438,164
439,165
439,170
438,171
437,171
434,171
433,171
432,170
end box24
346,174
347,173
347,173
349,173
349,173
350,174
350,174
351,175
351,176
351,177
351,178
350,179
349,179
348,179
347,179
346,179
346,178
end box25
372,158
372,158
373,163
373,165
371,165
370,165
369,165
368,164
end box26
352,159
353,160
353,165
352,166
351,167
348,166
347,166
end box27
254,153
255,154
256,162
255,163
253,164
248,164
end box28
249,146
250,145
253,145
254,146
255,147
256,155
255,156
253,158
252,158
249,157
248,157
end box29
137,161
138,160
141,160
142,161
143,162
143,171
141,173
140,173
137,173
136,172
end box30
133,162
134,160
135,159
137,158
140,158
142,159
144,159
145,161
146,163
146,165
146,168
146,170
146,172
145,174
142,176
140,177
137,177
135,176
133,174
133,171
end box31
end total32boxes
