421,216
426,207
435,196
441,187
452,185
463,185
473,184
485,185
497,187
504,194
515,205
519,215
519,230
518,245
515,258
502,260
484,255
473,254
464,254
453,255
435,260
424,258
421,243
420,230
end box0
673,198
677,189
685,176
692,166
704,165
717,166
728,165
741,166
754,166
762,174
773,186
775,197
774,212
772,228
770,244
759,247
740,241
704,242
684,248
675,245
673,228
672,213
end box1
508,196
507,191
510,185
514,183
520,183
525,183
530,183
534,184
539,184
543,188
547,192
549,196
550,203
550,209
548,215
543,217
536,217
530,216
525,215
521,215
516,214
512,212
511,207
510,202
end box2
575,176
576,176
579,175
580,176
581,176
582,177
582,178
582,179
582,181
582,182
581,183
579,183
578,183
577,183
576,183
575,182
574,181
end box3
547,182
548,179
551,177
554,176
556,176
565,176
567,177
571,179
574,182
574,186
574,189
571,192
567,193
564,192
556,192
553,192
549,191
547,189
547,185
end box4
548,186
548,184
549,182
551,181
562,181
564,182
566,184
567,186
568,189
568,192
567,196
563,196
553,195
550,195
547,195
547,192
547,189
end box5
593,173
593,173
597,173
597,173
598,174
599,175
599,176
599,177
599,179
597,179
596,180
595,180
594,179
593,179
592,179
591,178
591,176
end box6
497,203
496,197
497,191
501,188
507,187
513,186
518,187
523,188
528,189
532,193
534,198
537,202
537,209
538,215
536,222
532,225
525,225
518,223
end box7
609,176
609,176
613,175
614,176
614,177
615,178
615,179
615,180
615,182
614,183
612,183
611,183
610,183
609,183
608,182
607,181
end box8
545,188
546,186
548,186
550,186
551,187
553,187
554,187
556,189
557,190
557,192
558,193
558,196
557,198
556,199
554,200
552,200
550,199
end box9
625,176
625,176
629,176
630,176
630,177
631,178
631,179
631,180
631,182
630,183
628,183
627,183
626,183
625,183
624,182
623,181
end box10
526,161
527,160
528,160
529,160
530,160
531,161
531,162
532,163
532,164
532,165
532,167
531,168
530,168
528,169
527,168
526,168
525,167
end box11
509,133
521,132
523,133
524,148
522,150
508,149
end box12
546,141
547,140
548,140
549,140
550,140
551,140
552,141
552,142
553,143
553,144
553,145
553,147
552,148
551,149
549,149
548,149
547,148
546,147
end box13
531,143
532,142
533,142
534,142
535,143
536,144
537,150
536,151
535,152
533,152
532,152
531,151
end box14
465,173
466,172
468,172
469,173
470,174
470,181
469,182
467,182
466,182
465,181
end box15
465,173
466,172
468,172
469,173
470,174
470,181
469,182
467,182
466,182
465,181
end box16
end total17boxes
