591,181
592,177
597,173
601,171
605,170
610,170
613,170
618,170
623,171
627,173
631,177
634,181
634,188
634,194
631,200
626,202
618,199
604,200
597,202
593,199
591,193
591,187
end box0
621,174
622,173
624,171
626,171
633,172
635,172
637,174
637,176
638,179
638,182
637,184
635,185
632,185
623,184
622,183
end box1
625,173
626,172
631,172
632,173
633,174
634,175
634,176
634,178
634,180
632,180
631,180
626,180
625,180
end box2
408,172
409,166
412,160
416,157
422,157
437,158
443,158
447,160
449,167
452,172
452,178
452,184
450,190
444,193
437,192
432,191
427,192
421,193
414,193
410,190
408,184
409,177
end box3
548,138
552,138
553,139
554,140
555,141
554,144
554,145
553,146
552,147
550,147
549,147
548,146
547,145
end box4
609,143
611,143
612,144
613,144
613,145
613,147
613,148
612,149
611,149
610,150
609,149
608,149
608,148
end box5
658,161
658,161
659,161
660,161
660,161
661,162
661,162
662,163
662,164
662,165
662,166
661,167
660,167
659,168
658,167
657,167
657,166
end box6
610,124
611,123
613,123
614,124
615,124
615,125
615,129
615,130
613,131
612,131
611,131
610,130
609,129
end box7
476,96
477,95
478,95
479,95
480,96
481,104
480,105
478,106
477,105
476,104
end box8
661,112
662,112
663,112
664,112
665,112
666,113
666,120
665,121
663,121
662,121
661,120
end box9
end total10boxes
