572,194
573,190
577,184
580,180
586,180
591,179
596,179
602,179
608,180
611,183
614,190
616,194
616,201
616,207
615,215
611,217
602,215
584,217
576,218
573,215
572,207
573,200
end box0
337,206
340,200
345,194
351,193
357,193
372,193
378,193
383,195
388,201
393,206
395,214
394,222
388,226
379,227
372,227
367,226
362,226
357,226
351,226
342,225
337,221
336,214
end box1
472,193
472,191
474,189
475,188
477,188
482,188
484,188
486,189
487,190
489,192
489,195
489,198
488,200
485,201
483,201
480,200
479,200
476,201
474,200
472,199
472,197
471,195
end box2
544,178
548,178
549,178
550,179
550,180
550,181
550,182
550,184
549,185
547,185
546,185
545,185
544,185
543,184
542,183
end box3
87,220
101,202
122,195
142,193
155,193
166,194
175,193
185,196
197,196
213,199
232,206
251,222
256,243
249,257
224,266
200,266
186,266
176,267
142,264
120,265
96,256
89,242
end box4
460,195
460,193
461,191
462,190
464,189
469,189
471,189
473,191
474,192
475,194
476,197
476,199
475,202
473,203
470,203
465,203
463,203
461,202
460,201
459,199
459,196
end box5
451,194
453,191
455,188
458,187
461,187
468,187
472,187
474,188
477,191
480,194
480,198
480,202
478,206
474,206
469,206
460,206
456,205
453,204
451,201
451,198
end box6
403,194
404,190
407,187
409,185
413,185
422,186
426,185
429,187
432,190
435,193
435,198
435,203
432,206
428,208
422,207
412,207
408,207
404,206
402,202
402,198
end box7
527,176
528,176
528,176
529,176
530,176
530,176
531,177
532,177
532,178
532,179
532,180
532,181
531,182
530,182
529,183
528,182
527,182
526,181
526,181
end box8
512,177
513,176
513,176
514,176
515,176
515,176
516,177
516,177
517,178
517,179
517,180
517,181
516,182
515,182
514,182
513,182
512,182
512,181
511,180
end box9
478,191
478,190
479,189
480,189
481,189
482,189
483,190
484,190
484,191
485,192
485,193
485,194
485,196
484,197
482,197
481,197
480,197
479,197
478,196
477,195
end box10
567,178
567,178
568,179
569,180
569,181
569,182
569,184
568,184
566,185
565,185
564,185
563,184
562,183
562,183
end box11
443,195
443,193
444,191
445,190
447,189
449,189
452,189
454,189
456,190
457,192
458,194
459,197
459,199
458,202
456,203
453,204
451,203
448,203
446,203
444,203
443,201
442,199
442,196
end box12
869,85
870,81
872,77
874,74
878,72
882,71
886,71
890,71
893,74
896,77
898,80
900,84
900,89
899,93
898,98
895,101
891,103
886,104
881,104
877,103
873,100
870,97
869,93
869,88
end box13
686,148
687,146
688,144
689,143
691,142
693,141
695,141
696,141
699,142
701,143
702,145
703,147
703,150
703,152
702,155
700,157
697,158
695,158
692,157
690,157
688,156
687,154
686,152
686,149
end box14
655,159
656,159
657,159
658,159
659,159
660,160
660,166
660,167
659,168
657,168
656,168
655,167
end box15
418,159
419,159
419,160
420,161
420,162
420,163
420,165
419,166
417,166
416,166
415,166
414,166
413,165
end box16
689,146
689,145
690,144
691,143
692,143
693,143
695,143
696,143
697,144
698,145
699,147
699,148
699,150
698,152
697,153
695,154
693,154
692,154
690,153
689,152
688,151
688,149
end box17
431,162
435,162
435,162
436,163
436,164
436,166
436,167
435,168
434,169
433,169
432,169
431,168
end box18
378,160
379,159
381,159
382,159
383,160
383,161
383,166
383,167
381,167
380,167
379,167
378,167
end box19
633,136
635,133
655,133
657,135
658,157
656,159
634,159
end box20
467,174
467,174
468,175
468,176
468,177
468,178
468,179
468,180
466,181
465,181
464,180
463,180
462,179
end box21
435,176
436,177
437,178
437,179
437,180
437,181
437,183
436,184
435,185
433,185
432,184
431,184
430,183
end box22
685,156
685,154
686,152
687,151
689,150
691,149
693,149
695,149
696,150
698,151
700,153
700,155
701,158
700,160
699,162
697,164
695,165
693,165
690,165
688,164
687,163
685,161
684,159
684,157
end box23
446,175
450,175
451,175
451,176
452,177
452,178
452,179
452,181
451,182
449,182
448,182
447,182
446,182
445,181
end box24
495,176
495,176
496,175
497,175
498,175
499,176
499,176
500,177
500,178
500,179
500,180
500,181
499,182
498,183
497,184
496,183
495,182
494,181
end box25
end total26boxes
