42,196
58,188
68,183
76,181
83,181
94,181
100,181
107,180
116,182
131,186
144,195
149,209
143,218
125,223
110,222
72,224
59,223
41,218
37,210
end box0
1,191
5,187
13,187
19,186
24,186
29,189
34,191
38,195
38,200
40,205
41,210
41,216
40,223
37,227
31,229
25,231
18,232
11,231
5,229
3,223
end box1
286,182
289,179
292,177
295,176
307,176
311,177
315,178
319,182
320,186
319,190
314,193
309,193
289,192
286,190
285,186
end box2
816,96
817,93
819,90
823,89
827,89
830,88
834,88
838,89
841,91
844,95
845,99
844,103
844,108
842,112
839,115
835,117
831,117
826,117
822,116
819,114
816,112
815,108
815,103
end box3
812,94
815,91
836,91
841,92
840,135
836,136
814,137
813,132
end box4
168,44
169,40
201,40
202,43
203,75
201,78
169,78
end box5
813,117
814,114
840,113
843,116
843,131
842,135
816,136
812,135
end box6
624,157
625,157
626,156
627,156
628,157
629,158
629,164
629,165
628,166
626,166
625,166
624,165
end box7
513,157
513,157
514,157
515,157
515,157
516,158
516,158
516,162
516,163
515,164
514,164
513,164
512,163
end box8
722,142
723,142
724,141
725,142
726,142
726,143
726,149
726,151
724,151
723,151
722,150
end box9
636,159
637,153
638,144
642,139
650,139
657,138
671,138
680,139
685,143
685,152
687,159
687,166
686,173
685,182
680,187
672,188
664,187
657,187
648,190
640,188
637,181
636,173
637,166
end box10
end total11boxes
