535,187
537,184
541,180
543,175
546,174
560,174
566,175
568,178
572,183
573,186
573,192
574,198
573,205
568,206
545,206
539,206
536,204
536,197
535,192
end box0
507,174
507,173
509,171
510,170
519,169
522,170
523,172
524,174
524,177
524,180
523,182
521,183
511,183
509,183
507,181
506,179
506,177
end box1
585,191
586,188
589,185
591,181
595,181
606,181
611,181
613,184
616,188
617,191
617,196
618,201
617,207
613,208
593,208
587,209
585,207
584,200
584,196
end box2
538,178
539,175
542,172
544,169
547,169
560,169
563,171
565,174
567,177
566,182
566,186
565,190
562,192
546,192
541,192
539,190
538,185
538,181
end box3
572,175
572,173
573,172
575,170
577,170
583,169
585,170
587,170
589,173
590,175
590,178
589,181
589,184
586,185
583,185
581,185
578,185
576,185
573,184
572,183
571,180
571,178
end box4
510,175
511,174
511,173
512,172
518,172
519,172
520,173
521,175
520,176
520,178
520,180
518,180
517,181
514,181
512,181
511,180
510,179
510,177
end box5
879,239
885,233
891,231
896,230
915,230
921,230
927,233
934,239
937,246
934,253
925,254
916,254
900,255
895,255
886,255
878,252
877,246
end box6
487,176
487,174
488,172
489,171
500,170
503,171
504,174
505,176
505,179
505,182
504,185
502,186
491,186
488,185
487,183
486,179
end box7
595,177
597,174
599,171
602,169
605,169
614,169
617,169
620,171
623,173
625,176
626,181
626,185
624,189
619,190
614,189
605,189
601,189
597,188
595,184
595,181
end box8
585,178
586,175
589,173
591,171
593,170
596,170
601,170
605,170
608,172
611,174
612,178
612,182
612,185
610,189
606,190
592,191
588,191
586,189
585,185
585,181
end box9
517,173
518,171
519,170
521,169
531,168
533,169
535,171
536,173
536,176
536,179
535,181
532,182
522,182
519,182
517,181
516,178
517,176
end box10
413,193
413,190
414,186
416,181
419,180
422,184
423,189
424,192
424,194
423,196
423,197
423,199
423,200
423,204
423,211
420,214
416,213
414,206
414,201
414,199
413,198
end box11
287,200
288,192
292,185
298,183
302,189
304,198
304,204
304,215
303,218
306,228
306,240
299,239
290,241
284,240
285,224
287,217
end box12
449,187
450,183
452,178
456,177
458,180
459,185
459,189
459,196
459,198
459,202
459,209
456,211
451,210
450,204
450,198
end box13
629,177
629,176
630,175
631,175
632,175
633,176
633,177
634,178
634,179
634,180
634,181
634,182
634,184
633,185
631,186
630,185
629,183
629,182
end box14
643,171
643,171
644,170
645,169
646,169
647,170
647,171
648,172
648,173
648,174
648,175
648,176
647,177
647,179
645,180
644,179
643,177
643,176
end box15
480,177
483,176
490,175
492,179
494,203
492,208
482,205
479,204
end box16
661,144
662,144
662,145
663,146
663,147
663,148
663,150
662,151
660,151
659,151
658,151
657,151
656,150
end box17
725,177
726,176
727,176
728,176
729,176
730,176
731,177
732,178
732,179
732,180
732,181
732,183
731,184
730,185
728,185
727,185
726,184
725,183
end box18
790,191
795,185
802,181
807,184
809,195
813,234
812,247
803,241
792,241
785,245
end box19
494,143
498,142
499,143
499,144
500,145
500,146
500,147
500,149
499,150
497,150
496,150
495,150
494,150
493,149
end box20
881,107
886,96
934,95
943,101
942,197
934,204
878,219
871,208
end box21
578,157
578,157
579,158
579,159
579,161
579,162
578,163
577,164
575,164
574,163
end box22
502,188
503,189
502,200
501,201
496,201
495,200
end box23
488,186
489,184
500,185
502,187
503,202
502,204
489,204
487,203
end box24
506,151
506,149
508,147
510,146
520,146
522,147
524,149
526,151
526,154
526,157
525,160
522,161
508,161
506,159
505,156
505,154
end box25
643,146
644,146
646,146
647,146
647,146
648,147
649,148
649,149
649,150
648,151
648,152
646,153
645,153
644,153
643,152
end box26
518,148
520,148
521,149
522,151
522,152
522,154
521,156
520,157
518,157
513,157
512,156
511,155
511,153
end box27
565,159
566,158
568,158
569,159
569,159
570,160
570,161
570,163
570,164
570,166
568,166
567,166
566,166
565,165
end box28
284,200
286,192
290,185
297,180
303,183
305,193
305,201
304,216
304,221
307,233
305,245
298,243
288,243
282,240
283,224
end box29
607,134
608,134
610,134
611,134
611,134
611,140
610,141
609,141
608,141
607,140
end box30
565,159
566,158
568,158
569,159
569,159
570,160
570,161
570,163
570,164
570,166
568,166
567,166
566,166
565,165
end box31
578,157
578,157
579,158
579,159
579,161
579,162
578,163
577,164
575,164
574,163
end box32
643,146
644,146
646,146
647,146
647,146
648,147
649,148
649,149
649,150
648,151
648,152
646,153
645,153
644,153
643,152
end box33
end total34boxes
