537,182
538,181
540,179
541,178
550,178
552,179
554,180
556,182
556,185
556,188
555,190
551,190
542,190
540,191
537,190
537,187
536,185
end box0
607,174
608,173
608,173
609,172
609,172
613,172
614,172
614,173
615,174
615,175
615,176
615,178
614,178
612,178
611,179
610,178
609,178
608,178
607,177
607,176
607,175
end box1
559,178
560,176
565,176
566,176
567,177
568,178
568,179
568,181
568,182
566,183
564,183
562,183
561,183
560,182
559,181
end box2
625,176
626,175
626,175
626,174
627,174
631,173
632,174
633,175
633,176
633,177
633,178
633,180
632,181
630,181
629,181
628,181
627,181
626,180
625,179
625,178
625,177
end box3
541,181
541,180
542,179
543,178
550,178
551,179
552,181
552,182
552,184
552,187
550,187
543,187
542,187
540,185
541,183
541,182
end box4
623,177
623,175
625,174
626,173
627,172
634,172
636,173
637,174
638,176
639,179
639,181
638,184
635,184
626,184
624,184
622,183
622,181
622,179
end box5
527,178
532,178
533,179
534,180
535,181
535,182
535,184
535,186
533,186
532,186
529,186
527,186
526,186
526,185
end box6
606,175
606,173
607,172
608,171
610,171
615,171
617,171
618,173
619,175
620,177
619,179
618,181
616,181
609,182
607,181
605,180
605,178
605,176
end box7
524,183
524,181
526,179
527,178
536,178
538,178
540,180
541,182
542,185
541,188
540,190
537,191
528,191
526,191
524,189
523,187
523,185
end box8
593,173
595,171
599,171
599,171
600,172
601,173
601,174
601,175
601,177
599,177
598,177
597,178
596,177
595,177
594,177
593,176
end box9
555,180
556,178
558,177
559,176
566,176
568,176
570,177
571,179
572,182
572,184
570,187
568,187
565,186
560,187
557,187
556,186
555,184
555,182
end box10
574,172
575,171
575,171
579,171
580,171
580,172
581,173
581,174
581,175
581,177
580,177
578,178
577,178
576,178
575,177
574,177
573,176
end box11
582,164
583,164
583,165
584,166
584,167
584,168
584,170
583,171
581,171
580,171
579,171
578,170
577,169
end box12
499,179
499,178
500,178
501,177
502,178
503,178
504,179
505,180
505,181
505,182
505,183
505,185
504,186
503,187
501,187
500,187
499,186
498,185
end box13
574,172
575,171
575,171
579,171
580,171
580,172
581,173
581,174
581,175
581,177
580,177
578,178
577,178
576,178
575,177
574,177
573,176
end box14
497,180
497,179
498,178
499,176
501,175
503,175
504,175
506,176
507,178
508,180
508,182
509,183
509,185
508,187
507,189
505,192
503,192
500,191
499,190
497,188
497,186
496,185
496,183
end box15
644,146
646,146
647,147
648,147
648,148
648,150
648,151
647,152
646,152
645,153
644,152
643,152
end box16
511,180
511,179
512,179
513,179
514,179
515,179
516,180
516,181
517,182
517,183
517,184
517,186
516,187
515,187
513,188
512,187
511,187
510,186
end box17
499,190
500,189
501,189
502,189
503,190
504,191
504,192
505,197
504,198
503,199
501,200
500,199
499,198
498,197
end box18
696,155
697,155
698,155
699,154
700,155
701,156
701,163
700,164
698,164
697,164
696,163
end box19
end total20boxes
