328,178
341,168
353,163
363,161
372,161
384,161
391,162
398,162
408,164
422,168
435,178
440,192
433,202
416,207
400,206
349,206
333,201
328,192
end box0
39,199
69,173
100,163
131,164
150,164
164,165
175,168
187,170
201,171
225,172
255,182
290,203
306,236
290,251
244,260
212,262
98,260
54,249
37,232
end box1
226,198
231,183
242,174
259,173
272,174
281,176
290,175
298,177
308,177
319,181
333,187
344,200
349,216
347,229
330,236
312,238
300,239
290,238
282,236
237,225
230,213
end box2
312,156
313,156
316,155
317,156
318,156
319,158
319,163
318,165
317,165
315,165
314,165
312,165
312,163
end box3
332,159
333,158
334,158
335,158
336,158
337,158
338,159
339,160
339,161
339,162
339,163
339,165
338,166
337,167
335,167
334,166
333,166
332,165
331,164
end box4
end total5boxes
