171,220
190,208
203,200
214,196
224,195
233,194
242,193
251,193
263,193
278,196
296,203
308,218
309,237
305,250
283,257
264,259
252,260
242,260
234,258
225,256
211,257
190,258
170,249
167,237
end box0
564,165
564,164
565,163
566,162
567,163
568,164
569,165
569,166
569,167
570,168
569,169
569,171
569,172
568,173
566,174
565,174
564,172
563,171
end box1
560,173
560,172
561,171
561,169
562,168
564,166
566,165
567,166
569,168
569,170
570,171
571,173
571,174
570,176
570,178
569,179
568,182
566,183
563,182
562,181
561,178
560,177
560,175
560,174
end box2
709,103
717,101
768,100
777,103
778,115
773,119
711,119
706,115
end box3
533,138
534,137
535,137
536,137
537,138
538,139
538,140
539,141
539,142
539,143
539,145
538,146
537,147
535,147
534,147
533,146
532,145
end box4
635,79
635,77
635,75
636,74
638,73
640,73
641,73
643,73
645,73
647,74
648,76
648,79
648,80
648,83
648,85
646,87
644,87
642,88
639,88
637,87
635,86
634,84
634,82
634,80
end box5
659,158
660,158
661,158
662,158
663,158
664,159
665,160
665,161
665,162
665,163
665,165
664,166
663,166
661,167
660,167
659,166
658,165
658,164
end box6
659,172
660,171
661,171
662,171
663,171
663,172
664,173
664,177
663,178
662,179
661,180
660,179
659,178
658,177
end box7
639,127
639,126
642,126
643,126
644,127
644,128
645,131
645,133
644,134
643,134
641,135
640,134
639,134
638,133
end box8
end total9boxes
