745,230
750,213
767,195
784,187
802,184
820,185
836,186
853,187
870,191
885,199
903,215
910,232
914,256
908,277
899,294
877,298
853,292
803,295
780,299
762,294
749,277
747,255
end box0
436,212
447,204
454,195
461,191
470,190
478,191
485,190
493,191
502,190
513,193
523,201
530,210
531,224
528,235
519,243
503,243
493,242
485,243
478,241
471,240
460,242
446,242
436,235
435,224
end box1
704,211
707,205
710,200
715,196
721,195
727,195
732,195
738,195
746,194
753,196
756,203
757,211
756,218
754,225
751,230
744,233
738,234
732,234
726,236
719,237
712,236
705,233
702,226
703,218
end box2
589,181
589,179
590,178
592,176
602,176
604,177
606,179
607,181
607,184
607,187
606,190
603,191
593,191
590,190
589,189
588,186
588,184
end box3
555,192
555,190
556,188
557,187
559,186
566,186
568,186
570,187
571,190
572,192
572,195
573,198
572,201
570,203
567,203
559,202
556,201
555,199
554,197
555,195
end box4
681,208
682,205
684,202
687,200
690,199
703,199
706,200
709,204
710,207
709,211
708,215
707,219
703,221
689,221
685,221
683,219
681,215
681,211
end box5
710,165
711,164
715,164
716,165
717,166
717,171
716,172
715,173
713,173
712,173
711,172
710,171
end box6
658,163
663,162
664,163
665,164
666,165
666,166
666,168
666,170
665,171
663,171
660,171
658,170
657,170
end box7
531,205
532,204
533,204
534,204
535,205
536,206
537,207
537,212
536,213
535,214
533,215
532,214
531,213
530,212
end box8
595,176
601,176
602,176
603,177
604,179
604,180
604,182
603,184
602,185
595,185
594,184
593,183
end box9
482,144
482,143
483,142
484,142
485,142
486,143
487,144
487,145
487,149
487,151
486,152
484,152
483,152
482,151
481,150
end box10
end total11boxes
