501,176
502,174
504,173
505,172
514,172
516,172
518,174
520,176
520,179
520,182
519,185
516,185
506,185
503,186
501,184
500,181
500,179
end box0
763,182
765,179
768,176
771,175
784,175
787,176
791,178
794,182
795,186
795,190
791,193
786,194
782,194
773,194
770,193
765,193
762,190
762,186
end box1
507,178
508,177
508,176
509,175
514,175
516,175
517,176
518,178
518,179
518,181
518,184
516,184
514,184
509,184
508,184
507,182
507,180
end box2
639,178
641,176
645,176
646,176
646,177
647,178
647,179
647,180
647,182
646,183
644,183
643,183
642,183
641,183
640,182
639,181
end box3
635,179
636,177
638,176
639,175
640,174
647,174
648,175
650,176
651,178
652,181
652,183
651,186
648,186
645,186
639,186
637,186
635,185
635,183
635,181
end box4
147,192
148,190
149,188
150,187
152,185
153,184
156,184
158,184
160,186
162,187
163,189
165,191
165,194
165,197
163,199
161,201
159,203
156,203
153,203
151,202
149,200
147,198
147,196
146,194
end box5
1127,194
1127,192
1128,189
1130,187
1132,185
1135,184
1138,184
1141,184
1144,185
1146,188
1148,191
1148,194
1149,197
1148,200
1147,204
1145,207
1142,209
1138,209
1135,209
1131,208
1129,206
1127,203
1127,200
1126,197
end box6
854,172
855,172
856,172
857,172
858,172
859,173
859,174
859,178
859,180
857,180
856,181
855,180
854,180
end box7
298,161
299,160
300,160
302,160
303,161
304,162
305,170
304,171
302,173
301,173
299,173
297,171
end box8
804,154
805,154
807,154
808,154
809,155
810,161
809,162
808,163
806,163
805,163
804,162
end box9
610,160
611,160
613,160
614,160
615,161
616,162
616,163
616,164
616,165
616,167
615,168
614,169
612,169
611,169
610,168
609,167
end box10
1019,174
1020,173
1021,173
1023,173
1024,174
1025,175
1025,184
1023,185
1022,186
1020,185
1018,184
end box11
365,0
368,-1
390,-1
394,0
395,5
395,18
394,23
391,26
382,28
end box12
609,176
610,175
611,175
612,175
613,176
614,177
615,178
615,179
615,180
615,181
615,183
614,184
613,185
611,186
610,185
609,184
608,183
end box13
969,177
973,177
974,177
975,179
976,180
976,183
975,184
974,186
973,186
971,186
970,186
968,186
968,184
end box14
952,173
953,172
954,172
955,172
957,172
957,173
957,182
956,183
954,183
953,183
951,182
end box15
911,189
912,188
913,188
915,188
916,189
917,190
918,191
918,198
917,199
915,200
914,201
912,200
910,199
909,198
end box16
22,160
23,160
24,159
26,159
27,160
28,161
29,162
29,164
29,165
29,167
29,168
28,170
26,171
24,171
23,171
21,170
20,169
20,167
end box17
605,180
605,178
606,177
607,175
608,174
610,173
612,172
614,173
615,174
616,176
617,178
618,180
618,182
618,184
617,186
616,188
614,189
612,190
609,190
607,189
606,187
605,185
605,183
605,181
end box18
18,161
20,160
22,159
24,159
26,159
28,160
29,161
30,163
30,165
30,168
30,170
30,172
28,174
26,175
24,176
21,176
19,175
17,173
17,171
end box19
314,92
318,89
356,89
362,92
362,100
359,103
316,103
314,99
end box20
592,173
593,172
594,172
595,172
596,172
597,173
597,174
597,176
597,178
597,179
595,180
594,181
593,180
592,180
591,179
end box21
667,173
669,170
670,168
684,168
686,169
687,172
688,175
688,182
688,186
685,187
671,187
668,187
667,184
end box22
285,141
286,141
288,141
290,141
291,142
292,143
292,145
292,148
292,149
291,151
289,152
287,152
286,152
284,151
283,150
end box23
16,170
16,169
17,167
19,166
21,166
22,165
24,166
26,166
28,168
29,169
29,171
29,174
29,176
28,178
27,180
25,181
23,181
20,181
18,180
17,179
16,177
15,175
15,173
end box24
598,144
599,144
601,143
602,144
603,145
603,152
602,153
600,153
599,153
598,152
end box25
1019,139
1020,138
1023,138
1024,139
1025,140
1025,149
1023,150
1021,151
1020,150
1018,149
end box26
49,138
50,136
50,134
52,132
54,132
57,131
59,131
62,132
64,134
64,147
63,150
60,152
57,152
54,151
52,150
50,148
49,145
49,143
end box27
606,142
607,142
608,142
610,142
611,142
611,144
612,150
611,151
610,153
608,153
607,153
605,152
end box28
151,143
152,143
155,143
156,143
157,144
157,151
157,153
155,154
153,154
152,154
150,153
end box29
356,44
358,34
367,35
375,38
382,41
387,45
387,54
387,60
387,64
388,69
387,73
387,79
387,88
382,94
376,98
366,100
358,101
357,87
end box30
1043,135
1044,132
1047,131
1049,132
1052,132
1054,133
1057,133
1058,135
1059,137
1059,139
1059,142
1059,144
1058,146
1056,148
1054,149
1052,151
1049,151
1046,151
1044,149
end box31
946,139
948,137
955,138
958,138
959,140
959,153
958,155
956,157
953,157
950,157
947,157
946,155
end box32
end total33boxes
