793,253
818,227
842,206
869,198
894,196
914,197
932,199
952,200
972,205
997,212
1024,229
1047,254
1061,289
1053,316
1024,331
980,332
953,329
932,325
914,327
894,331
864,335
823,332
791,317
786,289
end box0
671,192
673,189
676,185
678,182
682,182
693,182
697,182
700,185
703,189
705,192
705,197
705,202
705,208
700,209
694,208
681,208
676,208
672,207
671,201
671,197
end box1
782,192
783,187
786,182
791,180
796,180
800,180
809,181
814,180
818,182
821,187
824,192
824,198
824,204
822,209
815,211
810,211
805,210
800,210
795,211
789,211
784,209
782,204
782,198
end box2
658,195
658,193
659,192
660,190
661,190
663,189
664,189
666,189
668,189
670,191
671,193
671,195
671,196
671,199
670,201
669,202
666,203
664,203
662,203
660,203
658,202
658,200
657,198
657,196
end box3
513,175
517,175
518,175
518,176
519,177
519,178
519,179
519,181
518,182
516,182
515,182
514,182
513,182
512,181
511,180
end box4
527,173
531,173
532,173
533,174
533,175
534,176
533,178
533,179
532,180
530,180
528,180
527,180
526,179
525,178
end box5
147,192
148,190
149,188
150,187
152,186
153,184
156,184
158,184
160,186
162,187
163,189
165,191
165,194
165,197
163,199
161,201
159,203
156,203
153,203
151,202
149,200
147,198
147,196
146,194
end box6
1128,194
1129,189
1131,187
1133,185
1136,184
1139,184
1142,184
1145,185
1147,188
1148,191
1149,194
1150,197
1149,200
1148,204
1146,207
1143,209
1139,209
1136,209
1132,208
1130,205
1129,203
1128,200
1127,197
end box7
854,173
855,173
856,173
857,172
858,173
859,174
859,180
859,181
858,182
856,182
855,182
854,181
end box8
603,183
603,181
605,179
606,177
608,176
609,175
612,175
614,176
616,177
618,178
619,180
620,182
620,185
620,188
619,190
617,192
615,193
612,194
609,194
606,193
604,191
603,189
603,187
603,185
end box9
298,161
299,160
300,160
302,160
303,161
304,162
305,170
304,171
302,173
301,173
299,173
297,171
end box10
1018,174
1019,173
1020,173
1021,173
1023,173
1024,174
1023,183
1022,183
1020,184
1019,183
1017,183
end box11
609,178
610,177
611,176
612,176
614,176
615,177
616,178
617,179
618,181
618,182
618,184
617,186
616,187
614,188
612,189
611,188
609,187
608,186
607,185
end box12
600,186
600,184
601,182
603,181
604,180
607,180
609,180
611,180
613,181
615,182
617,184
618,186
618,189
618,192
617,195
614,196
611,196
609,196
606,196
604,196
601,195
599,194
599,191
599,189
end box13
803,155
804,154
806,154
807,155
808,156
808,163
807,164
805,165
804,164
802,164
end box14
365,0
368,-1
394,0
395,4
394,23
391,26
382,28
end box15
22,160
23,160
24,159
26,159
27,160
28,161
29,162
29,164
29,165
29,167
29,169
28,170
26,171
24,171
23,171
21,170
20,169
20,167
end box16
18,161
20,160
22,159
24,159
26,159
28,160
29,161
30,163
30,165
30,168
30,170
30,172
28,174
26,176
24,176
21,176
19,175
17,173
17,171
16,169
end box17
313,93
318,90
354,90
361,93
360,101
358,104
315,104
313,100
end box18
910,184
911,184
914,184
915,184
916,185
916,194
914,195
911,195
909,194
end box19
966,176
967,176
968,176
969,176
970,176
971,177
972,183
971,184
970,185
968,185
967,185
966,184
end box20
598,144
599,143
601,143
602,144
603,145
603,152
602,153
600,153
599,153
598,152
end box21
50,138
51,136
51,134
53,132
55,132
58,131
60,131
63,131
65,134
65,147
64,150
61,152
58,152
55,151
53,150
51,148
50,145
50,143
end box22
607,142
608,142
609,142
610,142
611,143
612,144
612,151
611,152
609,153
608,153
607,152
end box23
1020,138
1021,138
1024,138
1025,138
1026,140
1026,149
1024,151
1023,151
1020,151
1019,150
end box24
151,143
152,143
155,143
156,143
157,144
157,151
157,153
155,154
153,154
152,154
150,153
end box25
356,44
359,34
367,35
375,38
382,41
387,46
387,54
387,60
387,64
388,69
387,73
387,78
387,88
383,94
376,98
366,100
358,102
357,87
end box26
947,139
949,137
951,137
954,137
956,137
959,138
960,140
960,153
959,155
957,157
954,158
951,158
948,157
947,154
end box27
613,161
614,160
615,160
616,160
617,161
618,162
619,163
619,168
618,169
617,170
615,171
614,170
613,169
end box28
1017,144
1017,142
1018,140
1019,139
1021,139
1024,138
1026,138
1029,138
1030,141
1030,143
1030,150
1030,152
1029,155
1026,156
1024,157
1021,156
1019,155
1017,153
1017,151
end box29
end total30boxes
