509,193
510,189
514,183
518,180
524,180
529,179
534,179
539,180
545,180
549,183
553,189
556,193
557,200
557,208
555,215
548,216
540,213
522,215
514,217
509,215
507,207
509,200
end box0
726,221
730,211
737,201
745,191
756,190
767,190
778,190
789,190
802,190
814,195
819,208
818,221
816,233
815,246
810,257
799,262
788,263
777,265
766,267
755,267
740,266
727,263
725,249
725,235
end box1
639,177
639,175
640,174
642,172
644,172
650,171
652,171
654,172
656,175
657,177
656,180
657,183
656,186
653,187
650,188
648,187
645,187
643,187
640,186
639,184
638,182
638,180
end box2
664,194
665,187
670,182
676,178
682,177
688,177
693,178
699,178
707,177
713,180
716,187
717,194
716,201
710,213
693,217
687,219
680,221
671,221
666,217
664,209
664,201
end box3
603,176
604,172
606,169
608,167
626,166
628,168
631,172
633,175
632,180
632,184
631,189
627,190
607,190
604,188
603,183
603,179
end box4
655,194
655,192
656,191
657,189
658,188
660,187
662,186
664,187
666,188
667,189
668,191
668,193
668,195
667,197
667,200
666,201
664,203
662,203
659,204
657,203
656,201
655,199
655,197
655,195
end box5
637,160
638,158
639,157
641,155
651,155
653,156
655,158
656,160
656,163
656,166
655,169
652,169
642,169
639,169
638,168
637,165
637,163
end box6
639,192
639,190
640,188
641,187
643,186
649,185
651,186
653,187
654,189
654,191
654,194
654,196
654,199
652,201
649,201
644,201
642,201
640,200
638,198
638,196
638,193
end box7
546,174
547,174
550,173
551,174
553,174
553,175
554,177
554,178
554,180
554,182
553,183
551,183
548,183
546,183
545,182
545,180
end box8
626,176
627,176
628,175
629,175
630,175
631,176
632,177
633,178
633,180
633,183
632,185
631,186
629,186
628,185
627,184
626,183
end box9
744,173
745,172
746,172
747,172
748,173
749,174
750,175
750,180
749,182
748,182
746,182
745,182
744,181
end box10
641,190
642,189
643,188
644,188
645,188
646,189
647,190
648,191
648,192
648,193
648,194
648,196
647,197
646,198
644,198
643,198
642,197
641,196
640,195
end box11
724,159
728,159
729,159
730,161
731,162
731,165
731,166
729,168
728,168
726,169
725,168
723,168
723,166
end box12
542,177
543,175
544,174
546,173
551,172
553,173
555,174
556,176
557,178
557,181
557,183
557,186
555,188
552,189
550,188
545,187
544,186
542,184
end box13
628,143
629,142
631,142
632,143
632,143
632,149
631,150
630,150
629,150
628,149
end box14
end total15boxes
