379,187
381,184
384,181
387,179
391,179
400,179
404,178
407,180
411,184
413,187
414,192
414,197
412,202
407,203
401,202
390,201
386,201
381,201
380,196
379,192
end box0
595,180
595,180
599,180
600,180
600,181
601,182
601,183
601,184
601,186
600,187
598,187
597,187
596,187
595,186
594,186
594,185
end box1
610,178
613,178
614,178
615,179
615,180
616,181
616,182
616,184
614,184
613,184
612,184
611,184
610,184
609,183
609,183
end box2
577,179
578,179
578,179
579,179
580,179
580,179
581,179
582,180
582,181
582,182
582,183
582,184
581,185
580,186
579,186
578,185
577,185
576,184
576,183
end box3
653,191
654,190
655,189
657,188
665,187
667,188
669,189
670,191
671,194
670,196
668,198
665,198
658,199
655,199
653,198
652,196
652,194
end box4
405,187
406,185
407,184
409,183
418,184
420,185
421,187
422,189
422,192
422,195
422,198
419,199
416,199
414,199
411,199
409,199
407,198
406,196
end box5
528,173
528,173
529,172
530,172
531,172
532,173
532,173
533,174
533,175
533,176
533,177
533,178
532,179
531,180
530,181
529,180
528,179
528,178
end box6
544,176
544,176
545,175
546,175
547,175
548,176
548,176
548,177
549,178
549,179
549,180
549,181
548,182
547,183
546,183
545,183
544,182
544,181
end box7
494,175
494,175
495,174
496,174
497,174
498,175
498,175
498,176
499,177
499,178
499,179
499,180
498,181
497,182
496,182
495,182
494,181
494,180
end box8
514,160
515,160
516,161
516,162
516,163
516,164
516,166
515,167
514,167
512,167
511,167
510,167
509,166
end box9
527,159
528,158
529,158
530,158
531,159
531,159
532,160
532,161
532,162
532,163
532,164
531,165
530,166
529,166
528,166
527,165
526,164
end box10
661,171
664,171
665,171
666,172
666,173
666,175
666,176
665,177
664,177
663,177
662,177
661,177
661,176
end box11
513,173
513,173
514,172
515,172
516,172
517,172
518,173
518,174
519,175
518,176
518,177
518,179
518,180
516,180
515,181
514,180
513,180
512,178
end box12
628,159
628,159
629,158
630,158
631,158
632,159
632,159
633,160
633,161
633,162
633,163
633,164
632,165
631,166
630,166
629,166
628,165
628,164
end box13
494,175
494,175
495,174
496,174
497,174
498,175
498,175
498,176
499,177
499,178
499,179
499,180
498,181
497,182
496,182
495,182
494,181
494,180
end box14
663,164
664,163
665,163
666,163
667,163
668,164
668,165
669,166
669,167
669,168
669,170
668,171
667,171
665,172
664,171
663,171
662,170
end box15
496,159
497,159
499,159
500,159
500,159
501,160
501,161
501,162
501,163
501,164
500,165
499,166
498,166
497,166
496,165
end box16
end total17boxes
