585,178
585,176
587,174
588,173
590,172
599,172
601,173
603,176
604,178
605,181
605,184
604,188
601,188
590,188
587,188
585,187
584,183
584,181
end box0
362,192
364,186
367,181
372,179
378,179
391,179
397,179
402,181
404,187
408,192
409,198
408,205
405,210
398,211
392,211
387,210
382,210
377,211
371,211
365,209
363,204
363,198
end box1
118,193
119,191
121,190
122,189
124,189
131,188
134,189
136,191
137,193
138,196
137,199
136,202
133,202
123,202
120,202
118,201
118,198
117,196
end box2
540,177
540,176
542,174
543,173
545,172
553,172
555,173
556,175
557,177
557,180
557,183
556,186
554,186
544,187
541,186
540,184
539,182
540,180
end box3
560,173
565,173
566,174
567,175
568,176
568,177
568,179
568,181
566,181
565,182
562,181
561,181
559,181
559,180
end box4
591,176
591,175
592,174
593,174
598,174
599,174
600,175
600,177
601,178
600,180
600,182
599,183
597,183
594,183
592,183
591,182
590,181
end box5
577,174
578,173
579,173
580,173
581,173
582,173
583,174
583,175
584,176
584,177
584,178
584,180
583,181
581,181
580,182
579,181
578,181
577,180
end box6
555,178
556,176
557,175
559,173
561,173
569,173
571,174
573,176
574,178
574,181
574,184
573,187
570,187
567,188
560,187
558,187
556,185
555,183
555,181
end box7
574,181
574,179
575,178
576,176
577,176
579,175
580,175
582,175
584,176
586,177
587,179
587,181
587,183
587,185
587,187
585,188
583,189
581,189
578,189
577,189
575,188
574,186
573,184
573,182
end box8
536,179
537,176
539,173
541,171
544,171
553,171
557,170
559,172
561,176
563,179
563,182
563,187
562,191
558,192
554,192
543,192
539,192
537,190
536,186
536,182
end box9
360,205
361,202
364,200
366,198
369,198
376,198
379,198
382,199
385,202
387,205
388,209
388,213
385,216
381,216
377,216
368,216
364,216
361,215
359,212
359,209
end box10
539,187
539,185
541,183
542,182
544,182
553,182
555,182
557,185
558,187
559,190
559,193
558,197
555,197
551,197
544,197
541,197
539,196
538,192
538,190
end box11
611,173
611,173
615,173
616,173
616,174
617,175
617,176
617,177
617,179
616,180
614,180
613,180
612,179
611,179
610,179
609,178
end box12
459,189
460,187
461,185
462,184
464,183
471,183
473,184
475,186
476,188
476,191
476,194
475,196
473,197
470,197
465,197
463,197
461,197
459,196
459,193
459,191
end box13
544,175
544,174
545,173
549,173
550,174
550,175
551,176
551,177
551,178
551,180
550,181
548,181
547,181
546,181
545,181
544,180
543,179
end box14
558,188
558,186
559,184
560,182
562,182
569,181
572,182
574,183
575,186
576,188
576,191
576,194
575,197
573,199
570,199
564,199
561,199
559,198
558,196
557,193
557,191
end box15
536,188
537,185
540,182
542,180
545,180
554,180
557,180
560,181
563,184
566,187
566,192
566,196
564,201
560,201
544,200
541,200
537,199
535,195
535,192
end box16
568,184
569,182
571,181
581,181
583,183
584,186
584,188
585,191
585,194
585,198
583,199
570,200
567,199
566,196
end box17
472,182
472,180
473,178
474,177
476,176
478,175
480,175
481,176
483,176
485,177
486,179
487,181
487,184
487,186
487,189
485,190
482,191
480,191
477,191
475,191
473,189
472,188
471,186
471,183
end box18
394,159
395,159
396,159
397,159
398,159
399,160
399,161
399,162
399,163
399,164
399,165
399,167
398,167
396,168
395,167
394,167
393,165
end box19
399,174
400,174
401,174
402,174
403,174
404,175
404,176
404,181
404,182
403,183
401,183
400,182
399,182
end box20
511,176
511,175
512,175
513,174
514,175
515,175
516,176
516,177
517,178
517,179
517,180
517,182
516,183
515,184
513,184
512,184
511,183
510,181
510,181
end box21
518,144
522,143
523,144
524,145
524,146
524,147
524,148
524,150
523,151
522,152
520,152
519,151
518,151
517,150
end box22
495,173
495,172
496,172
497,172
498,172
499,172
500,173
500,174
501,175
501,176
501,177
501,179
500,180
499,180
497,181
496,180
495,180
494,179
end box23
495,163
495,163
496,163
497,163
497,163
498,163
499,164
499,165
499,166
499,167
499,168
498,169
497,170
496,170
495,170
494,169
end box24
485,162
486,162
486,163
487,164
487,165
487,166
487,168
486,169
485,169
483,169
482,169
481,169
end box25
449,157
450,156
451,156
452,156
453,157
453,157
454,158
454,159
454,160
454,161
454,162
453,163
452,164
451,164
450,164
449,163
449,162
end box26
71,178
72,177
73,177
74,177
75,177
76,177
77,178
78,179
78,180
78,181
78,182
78,184
77,185
76,186
74,186
73,186
72,185
71,184
end box27
447,144
448,143
449,143
450,143
451,144
451,144
452,145
452,146
452,147
452,148
452,149
451,150
450,151
449,151
448,151
447,150
447,149
end box28
564,163
565,163
566,164
566,165
566,166
566,167
566,168
565,169
564,170
563,170
562,170
561,169
561,168
end box29
332,173
333,173
334,173
335,173
336,173
337,174
337,175
337,176
337,177
337,178
337,179
337,181
335,181
334,182
333,181
332,180
331,179
end box30
431,146
432,145
433,145
434,145
435,146
435,146
436,147
436,148
436,149
436,150
436,151
435,152
434,153
433,153
432,153
431,152
431,151
end box31
523,146
524,146
526,146
527,146
527,146
528,147
528,148
528,149
528,150
528,151
527,152
526,153
525,153
524,153
523,152
end box32
464,175
464,175
465,174
466,174
467,174
468,175
469,175
469,176
470,177
470,178
470,179
470,181
469,182
467,182
466,182
465,182
464,182
463,181
463,180
end box33
530,173
530,173
531,172
533,172
534,173
535,173
535,174
536,175
536,176
536,177
536,179
535,180
533,180
532,180
531,180
530,179
529,179
end box34
416,189
417,188
418,188
419,188
420,189
421,190
422,196
421,197
420,198
418,199
417,198
416,197
end box35
415,144
416,143
417,143
418,143
419,143
420,144
420,145
421,146
421,147
421,148
421,150
420,151
419,151
417,151
416,151
415,151
414,149
end box36
474,146
476,145
477,145
478,146
479,146
479,147
480,148
480,149
480,150
480,152
479,153
478,153
476,154
475,153
474,153
473,152
end box37
466,145
468,145
468,145
469,146
470,147
469,148
469,149
469,150
468,151
467,152
466,152
465,152
464,151
463,150
end box38
462,159
462,159
463,159
464,159
464,159
465,160
465,160
466,161
466,162
466,163
466,164
465,165
464,166
463,166
462,166
461,165
end box39
512,158
513,157
515,157
516,158
517,158
517,159
517,160
517,161
517,162
517,163
517,165
516,165
514,166
513,165
512,165
511,163
end box40
596,161
597,162
598,162
598,163
598,164
598,165
598,166
597,167
596,167
595,167
594,167
593,167
593,166
end box41
547,161
548,161
548,162
549,163
549,164
549,165
549,167
548,168
546,168
544,167
543,167
542,167
end box42
417,159
418,158
419,158
420,158
421,159
421,159
422,160
422,161
422,162
422,163
422,164
421,165
420,166
419,166
418,166
417,165
end box43
532,160
533,161
534,161
534,162
534,163
534,164
534,165
533,166
532,166
531,166
530,166
529,166
529,165
end box44
419,178
420,177
421,177
422,177
423,178
423,178
424,179
424,181
424,183
424,185
423,185
421,186
420,185
419,184
end box45
449,157
450,156
451,156
452,156
453,157
453,157
454,158
454,159
454,160
454,161
454,162
453,163
452,164
451,164
450,164
449,163
449,162
end box46
523,146
524,146
526,146
527,146
527,146
528,147
528,148
528,149
528,150
528,151
527,152
526,153
525,153
524,153
523,152
end box47
512,158
513,157
515,157
516,158
517,158
517,159
517,160
517,161
517,162
517,163
517,165
516,165
514,166
513,165
512,165
511,163
end box48
462,159
462,159
463,159
464,159
464,159
465,160
465,160
466,161
466,162
466,163
466,164
465,165
464,166
463,166
462,166
461,165
end box49
332,161
333,160
334,160
335,160
336,161
337,162
338,168
337,169
336,170
334,170
333,170
332,169
end box50
end total51boxes
