763,257
787,220
822,190
857,175
892,170
924,173
953,177
983,178
1019,181
1060,189
1094,218
1113,257
1121,307
1111,349
1078,374
1027,378
983,368
952,362
926,365
892,376
847,385
799,375
767,349
761,308
end box0
545,189
546,186
549,183
551,180
554,180
569,180
571,182
574,186
576,189
575,194
576,199
575,204
571,205
553,204
548,205
546,203
545,198
545,193
end box1
691,203
699,193
708,184
718,179
729,179
738,179
747,179
756,179
767,179
778,183
790,191
795,203
796,217
795,232
786,241
768,240
755,239
746,240
738,241
728,241
716,242
699,240
690,232
690,218
end box2
602,181
602,180
604,178
605,177
607,177
614,177
616,177
618,179
619,181
619,184
619,187
618,189
616,190
606,190
604,190
602,189
602,186
601,184
end box3
650,191
651,188
653,186
655,184
657,183
660,182
663,182
666,182
670,182
673,183
675,187
675,191
672,201
669,203
666,203
663,204
660,204
656,205
652,204
650,202
650,197
650,194
end box4
670,196
671,191
677,186
681,182
686,180
692,180
697,180
702,181
710,180
716,183
719,189
719,196
692,219
684,222
675,223
671,218
669,210
670,203
end box5
625,175
626,175
630,175
631,176
632,177
633,178
633,179
632,181
633,183
631,183
630,184
628,184
627,184
626,183
625,182
624,181
end box6
594,186
595,183
597,179
599,177
603,177
616,177
618,179
621,182
622,185
622,189
622,194
622,199
619,200
597,200
595,198
595,193
594,189
end box7
622,180
622,178
623,176
624,175
626,175
633,175
635,175
637,177
637,179
638,182
638,184
637,187
634,188
632,188
625,188
623,187
622,186
621,184
621,181
end box8
639,191
640,189
640,188
641,186
643,185
645,184
647,184
649,184
651,184
653,186
654,188
654,190
653,198
651,199
649,200
647,200
644,201
642,201
640,199
639,197
639,194
639,192
end box9
654,193
655,191
656,190
656,188
658,187
660,186
662,186
664,186
666,186
668,187
669,190
666,201
664,202
662,202
659,203
657,203
655,201
654,199
654,196
654,194
end box10
591,174
592,173
593,172
594,172
595,172
596,173
597,174
598,175
598,180
597,181
596,182
594,183
593,182
592,181
591,180
end box11
550,159
552,159
552,161
553,162
553,163
553,165
553,166
551,168
550,168
547,168
545,167
545,166
end box12
595,161
596,161
597,162
598,163
597,164
597,165
597,166
596,167
595,168
594,168
593,168
592,167
591,166
end box13
641,175
642,174
644,174
645,174
646,175
647,176
647,177
647,178
647,179
647,181
646,182
644,182
643,183
642,182
641,182
640,181
640,180
end box14
578,164
579,164
580,164
581,164
581,164
582,164
583,165
583,166
583,167
583,168
583,169
582,170
581,171
580,171
579,171
578,170
578,169
end box15
689,126
690,126
691,125
692,125
693,125
695,125
696,126
696,127
697,129
697,132
697,133
696,135
694,136
692,136
691,136
689,135
688,134
688,132
end box16
690,143
691,142
692,142
693,142
694,143
695,144
696,145
696,150
695,151
694,152
692,153
691,152
690,151
689,150
end box17
end total18boxes
