413,176
416,173
420,171
423,170
434,170
437,171
442,173
446,176
447,180
446,185
442,187
436,187
421,186
416,187
412,184
411,180
end box0
700,177
707,172
714,170
719,169
723,169
736,169
742,169
750,171
757,177
761,185
758,191
746,192
738,192
733,191
722,192
717,192
709,192
698,191
697,184
end box1
513,162
513,162
514,162
515,162
516,161
517,162
517,162
518,163
518,164
518,165
518,166
518,167
517,168
516,169
515,169
514,169
513,168
512,167
512,167
end box2
609,125
609,124
610,122
624,121
626,123
626,125
626,130
625,133
611,134
610,132
609,130
end box3
264,158
264,156
265,154
266,153
268,152
270,151
272,151
273,151
275,152
277,153
279,155
280,157
280,160
280,162
279,165
277,167
274,167
272,167
269,167
267,167
265,165
264,164
263,162
263,159
end box4
547,119
548,116
549,113
557,110
560,110
569,112
571,115
572,119
572,122
571,126
570,130
568,132
560,133
550,131
548,129
548,125
547,122
end box5
507,179
509,172
515,167
521,164
526,169
530,177
531,204
534,218
531,225
522,223
513,222
505,223
506,210
end box6
536,92
537,89
566,88
567,92
566,101
564,104
538,104
536,101
end box7
633,92
635,87
665,87
669,90
670,107
667,112
633,111
631,106
end box8
597,128
598,128
599,129
601,129
602,130
602,132
602,133
602,135
602,137
601,138
599,139
597,139
596,139
594,138
593,137
593,135
593,134
end box9
624,86
626,78
632,77
671,79
673,86
671,114
631,117
627,114
end box10
526,141
530,140
531,141
531,142
532,147
531,148
529,148
528,148
527,148
526,148
525,147
end box11
624,78
629,76
668,76
674,78
674,87
670,90
625,90
623,87
end box12
526,129
527,129
528,129
529,129
531,129
532,130
532,131
533,136
532,137
532,139
530,140
528,140
527,140
525,139
524,138
end box13
641,162
641,161
642,160
643,160
644,160
645,161
646,162
646,163
646,164
646,165
646,166
646,167
646,169
645,170
643,171
642,170
641,169
end box14
430,143
431,142
432,142
433,142
434,142
435,143
435,144
435,148
435,150
433,150
432,151
431,150
430,149
end box15
401,172
402,171
404,171
406,171
407,172
407,173
408,180
407,181
405,182
403,182
402,182
400,181
399,180
end box16
643,140
644,139
645,139
646,139
647,140
648,141
649,142
649,147
648,148
647,149
645,150
644,149
643,148
end box17
262,149
263,147
264,145
265,144
267,143
269,142
271,142
272,142
275,143
276,144
278,146
279,148
279,151
279,153
278,156
276,157
273,158
271,159
268,158
266,158
264,157
263,155
262,153
262,150
end box18
578,143
582,143
583,144
584,150
583,151
582,152
580,152
579,152
578,151
end box19
318,143
318,143
319,142
321,142
322,142
323,143
323,144
324,145
323,147
323,148
322,149
321,150
320,150
319,150
318,149
317,148
end box20
466,159
467,159
468,159
469,160
469,160
470,161
470,162
470,165
469,166
468,167
467,167
466,167
465,166
end box21
609,128
610,127
621,126
621,128
621,129
621,131
620,133
611,133
610,132
610,131
end box22
399,158
400,157
401,157
402,157
403,158
403,158
404,163
403,164
402,165
401,166
400,165
399,164
end box23
611,161
612,161
613,161
614,161
615,161
616,162
616,163
617,168
616,169
615,170
613,170
612,170
611,169
end box24
594,159
595,159
596,158
597,159
598,159
599,160
599,161
599,165
599,167
598,168
596,168
595,168
594,167
593,166
end box25
594,141
595,140
597,140
599,140
599,141
600,148
599,150
598,150
596,151
595,151
593,150
end box26
659,140
660,139
661,140
662,139
663,140
664,141
665,142
665,147
664,148
663,149
661,149
660,149
659,148
end box27
609,141
610,141
613,141
614,141
614,142
615,149
614,151
613,152
611,152
610,152
608,151
end box28
643,140
644,139
645,139
646,139
647,140
648,141
649,142
649,147
648,148
647,149
645,150
644,149
643,148
end box29
656,126
657,123
659,123
662,122
664,123
666,124
667,126
667,129
667,131
667,132
667,134
667,136
666,138
664,141
662,142
659,142
657,141
656,138
end box30
380,130
381,130
383,130
384,130
385,131
385,137
385,138
384,139
382,139
381,138
380,138
end box31
end total32boxes
