1020,263
1030,236
1044,208
1062,187
1091,184
1119,181
1146,178
1181,172
1215,170
1234,191
1243,229
1242,259
1246,295
1245,332
1248,380
1230,395
1181,381
1147,376
1119,369
1089,368
1042,380
1017,371
1014,333
1015,296
end box0
883,231
905,207
930,191
956,186
978,183
994,180
1011,177
1031,176
1053,180
1086,183
1108,200
1121,229
1122,260
1108,282
1077,294
1028,302
1011,303
992,305
974,306
953,304
917,299
885,287
878,265
end box1
99,131
102,130
107,129
110,131
112,134
112,156
111,160
107,161
102,160
99,158
end box2
end total3boxes
