726,186
729,182
734,179
737,176
741,176
752,176
757,176
760,178
766,181
769,186
770,192
770,198
766,203
758,203
752,201
740,202
735,202
728,202
725,198
725,192
end box0
891,194
918,169
940,150
971,147
995,145
1013,147
1030,147
1049,145
1070,148
1100,153
1125,169
1146,196
1157,231
1148,257
1113,266
1067,263
1046,265
1030,267
1013,267
998,263
976,263
930,267
895,257
890,230
end box1
645,187
647,184
650,180
653,178
656,178
666,178
671,178
674,180
677,183
679,187
680,192
680,198
679,203
673,204
667,203
656,202
651,202
647,201
646,196
645,192
end box2
628,187
630,184
632,180
635,178
638,178
641,177
644,178
647,178
651,178
654,180
657,183
659,187
660,191
659,196
657,200
653,201
648,200
644,200
641,200
637,201
633,200
629,199
628,195
627,191
end box3
147,192
147,191
148,189
150,187
152,186
153,185
156,185
158,185
160,187
162,188
164,190
165,192
165,195
165,198
163,200
161,202
159,204
156,204
153,204
151,203
149,201
147,199
146,197
146,195
end box4
606,180
607,178
608,176
609,175
611,173
612,172
615,171
617,172
619,174
621,175
622,177
623,179
623,182
623,185
622,187
620,189
618,191
615,191
612,191
610,190
608,188
607,186
606,184
606,182
end box5
299,160
300,159
301,159
303,159
304,160
305,161
306,169
305,170
303,172
302,172
300,172
298,170
end box6
525,173
526,172
527,172
529,172
530,172
531,173
532,174
532,175
532,176
532,177
532,179
531,180
530,181
528,181
527,181
526,180
525,179
end box7
611,176
612,175
613,174
614,174
616,174
617,175
618,176
619,177
620,179
620,180
620,182
619,184
618,185
616,186
614,187
613,186
611,185
610,184
609,183
end box8
365,0
368,-1
394,0
395,5
395,18
394,23
391,26
382,28
end box9
805,154
806,153
808,153
810,154
810,154
811,156
811,161
810,162
809,163
807,163
806,163
804,163
end box10
22,161
23,161
24,160
26,160
27,161
28,162
29,163
29,165
29,166
29,168
29,170
28,171
26,172
24,172
23,172
21,171
20,170
20,168
end box11
18,161
20,160
22,159
24,159
26,159
28,160
29,161
30,163
30,165
30,168
30,170
30,172
28,174
26,176
24,176
21,176
19,175
17,173
17,171
end box12
853,173
854,173
855,173
856,173
857,173
858,174
858,175
859,176
859,177
859,178
859,180
858,181
857,181
855,182
854,181
853,181
852,180
end box13
313,92
318,89
356,89
363,92
362,100
359,103
316,103
313,99
end box14
606,188
606,186
607,184
608,183
610,182
612,181
614,181
615,181
617,182
619,184
620,185
622,187
622,190
622,193
621,195
618,196
616,197
614,197
611,197
609,196
607,195
605,194
605,192
605,190
end box15
608,124
609,124
610,125
611,126
612,127
612,128
612,130
612,132
611,133
610,134
608,134
607,134
606,133
end box16
285,142
286,141
288,141
290,142
291,142
291,143
292,145
292,148
291,149
290,151
289,151
287,152
286,151
284,151
283,150
end box17
21,171
24,170
25,171
27,171
27,172
28,174
28,177
27,178
26,179
25,180
23,180
22,180
21,179
19,178
19,177
end box18
613,161
614,161
615,161
616,161
617,161
618,162
618,163
618,164
618,166
618,168
618,169
617,170
615,170
614,170
613,169
end box19
598,144
599,144
601,143
602,144
603,145
603,152
602,153
600,153
599,153
598,152
end box20
50,138
51,136
51,134
53,132
55,132
58,131
60,131
63,131
65,134
65,147
64,150
61,152
58,152
55,151
53,150
51,148
50,145
50,143
50,141
end box21
606,143
607,142
608,142
609,142
610,143
611,144
611,150
611,151
610,152
608,153
607,152
606,152
end box22
151,143
152,143
155,143
156,143
157,144
157,151
157,153
155,154
153,154
152,154
150,153
end box23
end total24boxes
