369,216
373,204
384,188
393,179
408,179
423,180
436,179
450,179
465,181
476,189
489,203
493,215
492,234
493,253
489,269
470,271
449,265
435,262
424,263
410,266
389,271
371,270
368,253
368,234
end box0
783,224
788,210
799,196
809,185
822,182
837,181
851,181
864,185
881,187
895,194
904,207
905,224
905,240
902,257
895,269
875,271
862,273
850,276
837,279
822,282
803,281
785,276
781,260
782,242
end box1
657,193
658,188
662,183
667,181
672,181
690,181
695,183
699,188
702,193
703,199
703,206
699,211
692,212
686,211
671,211
665,212
659,210
656,205
656,199
end box2
796,292
837,253
876,229
915,221
948,218
975,221
999,221
1026,219
1056,225
1096,232
1141,252
1177,293
1192,346
1182,386
1129,404
1070,407
1027,399
1000,401
974,404
946,404
904,410
841,408
795,385
784,345
end box3
715,207
720,198
727,189
735,183
746,183
755,183
764,183
773,183
785,182
797,185
805,195
806,207
804,220
803,232
796,241
783,244
772,244
764,245
755,246
746,245
733,246
719,244
714,233
713,221
end box4
608,175
609,174
610,173
611,173
612,173
613,174
614,175
615,176
615,177
615,178
615,179
615,181
614,182
613,183
611,183
610,183
609,182
608,181
607,180
end box5
647,177
648,176
649,176
650,176
651,176
651,177
652,178
652,182
652,183
650,184
649,185
648,184
647,183
646,182
end box6
609,159
613,159
613,159
614,160
614,161
614,162
614,163
614,164
613,165
612,166
611,166
610,166
609,165
608,164
end box7
end total8boxes
