525,192
526,187
529,180
533,176
540,176
551,176
557,177
563,177
567,181
571,187
574,192
575,199
575,207
573,214
566,216
558,215
551,214
546,213
540,215
533,214
529,211
527,205
527,199
end box0
403,208
410,196
420,183
431,176
445,176
458,176
469,175
482,176
495,177
506,184
518,197
525,208
526,226
526,245
520,256
498,257
482,256
469,255
458,255
446,255
429,257
409,257
404,244
402,226
end box1
582,180
584,177
586,174
589,173
592,173
602,173
605,174
608,177
611,180
612,184
611,188
609,192
605,192
591,192
587,192
583,191
582,187
581,183
end box2
627,161
630,161
631,161
632,162
632,163
633,164
633,165
633,167
631,167
630,167
628,167
627,167
626,166
626,166
end box3
611,163
615,163
615,163
616,164
616,165
617,166
617,167
617,169
616,169
614,170
613,170
612,170
611,169
610,169
610,168
end box4
607,171
608,171
612,171
614,171
614,172
615,174
615,175
615,177
615,179
613,180
612,180
609,180
607,180
606,179
605,178
end box5
602,176
602,174
604,172
605,171
607,170
614,170
616,171
618,173
619,175
619,178
619,181
618,183
615,184
613,184
606,184
604,183
602,182
602,180
602,178
end box6
677,160
678,159
679,159
680,159
681,160
681,160
682,161
682,162
682,163
682,164
682,165
681,166
680,167
679,167
678,167
677,166
677,165
end box7
end total8boxes
