380,209
389,194
400,181
414,175
430,175
442,174
453,174
465,176
481,175
497,179
510,192
517,208
517,227
516,245
503,256
480,258
466,259
454,261
441,260
430,258
414,258
390,258
379,245
378,228
end box0
111,223
130,213
143,208
154,206
162,206
174,206
181,207
189,206
202,206
218,210
232,222
236,238
229,249
207,253
190,252
181,251
175,253
168,253
161,252
150,254
133,254
110,250
106,240
end box1
506,221
515,209
525,199
537,194
549,194
560,194
569,194
579,195
592,194
605,198
617,208
623,221
625,238
624,254
613,263
595,265
580,264
569,263
560,263
549,263
534,265
515,265
505,254
504,238
end box2
203,220
223,209
238,204
250,201
258,200
266,200
273,199
281,200
292,199
309,199
330,203
340,218
339,236
331,248
308,253
246,255
227,255
201,250
197,239
end box3
340,144
341,142
343,142
346,142
348,142
350,143
351,145
351,156
350,158
349,160
346,161
343,161
341,160
339,157
end box4
1178,190
1179,190
1181,189
1182,190
1183,191
1184,197
1183,198
1182,199
1180,199
1179,199
1178,198
1177,197
end box5
end total6boxes
