504,181
503,176
506,169
511,166
517,166
534,166
540,167
544,170
547,176
549,181
549,188
549,195
547,201
542,204
534,204
528,203
523,203
517,204
511,203
506,200
505,193
506,187
end box0
636,167
637,165
639,164
640,163
651,163
653,165
655,167
655,170
655,173
654,175
650,176
639,176
636,175
635,172
635,170
end box1
704,193
705,190
707,187
709,185
712,183
715,182
718,182
722,183
725,184
727,186
731,189
732,192
732,196
731,201
729,204
726,206
722,208
718,208
715,208
711,207
709,205
706,203
704,200
704,196
end box2
988,141
988,139
989,137
990,136
992,135
994,134
996,134
998,134
1000,135
1002,136
1003,138
1004,140
1004,143
1003,145
1003,148
1001,150
998,151
996,151
993,150
991,149
989,148
988,146
988,144
987,142
end box3
424,189
425,187
426,185
427,183
429,183
437,183
439,184
440,186
441,188
441,191
441,194
440,196
438,198
435,198
427,199
425,197
424,195
424,193
424,191
end box4
163,161
164,159
165,157
166,156
168,156
171,156
173,156
175,156
177,158
178,160
178,162
178,165
178,167
178,170
176,172
173,173
171,173
168,173
166,173
164,171
163,169
163,166
end box5
101,130
105,127
142,127
147,129
147,138
145,141
101,141
100,137
end box6
705,172
706,171
706,171
709,169
710,169
711,170
712,170
712,171
713,172
713,173
713,174
712,176
711,176
710,177
709,177
708,177
707,176
706,176
706,175
706,174
end box7
674,162
675,161
676,161
678,161
679,161
680,162
681,163
681,166
681,168
680,169
679,170
677,170
676,170
675,169
674,168
end box8
428,190
429,189
430,188
436,187
437,188
439,189
440,191
439,192
439,194
439,196
437,197
435,198
432,198
430,198
428,197
428,195
end box9
695,170
696,170
697,171
698,172
698,173
698,174
698,175
698,177
697,178
695,178
694,179
693,178
692,178
691,177
end box10
220,141
222,139
224,138
227,138
229,138
232,139
233,141
234,144
235,146
234,149
234,151
234,154
233,157
230,159
227,159
224,159
221,157
219,156
219,153
end box11
467,37
470,33
474,32
477,33
478,66
474,67
469,65
467,61
end box12
672,170
672,169
677,169
678,170
679,171
680,172
680,173
680,175
680,177
678,177
677,178
674,177
672,177
671,177
671,176
end box13
169,159
173,158
174,159
176,160
176,161
177,163
177,164
177,166
176,168
175,170
173,171
172,171
169,171
168,170
167,169
166,167
end box14
702,173
703,171
704,170
705,169
707,169
709,168
712,169
714,169
715,171
716,172
716,175
716,177
715,179
713,179
711,180
709,180
708,180
706,180
704,179
703,178
702,176
702,174
end box15
702,133
702,131
702,129
702,126
703,123
706,121
709,119
713,120
715,123
715,144
714,150
710,150
706,149
703,145
702,141
702,138
702,136
702,134
end box16
end total17boxes
