20,231
39,208
58,195
83,192
103,193
118,192
131,193
145,194
162,195
186,199
211,211
231,234
242,263
235,283
202,293
168,296
150,299
133,295
119,291
106,287
86,288
55,291
28,278
19,258
end box0
584,192
585,190
588,186
590,183
593,183
608,183
610,185
613,189
615,192
615,197
615,202
615,208
611,208
592,207
587,208
584,207
584,201
584,196
end box1
775,252
803,205
843,169
889,155
933,152
970,156
1003,157
1038,160
1077,166
1128,174
1171,205
1194,253
1202,312
1189,359
1143,385
1088,393
1038,385
1003,376
972,377
936,385
879,401
820,393
781,361
771,313
end box2
606,179
607,177
608,175
609,174
611,174
616,173
618,174
620,174
621,176
622,178
623,181
623,183
622,186
620,187
617,187
611,186
608,186
607,185
606,182
606,180
end box3
622,180
622,177
623,176
625,174
627,174
635,173
637,174
639,177
639,179
639,182
639,185
638,187
636,189
633,189
631,189
628,189
626,189
624,188
622,186
622,184
622,182
end box4
607,188
608,186
609,184
611,184
616,183
618,184
620,185
621,187
622,189
622,192
622,194
622,197
620,199
617,199
610,198
608,197
607,195
end box5
610,174
611,173
614,173
615,173
616,174
616,175
617,176
617,177
617,178
617,180
616,181
614,181
613,181
612,181
611,181
610,180
609,179
end box6
560,175
560,174
561,174
562,173
563,173
564,174
564,175
565,176
565,177
565,178
565,179
565,180
564,181
564,183
562,183
561,183
560,181
559,180
end box7
646,158
647,158
647,159
648,160
648,161
648,162
648,164
647,165
645,165
644,165
643,165
642,165
641,164
end box8
546,161
547,160
548,160
549,160
550,160
551,161
551,162
552,163
552,164
551,165
551,167
551,168
550,168
548,169
547,168
546,167
end box9
526,176
527,175
528,174
529,174
530,174
531,175
532,176
532,177
533,182
532,183
531,184
529,185
528,184
527,183
526,182
end box10
625,160
629,160
629,160
630,161
630,162
630,164
630,165
629,166
628,167
627,167
626,167
625,166
end box11
461,157
464,156
465,157
466,157
467,159
467,163
467,164
466,165
465,166
463,166
462,166
461,165
460,164
end box12
641,143
642,143
643,143
644,143
645,143
646,144
647,145
647,146
647,147
647,148
647,150
646,151
645,152
643,152
642,152
641,151
640,150
639,149
end box13
547,175
547,174
548,174
549,173
550,173
551,174
551,175
552,176
552,177
552,178
552,179
552,180
551,181
551,183
549,183
548,183
547,181
547,180
end box14
658,159
661,158
662,159
663,159
663,160
664,161
663,162
663,163
664,165
663,166
661,166
660,166
659,166
658,165
657,164
end box15
516,158
517,159
518,160
518,165
517,166
516,167
513,166
512,166
end box16
566,160
566,160
567,161
567,162
567,163
567,164
567,165
566,166
565,167
564,167
563,167
562,166
561,165
end box17
727,159
728,158
729,158
730,158
731,159
732,160
733,161
733,163
733,164
733,166
732,167
731,168
729,168
728,168
727,167
726,166
725,165
end box18
591,141
595,141
596,142
596,143
597,148
596,149
595,149
592,149
591,149
590,148
end box19
625,160
629,160
629,160
630,161
630,162
630,164
630,165
629,166
628,167
627,167
626,167
625,166
end box20
end total21boxes
