611,178
612,175
615,173
617,170
619,170
628,170
631,170
633,172
636,175
638,178
638,182
638,186
637,190
633,191
628,190
618,191
614,191
611,189
610,185
611,181
end box0
541,185
543,182
546,179
548,177
551,176
562,176
566,176
568,178
572,182
574,185
574,190
574,195
573,200
568,200
562,199
551,200
545,201
541,200
540,194
540,190
end box1
570,179
570,176
571,175
572,173
574,172
576,172
579,172
581,172
583,173
584,174
586,176
587,178
587,181
587,184
587,187
584,188
582,189
579,188
576,188
574,187
572,186
571,185
570,183
570,181
end box2
526,177
526,176
527,174
528,172
530,171
540,171
542,172
543,175
544,177
543,180
543,183
543,186
540,187
529,188
527,187
526,185
525,182
525,180
end box3
619,176
619,174
620,173
622,171
624,171
632,171
634,172
635,174
637,176
637,179
637,182
636,185
633,186
623,186
620,185
619,184
618,181
618,179
end box4
635,173
635,171
636,170
637,169
638,168
640,168
641,167
643,168
644,168
646,169
647,171
647,173
647,174
647,176
647,178
645,180
643,180
641,180
640,180
638,179
637,179
636,177
635,176
635,174
end box5
587,177
587,175
588,173
590,171
592,171
594,170
598,170
600,171
602,172
603,174
604,176
604,179
604,182
604,185
601,186
598,186
596,186
593,186
591,186
589,185
587,183
587,181
586,179
end box6
639,171
639,170
640,170
641,170
642,170
643,170
644,171
644,172
644,173
644,174
644,175
644,177
644,177
642,178
641,178
640,178
639,177
638,177
end box7
641,165
641,165
645,165
646,165
646,166
647,167
647,168
647,169
647,171
646,172
644,172
643,172
642,172
641,171
640,171
639,170
end box8
669,164
669,162
671,161
672,160
681,160
684,160
685,162
687,164
687,167
687,170
686,173
683,173
673,173
670,173
668,172
668,169
668,167
end box9
575,174
576,173
577,173
578,173
579,173
581,174
582,174
582,176
583,177
583,178
583,180
583,182
582,183
580,183
578,184
577,183
575,183
574,182
574,180
end box10
656,162
656,162
660,162
660,162
661,163
662,164
662,165
662,166
662,168
660,168
659,169
658,169
657,169
656,168
655,168
655,167
end box11
605,178
606,177
606,175
607,174
608,173
610,172
611,171
613,172
615,173
616,174
617,176
617,178
617,179
617,181
616,183
615,184
613,186
612,186
609,187
607,186
606,184
605,183
605,181
605,179
end box12
673,161
673,161
678,160
679,161
680,162
681,163
681,164
681,166
681,168
679,168
678,168
675,168
674,168
672,168
672,166
end box13
564,178
565,175
567,172
569,170
572,170
575,170
578,170
581,170
584,170
586,172
589,175
591,178
591,182
591,186
590,190
586,191
582,191
578,190
575,190
572,190
569,189
566,188
564,185
564,181
end box14
591,173
592,173
593,172
594,172
595,172
596,173
597,174
598,175
599,176
599,177
599,179
599,181
597,181
596,182
594,182
593,182
592,181
590,180
590,179
end box15
635,168
636,166
637,165
639,164
640,163
647,163
649,164
650,165
651,167
652,170
652,173
651,175
648,175
646,176
643,175
642,175
640,175
637,175
636,174
635,172
635,170
end box16
723,124
727,122
730,120
733,120
737,120
741,122
744,125
747,133
747,136
747,141
747,147
744,150
739,152
734,152
730,152
725,150
721,148
718,146
719,136
end box17
720,159
721,157
722,155
723,154
725,153
732,153
734,153
737,154
738,157
739,159
739,162
739,165
738,168
736,169
733,170
724,170
722,169
721,167
720,164
720,162
end box18
559,160
559,160
563,160
563,160
564,161
565,162
565,163
565,164
565,166
564,167
562,167
561,167
560,167
559,166
558,166
558,165
end box19
636,179
638,176
642,175
644,177
646,182
646,208
642,207
637,206
635,202
end box20
end total21boxes
