489,189
493,184
499,179
504,176
510,175
525,176
531,176
537,178
544,183
549,188
550,197
549,206
543,210
532,210
525,209
509,210
502,211
493,210
488,205
488,197
end box0
578,178
579,175
582,173
584,170
586,170
595,170
598,170
600,172
603,175
605,178
605,182
605,186
603,189
600,191
595,190
585,191
581,190
579,189
577,185
578,181
end box1
586,179
586,177
587,176
589,174
591,174
597,173
599,174
601,175
602,177
603,179
603,182
603,185
603,188
600,189
597,189
592,188
590,189
587,188
586,187
585,184
585,182
end box2
602,179
602,177
604,175
605,174
607,174
612,173
614,174
616,175
617,176
619,178
619,181
619,184
618,186
616,187
613,187
609,186
606,187
604,187
602,185
602,183
602,181
end box3
607,175
608,174
609,174
610,174
611,174
612,175
613,175
613,176
614,177
614,178
614,179
614,181
613,182
611,182
610,182
609,182
608,182
607,181
606,180
end box4
338,188
340,182
344,176
351,174
357,174
372,174
379,173
385,176
388,182
392,188
393,196
393,203
388,209
380,210
373,210
367,209
362,210
356,210
350,210
343,208
338,203
338,195
end box5
623,176
623,176
624,175
625,175
626,175
627,176
627,176
628,177
628,178
628,179
628,180
628,182
628,182
626,183
625,184
624,183
623,182
622,181
end box6
971,24
977,20
982,20
988,24
1002,47
1001,53
1000,61
982,72
977,70
962,66
960,60
959,47
end box7
500,159
501,160
502,162
502,165
502,166
500,167
495,167
end box8
511,156
512,156
515,155
516,156
516,166
515,167
512,167
510,166
end box9
end total10boxes
