402,207
402,199
404,190
411,187
420,188
427,189
434,189
440,189
447,189
453,193
457,200
461,207
462,216
463,225
459,231
449,233
441,234
434,233
427,232
421,232
414,231
406,228
403,223
403,214
end box0
485,192
487,189
491,186
494,183
497,183
508,183
512,183
515,185
519,188
522,192
522,197
523,203
520,208
514,208
508,207
496,207
492,208
487,207
484,202
484,197
end box1
-10,256
9,219
41,190
76,179
113,179
142,185
168,187
196,185
227,188
259,199
291,225
315,259
329,306
322,345
289,370
240,374
199,367
168,359
144,358
115,362
73,372
27,367
-7,343
-14,304
end box2
522,190
523,187
525,184
527,182
530,182
539,182
542,182
544,184
548,187
549,190
550,194
550,198
548,202
544,203
539,202
530,202
526,202
523,201
521,197
521,193
end box3
523,190
524,188
525,187
526,185
529,185
535,184
537,185
539,186
540,188
542,190
542,193
542,196
541,199
539,200
535,200
530,200
528,200
525,199
523,198
523,195
523,193
end box4
671,200
677,192
684,184
691,179
700,178
709,177
716,177
725,177
735,177
744,181
754,189
756,199
756,212
755,224
750,233
738,236
726,234
716,233
708,233
699,234
688,236
676,233
670,224
670,212
end box5
510,191
510,189
511,188
513,187
515,186
517,186
519,186
520,187
521,189
522,191
523,193
523,195
523,197
523,199
522,202
520,203
517,202
514,202
513,201
511,199
510,198
end box6
463,187
464,186
465,185
466,185
468,185
469,186
469,188
469,189
470,190
470,191
470,192
470,194
469,196
468,197
467,198
465,197
463,196
463,194
end box7
477,190
477,189
478,188
479,188
480,188
481,189
482,190
482,191
482,192
482,193
482,194
482,195
482,197
481,198
479,199
478,198
477,197
476,195
end box8
459,190
460,189
461,188
462,186
464,184
466,184
468,185
469,187
470,188
471,190
472,192
472,194
472,196
471,198
470,200
469,202
466,203
463,202
461,200
460,198
460,196
459,195
459,193
end box9
479,158
480,157
481,157
483,156
484,157
485,158
486,159
486,164
485,165
484,166
482,166
481,166
480,165
479,164
end box10
545,173
546,173
547,173
548,173
549,173
550,174
550,175
551,176
551,177
551,178
551,180
550,181
549,182
547,182
546,182
545,181
544,180
end box11
556,175
557,174
558,174
559,174
560,174
561,175
561,176
562,177
562,178
561,179
561,181
561,182
560,182
558,183
557,182
556,182
555,180
end box12
495,161
499,161
500,162
501,163
501,164
501,166
501,168
500,169
499,170
497,170
496,170
495,169
494,168
end box13
466,159
467,158
471,158
472,159
472,160
473,165
472,166
471,167
469,167
468,166
467,166
466,165
end box14
545,190
546,189
547,187
548,187
550,187
550,189
551,190
551,191
552,192
552,193
552,194
552,196
551,197
550,199
549,200
547,199
546,197
545,196
end box15
624,177
624,176
625,176
626,176
627,176
628,176
629,177
629,178
630,179
630,180
630,181
629,183
629,184
627,184
626,185
625,184
624,184
623,183
623,182
end box16
556,188
557,187
558,187
559,187
560,188
561,189
561,190
561,193
561,194
560,195
560,197
558,198
557,197
556,196
555,194
end box17
645,162
646,162
646,163
647,164
647,166
647,168
646,169
644,169
643,169
642,169
641,168
640,167
end box18
658,178
663,177
664,178
665,179
665,180
666,181
665,183
665,184
664,185
663,186
661,186
660,186
659,185
658,184
end box19
494,171
497,170
498,170
499,171
499,172
500,173
500,174
500,175
500,177
499,178
498,178
495,178
494,178
493,177
end box20
463,145
464,144
468,144
469,145
470,146
470,151
469,152
468,153
466,153
465,153
464,152
463,151
end box21
632,162
633,162
633,163
634,164
634,165
634,166
634,168
633,169
631,169
630,169
629,169
628,169
627,168
end box22
544,164
545,164
546,164
548,164
548,164
549,165
549,166
549,169
549,171
547,171
546,171
545,171
544,170
end box23
end total24boxes
