200,212
205,205
212,200
218,198
225,198
230,198
235,198
240,198
247,198
253,200
258,206
265,212
269,222
268,231
260,234
247,234
241,234
235,233
230,233
225,233
219,233
207,233
200,229
199,221
end box0
3,234
2,225
7,220
16,220
23,219
30,219
36,222
42,225
46,230
48,236
50,241
50,248
51,255
50,264
46,269
38,270
30,270
23,270
15,270
8,268
6,262
end box1
414,188
417,185
420,183
423,182
435,182
438,183
443,185
447,187
449,192
448,197
443,199
438,199
434,199
422,199
417,199
413,196
412,192
end box2
571,176
571,175
573,173
574,172
576,171
584,171
586,172
587,174
588,176
588,179
588,182
587,184
584,185
575,185
573,185
571,183
571,181
571,179
end box3
370,190
372,186
374,183
377,182
380,182
392,182
395,184
398,186
400,190
401,194
401,199
399,202
394,203
390,203
380,203
376,202
372,201
370,197
370,193
end box4
100,223
108,215
117,212
125,211
130,210
135,211
144,211
150,210
157,211
165,216
176,223
180,233
176,241
163,244
151,243
145,244
140,243
135,245
130,244
124,243
112,243
100,241
98,233
end box5
375,192
375,190
377,188
378,187
380,186
389,187
391,188
393,190
394,192
394,195
394,198
393,201
391,202
387,202
380,202
377,202
375,200
375,197
375,195
end box6
561,175
561,175
562,174
564,174
565,174
566,175
566,176
567,177
567,178
567,179
567,181
566,182
564,182
563,182
562,182
561,182
560,181
end box7
279,200
279,198
280,196
281,195
283,195
288,195
290,195
291,196
293,198
294,199
295,202
295,204
294,207
291,208
289,208
287,207
285,207
282,208
280,207
279,206
278,204
278,202
end box8
79,227
86,221
92,217
98,216
102,215
107,215
110,215
114,216
120,215
127,216
134,219
141,226
144,235
142,243
132,245
122,246
116,246
111,246
106,247
101,246
95,246
85,246
76,242
75,235
end box9
256,199
257,195
260,193
264,192
277,192
280,193
284,195
287,199
288,203
288,208
284,210
279,211
275,211
259,209
256,207
255,203
end box10
575,173
580,172
581,173
582,174
583,175
583,176
582,178
582,179
581,180
580,180
577,181
576,180
575,179
574,178
end box11
611,177
611,177
612,176
614,176
615,177
616,177
616,178
617,179
617,180
617,181
617,183
616,184
614,184
613,184
612,184
611,184
610,183
610,182
end box12
310,194
311,192
312,191
314,189
315,189
322,189
324,190
325,191
326,193
327,196
327,198
326,201
323,201
321,201
314,202
312,202
310,200
310,198
310,196
end box13
393,193
393,191
394,190
395,188
398,188
406,188
408,189
410,191
411,193
411,196
411,199
410,202
408,203
404,203
397,203
394,202
393,201
392,198
392,196
end box14
643,176
643,176
644,175
645,175
646,175
647,176
647,176
648,177
648,178
648,179
648,180
648,181
647,182
646,183
645,183
644,183
643,182
642,181
642,181
end box15
907,140
908,136
911,134
922,134
930,134
934,135
935,139
937,148
936,152
935,157
931,159
926,160
922,160
919,160
911,157
908,155
907,151
end box16
657,175
658,174
659,174
660,174
661,175
662,175
662,176
663,177
663,178
662,179
662,181
662,181
660,182
659,182
658,182
657,181
656,180
end box17
577,155
578,155
581,155
582,156
583,162
582,163
581,163
579,164
578,163
577,163
end box18
end total19boxes
