578,176
578,176
579,175
580,175
581,175
582,176
583,176
583,177
584,178
584,179
584,180
584,182
583,182
581,183
580,183
579,183
578,182
577,182
577,181
end box0
561,176
561,176
562,175
563,175
564,175
565,176
566,176
566,177
567,178
567,179
567,180
567,182
566,183
564,183
563,183
562,183
561,183
560,182
559,181
end box1
544,178
546,176
546,176
550,176
551,176
551,177
552,178
552,179
552,180
552,182
551,182
549,183
548,183
547,182
546,182
545,182
544,181
544,180
544,179
end box2
593,175
593,175
594,174
595,174
596,174
597,175
597,175
598,176
598,177
599,178
598,179
598,181
598,181
596,182
595,182
594,182
593,181
592,180
592,180
end box3
528,176
529,176
529,176
530,176
531,176
531,176
532,176
533,177
533,178
533,179
533,180
533,181
532,182
531,182
530,183
529,182
528,182
527,181
527,181
end box4
641,176
641,176
642,176
643,175
644,175
645,176
645,176
646,177
646,178
646,179
646,180
646,181
645,182
644,183
643,183
642,183
641,182
640,181
640,181
end box5
540,179
540,177
542,175
544,174
545,174
552,174
554,175
556,176
557,178
558,181
558,184
556,186
553,186
550,186
545,186
542,186
540,186
539,183
539,181
end box6
997,224
997,217
998,210
1001,202
1006,192
1014,177
1023,176
1032,189
1038,200
1040,210
1040,218
1040,224
1040,229
1038,235
1036,241
1035,249
1033,262
1025,279
1011,281
1003,266
1002,249
1000,241
998,235
997,229
end box7
626,175
627,175
627,175
628,174
629,174
630,175
630,175
631,176
631,177
631,178
631,179
631,180
630,181
629,182
628,182
627,182
626,181
626,180
625,179
end box8
466,171
467,170
468,170
469,170
470,170
471,171
471,172
471,176
471,177
469,178
468,178
467,178
466,177
465,176
end box9
739,194
740,193
741,192
742,192
744,192
745,193
746,194
747,195
748,197
747,198
747,200
747,202
746,203
744,204
743,205
741,204
739,203
738,202
737,201
end box10
676,180
676,180
677,179
678,179
679,179
680,180
681,180
681,181
682,182
682,183
681,184
681,185
681,187
679,187
678,188
677,187
676,187
675,185
675,185
end box11
735,196
736,194
737,193
739,192
741,191
743,191
745,191
747,192
749,193
750,195
750,197
751,200
751,202
750,205
748,207
746,208
743,208
740,208
738,207
736,206
735,204
734,199
end box12
679,185
680,184
681,184
683,184
684,185
684,187
685,188
685,193
684,194
683,196
682,197
680,196
679,194
678,193
end box13
689,189
690,189
691,187
692,187
694,187
695,188
695,190
696,191
696,196
695,197
694,199
692,199
691,199
690,197
689,196
end box14
465,166
466,165
467,165
468,165
469,166
469,166
470,167
470,168
470,169
470,170
470,171
470,173
469,173
467,174
466,173
465,172
end box15
656,128
657,128
658,128
659,128
660,128
661,129
661,130
661,134
661,136
660,136
658,137
657,137
656,136
end box16
478,173
479,172
480,172
481,172
482,173
482,173
483,174
483,175
483,176
483,177
483,178
482,179
481,180
480,180
479,180
478,179
477,178
end box17
633,158
634,158
634,159
635,164
634,165
632,165
631,165
630,165
629,164
end box18
594,129
595,128
596,128
597,128
598,128
598,129
598,135
598,136
596,137
595,136
594,135
end box19
end total20boxes
