572,178
572,176
573,175
574,173
576,173
578,172
579,171
581,172
583,173
585,174
586,176
587,177
587,180
587,182
586,185
584,186
582,187
580,187
577,187
575,186
573,185
572,184
572,181
572,179
end box0
558,175
559,173
560,171
561,170
563,170
570,170
572,170
574,172
575,174
576,177
576,180
574,182
571,183
569,183
564,183
562,183
560,183
558,181
557,179
557,177
end box1
561,172
562,171
563,171
564,171
565,170
566,171
567,172
568,173
569,174
569,175
568,177
568,178
567,179
566,180
564,180
563,180
562,179
561,178
560,177
end box2
135,228
136,223
136,217
138,210
141,197
148,178
157,179
165,196
168,209
169,217
170,223
171,228
171,233
170,238
168,243
170,256
170,276
161,282
145,283
136,274
138,250
139,241
136,237
136,233
end box3
9,205
8,200
8,193
10,185
13,173
20,160
29,167
37,178
42,186
43,193
44,200
44,205
44,210
43,215
41,220
40,227
37,238
30,250
19,256
11,245
10,229
9,220
8,215
9,210
end box4
395,192
395,189
395,186
395,181
398,175
403,165
408,160
413,170
416,177
417,183
417,188
417,192
417,195
416,198
415,202
414,207
413,217
409,227
401,225
398,210
398,203
397,199
396,197
395,195
end box5
640,172
641,170
642,168
644,167
645,168
646,171
647,172
647,179
646,181
646,184
644,186
641,185
640,181
end box6
692,177
692,176
693,175
694,175
695,175
696,176
697,177
697,178
697,179
697,180
697,181
697,182
697,184
696,185
694,186
693,185
692,184
691,182
end box7
430,178
430,177
431,175
433,172
435,171
437,173
438,175
439,177
439,179
440,181
440,182
440,184
439,186
439,189
438,192
435,193
432,193
430,190
429,187
429,185
end box8
627,171
627,169
628,165
630,161
634,159
636,162
637,166
638,169
638,172
638,174
638,175
638,177
638,179
638,183
637,190
634,192
629,190
628,185
627,180
end box9
592,176
592,175
593,174
594,174
595,174
596,175
597,176
597,177
597,178
597,179
597,180
597,181
597,183
596,184
594,185
593,184
592,183
591,181
end box10
516,143
517,142
524,142
525,143
525,150
524,151
517,151
516,150
515,149
end box11
500,154
501,155
502,156
503,157
503,160
503,161
501,162
496,162
495,161
end box12
517,129
518,128
522,127
523,128
524,129
525,137
524,138
522,139
519,139
517,138
516,137
end box13
514,157
518,157
519,158
520,159
520,164
519,165
518,166
515,166
514,165
513,164
end box14
514,138
515,137
516,135
525,135
526,137
527,148
526,151
524,152
516,151
514,149
end box15
725,139
730,139
731,140
732,141
732,143
732,146
732,148
731,149
729,150
726,150
724,149
723,148
end box16
610,144
611,144
613,144
614,144
615,145
615,146
616,147
616,151
615,152
614,153
612,153
611,153
610,152
end box17
608,158
609,157
610,157
611,157
612,157
613,158
613,159
613,163
613,165
612,165
610,166
609,165
608,165
end box18
1141,271
1142,259
1144,246
1147,231
1160,225
1175,222
1189,221
1202,228
1215,232
1218,248
1220,260
1221,271
1224,283
1227,297
1227,314
1221,328
1206,335
1190,335
1173,334
1159,331
1145,324
1137,313
1139,296
1139,283
end box19
672,156
673,156
674,156
675,156
676,156
677,157
677,164
676,165
674,165
673,165
672,164
end box20
548,144
549,144
551,144
552,144
553,145
553,150
553,152
552,152
550,153
549,152
548,152
end box21
608,158
609,157
610,157
611,157
612,157
613,158
613,159
613,163
613,165
612,165
610,166
609,165
608,165
end box22
end total23boxes
