508,186
510,182
515,177
519,175
524,174
528,174
533,174
537,175
542,175
547,177
552,182
555,186
556,193
556,200
552,205
544,205
537,204
528,204
523,205
516,206
510,205
507,200
508,193
end box0
583,179
584,176
586,173
589,170
592,169
603,169
608,169
610,172
613,176
614,179
614,184
614,189
613,194
610,196
591,195
586,195
583,193
583,188
583,183
end box1
567,177
567,175
569,173
570,172
572,171
582,170
585,171
587,174
587,177
586,180
586,183
585,186
582,187
577,187
574,188
571,189
568,188
566,186
566,183
566,180
end box2
606,179
606,177
606,175
608,173
610,173
615,172
618,173
619,174
620,176
621,178
621,181
622,183
621,186
619,188
616,188
614,188
612,187
610,187
607,186
606,184
605,180
end box3
530,189
531,185
533,182
536,179
539,179
543,179
546,179
549,179
553,180
555,182
558,185
560,188
561,193
561,198
560,202
556,204
550,204
546,202
543,202
539,202
535,202
532,200
531,196
531,192
end box4
612,173
613,173
614,172
615,172
616,173
617,173
618,174
619,175
619,176
619,177
619,179
619,180
618,181
617,182
615,182
614,182
613,181
612,180
end box5
622,176
623,176
627,175
628,176
628,177
629,178
629,179
629,180
629,182
628,183
627,183
625,184
624,183
623,183
622,182
621,181
end box6
560,177
560,177
561,177
562,176
563,177
563,177
564,177
565,178
565,179
565,180
565,181
565,182
564,183
563,183
562,184
561,183
560,183
560,182
end box7
608,158
609,157
611,157
612,158
613,158
613,159
613,160
613,161
613,162
612,163
611,163
610,163
609,163
608,163
608,162
end box8
597,161
597,162
598,163
598,164
598,165
598,167
597,167
592,167
591,167
590,166
end box9
532,179
533,176
535,173
537,171
540,171
543,171
546,171
548,171
552,171
554,173
557,176
559,179
559,183
559,187
557,191
554,192
549,191
540,190
537,190
534,189
532,186
532,182
end box10
973,24
978,20
983,20
989,24
1003,47
1001,61
983,72
978,70
963,66
962,60
960,47
end box11
641,177
641,177
642,176
643,176
644,176
645,176
646,177
646,178
647,179
647,180
647,181
647,183
646,184
644,184
643,185
642,184
641,184
640,183
end box12
511,158
512,158
514,157
515,158
516,159
516,166
515,167
513,167
512,167
511,166
end box13
end total14boxes
