864,278
896,241
926,210
959,195
994,193
1023,192
1051,190
1083,187
1121,190
1167,198
1203,227
1217,273
1219,323
1211,363
1175,391
1122,394
1082,391
1050,382
1024,381
992,391
950,398
900,387
857,365
849,327
end box0
755,216
774,194
797,172
816,158
839,156
862,157
883,154
908,151
933,157
960,164
985,185
987,214
990,248
985,279
967,301
937,306
908,305
883,297
861,296
837,303
802,313
767,306
749,285
748,251
end box1
345,193
349,190
354,188
358,187
371,187
375,187
382,189
387,193
390,199
388,205
381,207
373,206
360,206
356,206
347,208
342,205
341,199
end box2
444,187
447,182
452,177
456,175
461,176
479,175
484,177
489,181
493,186
495,194
494,201
488,204
481,205
474,204
470,204
465,205
460,206
453,206
446,205
442,201
442,193
end box3
384,179
386,172
389,166
396,164
403,164
408,164
418,165
425,164
431,167
433,173
436,180
438,187
437,194
434,199
425,201
419,202
413,202
408,202
402,203
395,202
388,199
385,194
385,186
end box4
531,172
538,166
545,162
551,162
572,161
579,162
586,165
594,171
598,180
596,187
583,189
573,189
568,188
555,189
549,190
539,190
527,188
527,180
end box5
723,178
725,173
730,169
735,167
740,167
744,167
747,167
751,168
757,167
761,168
766,173
769,178
771,184
770,191
765,195
758,196
752,194
747,194
743,195
738,196
732,196
727,195
722,190
722,184
end box6
304,191
304,187
306,183
309,181
313,181
323,182
327,182
330,184
333,187
334,191
335,195
335,200
333,204
329,205
324,205
320,205
317,205
313,205
310,204
306,202
305,198
305,194
end box7
721,180
721,178
722,176
723,175
725,174
727,173
731,173
733,174
735,175
736,177
736,179
736,182
736,184
735,187
733,188
731,189
729,189
726,189
724,190
722,188
721,186
720,184
721,181
end box8
769,176
769,174
771,172
772,171
774,170
776,169
780,169
782,170
784,170
785,173
786,175
786,178
786,180
785,183
783,184
780,185
778,185
775,185
773,185
771,184
769,182
769,180
769,178
end box9
498,195
501,192
503,190
506,189
508,189
517,189
520,190
523,192
526,195
528,199
528,203
524,206
519,206
515,205
507,206
504,205
500,205
497,203
497,199
end box10
329,196
329,194
330,193
331,191
332,191
334,190
335,190
337,190
339,191
340,192
341,194
342,196
342,198
342,200
342,202
340,203
338,204
336,204
333,204
331,204
330,203
329,201
329,199
328,197
end box11
506,194
506,193
508,191
509,190
511,189
518,189
520,190
522,192
523,194
524,197
523,200
522,202
520,203
517,203
512,203
510,203
508,203
506,202
505,199
505,197
end box12
730,177
731,174
734,171
736,169
739,169
751,169
755,170
758,173
759,177
759,181
759,185
757,189
753,190
738,190
734,189
731,188
729,185
729,181
end box13
756,147
757,146
759,146
761,147
762,147
762,148
763,155
762,156
760,157
758,157
757,157
755,156
end box14
757,154
758,154
760,154
761,154
762,155
762,156
763,161
762,162
761,162
759,163
758,162
757,162
end box15
706,157
710,157
711,157
712,159
712,164
712,166
710,166
708,167
707,166
705,166
end box16
729,157
730,158
731,159
731,164
730,165
729,166
726,166
725,165
724,164
end box17
597,174
598,174
599,173
600,174
601,174
602,175
602,180
602,182
601,183
599,183
598,183
597,182
end box18
729,147
730,148
731,149
732,150
732,153
731,154
730,156
729,156
726,156
724,155
724,154
end box19
600,90
601,89
602,89
604,89
605,90
606,91
606,100
604,101
603,102
601,101
599,100
end box20
end total21boxes
