-4,220
22,199
46,188
71,187
87,188
100,191
110,193
122,193
135,193
154,195
178,206
208,223
226,253
219,269
180,279
149,281
128,276
66,275
36,277
0,266
-10,249
end box0
456,196
455,189
457,182
462,178
470,179
477,178
482,178
488,179
494,181
499,185
502,191
505,196
506,204
506,211
504,219
499,222
490,222
483,220
477,219
471,220
464,219
460,215
458,209
458,202
end box1
962,281
992,252
1017,232
1044,222
1068,221
1089,218
1110,215
1135,211
1165,212
1207,213
1229,236
1241,275
1244,315
1233,345
1200,368
1163,371
1135,373
1110,369
1088,367
1064,371
1033,374
990,367
956,350
948,320
end box2
389,210
393,201
400,193
407,189
417,189
425,190
432,190
440,190
448,191
453,196
461,204
468,210
472,222
472,234
467,243
454,245
442,243
432,241
425,241
417,242
406,242
395,241
391,232
389,221
end box3
497,194
497,190
498,185
500,182
505,182
509,182
512,182
516,183
520,183
522,186
525,190
526,193
526,198
526,202
526,208
523,211
517,210
512,209
505,209
501,208
499,205
498,201
498,197
end box4
465,210
465,206
467,201
470,198
475,198
480,199
483,199
487,199
491,201
493,204
497,207
499,210
499,215
500,220
498,226
495,228
489,229
484,227
480,226
476,226
473,224
end box5
520,181
520,179
521,178
523,176
525,176
532,176
535,177
536,179
537,181
538,184
538,187
537,190
534,190
531,191
524,190
522,190
520,188
519,186
519,184
end box6
447,202
447,195
453,192
460,192
466,191
471,192
476,193
482,194
486,198
489,204
492,208
493,215
493,222
491,229
486,232
479,233
472,232
466,231
461,230
end box7
674,187
675,183
678,180
681,178
685,177
696,176
701,176
705,178
708,182
709,187
708,192
707,197
705,201
701,203
684,204
679,203
676,201
674,196
674,192
end box8
589,180
589,178
591,177
592,176
594,175
602,175
604,176
606,178
607,180
607,183
607,186
606,188
603,189
593,190
590,189
588,188
588,185
588,183
end box9
540,180
540,178
541,177
543,175
545,175
550,174
553,175
554,176
556,178
557,180
558,183
558,186
557,189
554,190
551,190
544,189
542,189
540,187
540,185
539,183
end box10
604,181
604,179
605,178
607,177
609,177
616,176
619,177
620,179
622,181
622,184
622,187
621,190
618,190
615,190
608,190
606,190
604,189
603,186
603,184
end box11
746,217
751,204
762,191
776,186
790,185
802,186
813,185
825,185
840,185
853,191
866,203
872,217
872,235
871,253
862,265
842,267
825,265
789,265
772,267
754,266
745,253
744,235
end box12
530,181
532,178
535,175
538,174
541,174
551,174
554,175
558,177
561,180
562,185
562,190
558,193
554,194
549,193
540,193
536,193
532,192
530,189
530,185
end box13
560,176
561,175
562,175
563,175
564,175
565,175
566,176
567,177
567,178
567,179
567,180
567,182
566,183
565,184
563,184
562,184
561,183
560,182
end box14
528,146
529,146
533,146
535,146
535,147
536,149
536,150
536,152
536,154
535,155
533,155
531,155
530,155
528,155
527,154
end box15
543,161
544,161
545,161
546,161
546,161
547,161
548,162
548,163
548,164
548,165
548,166
547,167
546,168
545,168
544,168
543,167
end box16
534,157
535,158
535,163
534,164
529,164
528,163
end box17
578,158
579,158
581,158
582,158
582,158
583,159
583,163
582,164
581,165
580,165
579,165
578,164
end box18
end total19boxes
