691,201
705,188
718,180
733,177
745,176
754,176
763,175
773,175
785,174
802,177
817,185
826,201
826,218
822,233
805,241
784,241
772,241
763,242
754,244
743,244
730,244
707,244
690,235
687,220
end box0
441,192
444,186
448,182
454,181
459,181
463,181
466,181
470,181
475,181
480,183
483,187
488,192
491,199
490,205
484,209
477,210
471,210
467,209
463,210
458,209
453,209
447,207
442,204
441,198
end box1
969,245
984,211
998,182
1022,160
1053,149
1085,137
1121,128
1162,120
1202,128
1227,157
1232,202
1241,240
1243,282
1240,323
1232,367
1213,405
1166,404
1120,389
1083,381
1044,385
1005,379
980,351
967,319
963,282
end box2
546,177
547,176
547,173
548,169
550,164
554,161
557,164
558,170
559,174
559,177
558,179
558,180
558,182
557,184
557,188
557,195
554,199
549,198
548,190
547,185
547,183
end box3
384,161
384,160
385,159
388,159
389,159
390,160
391,161
391,162
391,163
391,164
391,166
390,167
389,167
387,168
386,168
385,167
384,166
383,165
end box4
end total5boxes
