605,177
606,175
607,174
609,172
610,172
617,172
619,173
620,174
622,176
622,179
622,181
621,184
618,184
609,185
607,185
605,183
605,181
605,179
end box0
607,177
608,176
608,175
609,174
610,174
614,174
616,174
617,175
617,177
617,178
617,180
617,182
615,182
614,182
611,182
609,182
608,182
607,181
607,179
607,178
end box1
572,178
572,177
572,176
573,176
578,175
579,176
580,177
581,178
581,179
581,181
581,183
579,183
577,183
576,183
575,183
573,183
572,183
571,182
572,180
571,179
end box2
1064,164
1071,161
1101,161
1109,164
1113,171
1108,175
1063,175
1060,171
end box3
562,177
562,177
563,176
563,176
567,176
568,176
569,177
569,178
569,179
569,181
569,182
568,183
566,183
565,183
564,183
563,183
562,182
561,181
561,180
561,179
end box4
635,182
636,181
638,179
639,178
648,178
650,178
653,180
654,182
654,185
654,188
652,190
649,191
640,191
637,191
635,190
635,187
634,185
end box5
593,175
597,175
598,175
598,176
599,177
599,178
599,179
599,181
598,181
596,182
595,182
594,181
593,181
592,181
591,180
591,178
end box6
567,178
568,176
569,175
571,173
572,173
579,173
581,174
582,175
583,177
584,180
584,182
583,185
580,185
577,185
571,186
569,185
567,184
567,182
567,180
end box7
949,165
951,163
951,163
955,163
956,163
956,164
957,165
957,166
957,167
957,169
956,169
954,170
953,170
952,170
951,169
950,169
949,168
950,167
949,166
end box8
626,175
626,175
627,174
628,174
629,174
630,175
630,175
631,176
631,177
631,178
631,179
631,180
630,181
629,182
628,182
627,182
626,181
625,180
625,180
end box9
559,178
560,176
562,175
563,173
564,173
571,173
573,174
574,175
576,177
576,180
576,182
575,185
572,185
569,185
566,185
563,185
561,185
559,184
559,182
559,180
end box10
546,179
546,179
550,179
550,179
551,180
552,181
552,182
552,183
552,185
551,185
549,186
548,186
547,186
546,185
545,185
544,184
end box11
970,162
971,162
971,162
972,162
973,162
973,162
974,162
975,163
975,164
975,165
975,166
975,167
974,168
973,169
972,169
971,169
970,168
969,167
969,167
end box12
506,195
506,193
508,191
510,190
518,190
520,191
522,192
523,194
524,197
523,200
522,202
519,202
511,202
508,202
506,201
505,199
505,197
end box13
639,180
639,179
640,178
645,177
646,178
647,179
647,180
648,181
647,183
647,184
646,185
644,185
642,185
641,185
640,184
639,183
639,182
639,181
end box14
410,209
416,205
422,204
449,206
456,209
458,215
455,219
412,219
409,215
end box15
512,190
517,187
521,185
537,186
543,187
548,190
550,194
547,198
541,200
513,198
511,194
end box16
271,212
271,209
271,205
272,200
274,194
279,187
284,187
289,193
293,199
293,205
293,209
293,212
293,215
292,218
291,221
291,227
289,234
285,241
278,241
273,235
273,225
273,221
272,218
272,215
end box17
389,185
390,182
402,183
402,186
402,203
400,205
389,205
388,201
end box18
533,161
537,161
538,161
538,162
538,167
538,168
536,168
535,168
534,168
533,167
532,166
end box19
1094,111
1095,111
1096,110
1097,110
1098,110
1099,111
1100,112
1101,113
1101,114
1101,115
1101,117
1101,118
1100,119
1099,120
1097,121
1096,120
1095,119
1094,118
1093,117
end box20
654,156
658,156
659,156
659,157
660,158
660,159
659,160
659,161
659,162
657,163
656,163
655,163
654,162
653,161
end box21
1017,159
1018,158
1018,158
1019,158
1020,158
1020,158
1021,159
1021,159
1022,160
1022,161
1021,162
1022,163
1021,164
1020,164
1019,165
1018,164
1017,164
1017,163
end box22
1097,127
1100,126
1102,127
1102,128
1103,134
1102,135
1101,136
1099,137
1098,136
1096,136
end box23
446,189
447,188
449,188
450,188
451,189
451,196
449,196
448,196
447,196
446,196
end box24
1002,141
1003,141
1003,142
1004,143
1004,144
1004,145
1004,147
1003,148
1001,148
1000,148
999,148
998,147
end box25
632,109
633,108
634,108
635,108
636,109
637,110
636,117
636,118
634,119
633,118
632,117
end box26
end total27boxes
