545,173
545,171
548,169
549,167
551,167
561,167
563,168
565,170
567,173
567,176
567,180
566,184
562,184
550,184
547,184
544,183
544,179
544,176
end box0
530,175
530,173
532,172
533,170
534,170
536,170
539,170
541,170
543,171
544,173
545,174
545,177
545,179
544,181
542,182
539,182
537,182
536,182
533,183
531,182
530,181
530,178
530,176
end box1
482,174
483,172
484,171
486,170
487,169
494,169
496,170
497,171
499,173
499,176
499,179
498,181
495,181
492,181
487,181
484,181
482,180
482,178
482,176
end box2
485,174
486,173
486,172
486,172
487,172
491,172
492,172
493,173
493,174
493,175
493,177
493,178
492,179
490,179
489,179
488,179
487,179
486,178
485,177
485,176
485,175
end box3
515,176
515,174
516,172
517,171
519,171
521,170
522,170
524,170
526,171
528,172
529,173
530,175
530,178
530,180
530,183
527,184
525,184
523,184
520,184
518,184
516,184
515,182
514,180
514,178
end box4
631,163
633,161
637,161
638,161
639,162
639,163
640,164
639,166
639,167
638,168
636,168
634,168
633,168
632,167
631,166
631,165
end box5
617,160
617,160
618,159
619,159
620,159
621,160
622,160
622,161
623,162
623,163
623,164
623,166
622,166
620,167
619,167
618,167
617,166
616,166
616,165
end box6
533,173
534,172
534,172
535,171
535,171
536,170
537,170
538,170
539,171
540,171
540,172
541,173
541,174
541,175
541,177
540,177
538,178
537,178
536,178
535,178
534,177
533,176
533,175
533,174
end box7
570,170
571,169
572,169
573,169
574,169
575,169
576,170
576,171
577,172
577,173
577,174
577,176
576,177
574,177
573,177
572,177
571,176
570,176
end box8
346,188
347,185
350,183
352,181
355,181
357,181
362,181
366,181
368,182
371,185
373,188
374,192
374,196
373,200
368,201
363,200
354,201
350,201
346,199
345,195
345,191
end box9
422,187
422,185
423,184
424,183
425,182
427,182
428,182
430,182
431,183
433,183
434,185
435,187
435,189
435,191
435,193
432,194
430,194
428,194
427,194
425,194
423,193
421,192
421,190
421,188
end box10
475,172
475,172
476,171
477,171
478,171
479,172
480,172
480,173
480,174
480,175
480,176
480,178
479,178
478,179
477,179
476,179
475,178
474,177
end box11
451,181
452,179
454,178
456,177
465,177
468,177
470,179
472,181
473,184
473,188
471,190
467,190
457,190
454,191
451,190
450,187
450,184
end box12
470,177
470,175
471,174
472,173
473,172
475,172
476,171
478,172
480,172
481,173
482,175
483,177
483,178
483,181
482,183
481,184
479,185
476,184
475,184
473,184
471,183
470,182
470,180
470,178
end box13
711,126
712,125
717,125
718,126
719,134
718,135
716,135
713,135
711,135
710,134
end box14
704,141
705,142
706,143
706,148
705,149
704,149
701,149
700,149
699,148
end box15
503,171
504,170
505,170
506,170
507,170
508,170
509,171
510,172
510,173
510,174
510,175
510,177
509,178
508,178
506,179
505,179
504,178
503,177
502,176
end box16
425,173
426,172
427,172
428,172
429,173
430,173
430,174
431,175
431,176
431,177
431,179
430,180
428,180
427,180
426,180
425,179
424,179
end box17
508,160
509,161
510,161
510,162
510,163
510,164
510,165
509,166
508,166
507,166
506,166
505,166
505,165
end box18
585,169
585,168
586,168
587,168
588,168
589,168
590,169
590,170
591,171
591,172
591,173
591,175
590,176
588,176
587,177
586,176
585,176
584,175
583,174
end box19
713,139
715,139
716,140
716,140
717,144
716,145
715,145
714,145
713,145
712,145
end box20
649,159
650,159
650,159
651,158
652,158
653,159
653,159
654,160
654,161
654,162
654,163
654,164
653,165
652,166
651,166
650,166
649,165
649,164
end box21
520,125
520,125
521,125
522,125
523,125
524,125
524,125
525,126
525,127
525,128
525,129
525,130
524,131
523,131
522,132
521,131
520,131
519,130
519,130
end box22
525,143
526,143
527,144
527,145
527,146
527,147
527,148
526,149
525,149
524,150
523,149
522,149
521,148
end box23
683,158
683,158
684,157
685,157
686,157
687,158
687,158
688,159
688,160
688,161
688,162
688,163
687,164
686,165
685,166
684,165
683,164
683,163
end box24
584,114
585,113
587,113
588,113
589,121
588,121
586,122
585,121
584,121
end box25
519,154
523,154
523,154
524,155
524,159
523,160
522,161
521,161
520,161
519,160
end box26
662,138
663,138
665,138
666,138
667,139
667,146
666,146
664,147
663,147
662,146
end box27
end total28boxes
