409,216
417,205
427,194
437,186
449,186
461,186
472,185
483,186
496,187
508,191
521,203
526,216
525,233
524,250
516,258
496,260
482,258
471,259
462,259
452,258
436,260
414,261
409,250
407,233
end box0
708,201
713,185
724,168
738,159
755,157
772,158
786,158
802,160
821,160
836,167
850,183
852,201
852,221
851,243
844,257
820,258
799,255
786,255
773,257
757,259
736,262
714,259
707,244
707,222
end box1
684,203
685,198
688,192
693,189
697,187
703,186
708,185
714,186
721,186
726,189
727,196
728,202
724,220
720,224
714,224
708,225
702,227
695,228
687,228
683,224
682,216
683,209
end box2
582,180
583,178
584,176
585,175
587,175
596,175
598,176
600,178
601,180
601,183
601,186
601,189
598,190
594,190
587,190
584,190
582,188
582,185
582,183
end box3
667,194
668,191
670,189
671,186
674,185
677,185
680,184
683,185
688,184
691,186
693,189
683,206
680,208
677,208
672,209
668,208
666,205
666,201
666,197
end box4
592,177
593,176
599,176
600,176
601,177
601,179
602,180
602,182
601,184
600,185
598,185
596,186
595,185
593,185
592,184
591,183
end box5
622,176
623,174
624,173
625,172
626,171
633,171
635,172
636,173
637,175
637,178
637,180
636,182
634,183
632,184
627,184
625,184
623,183
622,182
622,179
622,177
end box6
686,144
687,142
687,140
688,139
690,138
692,137
694,137
695,137
697,138
699,139
700,141
701,143
701,146
701,148
700,150
698,152
696,153
694,154
691,154
689,153
687,151
687,149
686,147
686,145
end box7
690,144
690,143
692,141
693,141
694,141
695,141
697,141
698,142
699,143
700,145
700,146
700,148
699,150
698,151
696,152
694,152
693,152
691,151
690,150
689,149
690,147
end box8
542,159
542,159
543,158
544,158
545,158
546,159
546,159
547,160
547,161
547,162
547,163
547,164
546,165
545,166
544,166
543,166
542,165
541,164
end box9
626,174
626,173
627,172
630,172
631,172
632,173
633,174
633,175
633,176
633,177
633,179
632,180
631,180
629,181
628,180
627,180
626,179
625,178
end box10
691,160
692,160
694,160
695,160
696,161
696,162
696,167
696,168
695,168
693,169
692,168
691,168
690,167
end box11
658,175
658,174
659,174
660,174
661,174
662,174
663,175
663,176
664,177
664,178
664,179
664,181
663,182
662,183
660,183
659,183
658,182
657,181
end box12
644,175
644,174
645,173
646,173
647,173
648,174
649,175
649,176
650,177
650,178
650,179
650,181
649,182
648,183
646,183
645,183
644,182
643,181
end box13
end total14boxes
