740,220
766,204
785,197
802,195
812,193
822,193
831,192
840,194
852,194
870,196
894,201
914,219
916,240
907,253
877,260
854,259
797,261
773,262
742,255
735,242
end box0
138,217
165,198
189,191
209,190
221,189
232,190
241,189
250,192
263,192
284,192
309,198
334,217
336,240
325,254
289,261
180,263
146,255
135,242
end box1
41,246
60,222
82,207
109,203
130,204
148,207
162,210
179,208
196,210
218,215
244,228
265,250
276,281
269,303
236,316
206,322
185,323
106,318
77,318
48,302
41,278
end box2
835,165
835,164
835,162
836,161
837,160
839,159
840,159
842,159
844,160
845,162
846,163
846,165
846,166
846,168
845,170
844,172
843,173
841,174
838,173
837,172
835,171
835,169
835,168
835,166
end box3
end total4boxes
