568,205
569,202
568,198
569,192
571,183
577,174
583,172
589,179
592,189
593,196
593,201
593,205
593,208
593,212
591,216
592,224
591,236
585,242
575,242
570,232
570,220
570,214
569,211
569,208
end box0
613,204
614,201
614,197
614,192
617,186
622,180
627,179
632,185
635,191
636,196
637,200
637,204
637,207
637,211
636,215
637,222
635,231
629,233
621,233
616,228
615,219
615,213
614,210
614,207
end box1
885,253
885,238
890,224
895,202
902,163
922,140
941,161
957,196
966,217
968,232
971,244
972,255
973,265
969,274
966,284
971,311
971,352
951,369
915,373
891,370
891,322
892,293
888,279
887,266
end box2
590,146
591,145
592,145
593,145
594,145
595,145
596,146
597,147
597,148
597,149
597,150
597,152
596,153
595,154
593,154
592,154
591,153
590,152
end box3
722,125
723,124
724,123
725,123
727,123
728,124
729,125
730,133
729,134
727,135
726,136
724,135
722,134
721,133
end box4
690,141
694,141
695,142
696,143
696,144
696,145
696,146
696,148
695,149
694,150
692,150
691,150
690,149
689,148
end box5
705,141
709,141
710,142
711,143
711,148
710,149
709,150
706,150
705,149
704,148
end box6
574,159
575,158
576,158
577,158
578,159
579,160
580,161
580,166
579,167
578,168
576,169
575,168
574,167
end box7
644,155
645,154
647,154
648,155
648,155
649,156
649,160
649,162
647,162
646,162
645,162
644,161
end box8
592,157
595,156
596,157
597,157
597,158
598,163
597,164
595,164
594,164
593,164
592,163
591,162
end box9
541,155
542,155
544,155
546,155
547,156
547,157
548,164
547,165
545,166
543,166
542,166
540,165
539,164
end box10
647,146
648,147
649,148
649,149
649,150
649,152
649,153
648,154
647,155
645,155
644,154
643,154
642,153
end box11
540,144
541,144
542,143
543,143
544,143
546,144
547,144
548,145
548,150
548,152
547,153
545,154
543,154
542,154
540,153
539,152
end box12
end total13boxes
