381,196
386,190
392,184
397,181
403,181
409,181
414,181
420,182
426,181
431,184
437,190
443,196
446,205
445,214
440,220
429,220
421,218
414,216
409,216
403,218
394,220
383,220
380,214
380,205
end box0
575,177
576,175
577,173
578,172
580,171
582,171
585,171
587,171
589,172
590,174
592,176
592,179
592,181
591,184
589,185
586,186
581,185
579,185
577,185
575,183
575,181
575,178
end box1
542,172
543,170
544,170
546,170
546,172
547,173
547,178
547,180
546,182
545,183
543,182
542,180
end box2
740,107
740,101
742,95
746,91
752,89
758,87
763,87
769,89
775,91
779,95
781,101
783,107
784,112
783,119
781,125
777,131
771,134
764,135
757,134
750,134
744,130
742,124
740,118
740,112
end box3
466,116
467,115
468,115
469,115
470,115
470,116
470,122
470,123
468,124
467,123
466,123
end box4
490,132
491,131
492,131
493,131
494,132
494,132
495,139
494,139
492,140
491,139
490,139
end box5
end total6boxes
