728,172
729,169
731,165
734,162
738,162
754,162
757,164
759,168
761,172
761,177
761,182
760,188
755,189
737,189
732,188
728,187
728,181
728,177
end box0
694,178
694,176
694,173
695,169
697,164
701,159
705,155
710,160
712,166
713,172
713,175
713,178
712,181
712,183
711,186
713,194
712,202
706,203
699,203
694,203
694,191
696,185
695,183
694,181
end box1
709,173
709,170
710,166
713,161
717,159
720,163
721,168
722,172
722,174
722,176
722,178
721,180
721,183
721,187
721,195
718,197
712,196
710,190
710,184
end box2
665,173
665,173
666,171
667,171
668,171
669,172
669,173
670,174
670,175
670,176
670,177
670,178
669,179
668,181
667,181
666,181
665,179
665,178
end box3
704,177
704,175
704,172
705,168
707,162
710,156
715,153
719,160
722,166
722,171
723,174
722,177
722,180
722,182
721,185
722,192
721,201
716,203
709,203
705,199
705,189
706,184
705,182
704,180
end box4
696,179
697,175
699,171
703,170
705,172
707,177
707,195
706,201
703,201
698,201
696,197
end box5
end total6boxes
