588,180
587,178
589,176
591,174
593,174
600,174
602,174
604,175
606,177
608,180
608,183
608,187
607,190
604,191
601,191
598,190
595,190
593,190
590,190
588,188
587,185
587,183
end box0
441,198
443,193
446,187
451,185
457,185
461,185
466,185
470,186
475,186
480,188
485,192
488,198
489,205
489,212
485,216
478,218
471,218
466,217
461,217
456,218
450,218
443,216
440,211
440,204
end box1
622,182
622,180
623,179
624,178
625,177
627,176
628,176
630,177
632,177
633,178
634,180
635,182
635,183
635,186
634,188
632,189
631,190
629,190
627,190
625,189
623,188
622,187
622,185
622,183
end box2
640,179
641,179
645,179
646,179
647,180
647,181
648,182
647,184
647,185
646,186
645,186
643,186
642,186
641,186
640,185
639,184
639,183
639,182
end box3
432,206
435,201
439,197
443,195
447,194
452,193
455,193
460,194
465,194
470,196
473,201
477,206
478,212
478,219
474,223
467,224
460,224
456,224
451,225
446,225
439,226
433,224
430,218
431,212
end box4
682,179
682,177
683,176
685,174
687,174
695,174
697,175
698,177
700,179
700,182
700,185
699,188
696,188
686,189
683,188
681,187
681,184
681,182
end box5
568,186
568,184
569,182
570,180
572,179
574,179
577,178
579,179
581,180
583,181
584,184
586,186
586,189
586,192
586,196
583,197
580,197
577,198
574,197
571,197
569,196
567,194
567,191
567,189
end box6
569,183
570,180
572,178
574,176
577,176
579,176
582,176
584,176
587,176
590,177
592,180
594,183
595,187
595,191
593,194
589,195
585,195
582,194
579,195
576,195
573,194
570,193
568,190
568,186
end box7
625,180
626,179
626,179
627,178
628,178
629,178
630,179
631,179
631,180
631,181
631,182
631,183
631,185
630,185
629,186
628,187
627,186
626,185
625,184
625,184
end box8
673,179
674,177
675,175
676,174
678,174
685,173
687,174
689,176
690,178
690,181
690,183
689,186
686,187
677,187
674,187
673,185
673,183
673,181
end box9
674,177
675,176
675,175
676,175
678,175
679,175
680,176
681,177
681,178
681,179
681,180
681,182
680,183
678,183
677,184
676,183
675,183
674,182
673,181
end box10
704,177
704,175
706,173
707,172
709,172
716,171
718,172
720,174
721,176
721,179
721,182
720,184
718,185
715,185
708,185
706,185
704,183
703,181
703,179
end box11
604,182
604,180
606,178
607,176
609,176
611,176
614,176
616,176
618,177
620,179
621,181
621,184
621,187
621,190
618,191
615,191
613,190
610,190
608,190
606,189
605,188
604,186
604,184
end box12
677,180
678,177
681,175
683,173
686,173
696,173
698,175
702,177
704,180
705,184
704,188
702,191
698,192
685,192
681,192
678,191
676,187
676,183
end box13
634,181
634,180
636,178
637,177
639,177
646,177
648,177
650,179
652,181
652,184
652,187
651,190
648,190
645,190
638,190
635,190
633,189
633,186
632,184
end box14
610,178
611,177
612,176
613,176
614,176
615,177
616,178
617,179
617,180
617,181
617,182
617,184
616,185
615,186
613,186
612,186
611,185
610,184
end box15
725,155
729,155
730,156
731,157
731,158
731,159
731,161
731,162
730,163
729,163
727,164
726,163
725,163
724,162
723,161
end box16
740,142
740,142
741,141
745,141
746,142
747,143
748,144
748,145
748,147
747,148
746,149
745,150
743,150
742,150
741,149
739,148
739,147
end box17
561,147
566,146
567,147
568,148
568,153
567,154
566,155
564,155
563,154
562,154
561,153
end box18
725,149
730,148
731,149
732,150
733,151
733,152
733,154
732,155
731,156
730,157
728,157
727,157
726,156
725,155
724,154
end box19
721,158
722,156
723,155
723,153
725,152
727,152
728,151
730,152
732,152
734,154
735,155
735,157
735,160
735,162
734,164
733,166
731,166
729,167
726,167
724,166
723,165
722,163
721,161
721,159
end box20
1067,31
1069,20
1078,17
1086,19
1096,21
1099,29
1099,77
1097,86
1088,87
1076,89
1068,87
1069,73
end box21
end total22boxes
