204,201
231,178
263,174
289,175
302,176
313,178
322,177
331,180
342,180
359,183
383,188
422,205
435,231
421,244
377,250
349,248
261,250
221,242
206,229
end box0
501,177
500,172
503,169
507,168
511,168
517,169
520,169
522,170
525,171
529,173
531,177
533,181
533,186
530,190
525,191
521,190
517,190
502,180
end box1
326,168
338,148
364,142
386,143
400,144
419,145
427,148
439,148
454,150
473,157
494,170
503,193
496,207
468,215
367,213
341,205
330,191
end box2
516,177
516,173
518,170
521,169
525,170
527,170
530,170
532,170
535,170
537,172
540,174
542,177
543,181
543,185
541,188
537,189
533,189
530,188
527,188
518,183
517,180
end box3
538,176
538,173
539,171
540,170
543,170
548,170
550,171
552,172
553,173
555,175
555,178
555,181
554,183
552,184
549,185
547,184
545,184
542,184
540,183
539,182
538,178
end box4
555,175
556,173
557,171
558,170
560,170
567,170
569,171
570,172
572,174
572,177
572,180
571,182
569,183
566,182
563,182
559,183
557,182
555,181
555,179
555,177
end box5
574,174
574,172
575,171
577,169
578,169
585,169
587,170
588,172
589,173
590,176
590,178
589,181
586,181
583,181
580,181
577,181
575,181
574,180
573,178
573,175
end box6
-2,262
3,238
12,216
32,204
57,205
79,209
96,215
114,216
133,219
150,230
165,246
176,266
183,291
179,315
166,333
147,348
123,349
99,342
78,343
54,351
29,351
14,336
1,313
-1,289
end box7
486,178
487,174
489,171
492,169
496,170
504,170
507,171
510,173
513,175
515,178
517,182
517,186
514,190
510,192
506,191
502,191
end box8
589,167
589,165
590,163
591,162
593,162
600,162
602,163
603,164
604,166
605,169
605,171
604,174
601,175
599,175
592,175
590,174
589,173
588,171
588,169
end box9
475,177
475,171
480,167
487,167
492,167
499,168
503,168
507,169
511,171
516,174
521,178
524,185
524,191
517,195
510,195
504,196
end box10
576,173
576,172
577,171
577,171
578,170
579,170
580,170
581,170
582,170
583,171
584,172
584,173
584,174
584,176
584,177
583,178
582,178
580,179
579,178
578,178
576,177
576,176
end box11
526,176
526,174
528,172
530,172
532,172
533,172
535,172
537,173
538,174
539,176
540,178
541,180
541,182
540,184
538,186
536,186
534,186
532,185
530,185
end box12
588,173
588,171
590,170
591,169
592,168
599,168
601,169
602,171
603,172
603,175
603,177
602,179
600,180
597,180
594,180
591,180
589,180
588,179
588,176
588,174
end box13
593,163
593,163
597,163
598,163
598,164
599,165
599,166
599,167
599,169
598,170
596,170
595,170
594,170
593,170
592,169
591,168
end box14
531,157
532,156
533,156
534,156
535,157
535,157
536,158
536,159
536,160
536,161
536,163
536,164
534,164
533,164
532,164
531,163
end box15
end total16boxes
