2,260
30,229
59,207
92,201
121,201
144,202
163,201
187,199
210,204
238,214
270,233
300,262
312,302
301,330
259,346
216,350
188,347
123,340
92,346
51,345
8,329
-3,301
end box0
375,221
384,211
394,200
404,194
416,194
427,194
436,193
447,194
460,193
473,197
487,207
493,220
492,238
491,254
483,266
464,266
447,263
436,262
427,261
416,262
398,266
381,266
372,254
372,238
end box1
469,195
466,186
470,178
477,174
486,174
494,175
501,175
508,175
516,176
520,182
524,189
528,195
529,204
530,214
528,223
520,226
509,225
501,223
494,222
487,223
480,222
474,218
473,210
end box2
264,223
270,211
277,201
289,197
302,198
312,200
321,199
330,199
342,198
353,203
361,213
369,225
373,240
372,254
361,262
344,266
332,267
322,267
312,267
301,267
289,265
273,263
266,252
263,239
end box3
637,193
641,187
646,183
650,181
655,181
660,182
667,182
674,181
680,181
685,186
688,192
688,199
686,205
680,209
663,210
659,211
654,212
648,213
640,211
635,207
635,200
end box4
556,180
556,178
557,177
559,175
561,175
566,175
568,175
570,176
572,178
573,180
574,183
574,186
573,189
570,190
567,189
560,189
558,189
556,187
555,185
555,183
end box5
540,191
540,188
541,186
542,185
545,185
547,184
548,184
550,184
552,185
554,186
555,188
557,190
557,193
557,195
556,198
554,200
551,200
549,200
546,199
544,199
542,198
541,197
540,194
540,193
end box6
537,190
538,187
540,184
542,182
545,182
553,183
557,182
559,184
562,187
563,190
564,194
564,198
563,202
559,203
554,202
545,201
542,201
539,199
538,196
537,193
end box7
513,202
513,198
515,193
520,193
524,192
529,193
533,194
536,196
538,200
541,203
541,206
542,211
542,215
542,222
540,225
535,227
529,225
524,224
520,224
516,222
end box8
617,190
618,187
620,184
622,182
625,181
628,181
631,181
634,181
638,181
641,182
644,186
644,190
643,193
643,197
642,201
638,203
634,203
631,203
628,204
624,204
620,204
617,201
616,197
617,193
end box9
568,179
569,177
570,176
572,175
574,174
581,175
583,175
585,177
587,179
587,182
587,185
586,188
583,188
580,188
573,188
571,188
569,187
568,184
568,182
end box10
576,176
577,176
581,176
582,177
583,178
584,179
584,180
584,182
584,184
582,184
581,185
579,185
578,185
576,184
575,184
575,183
end box11
1131,208
1141,198
1150,190
1160,186
1169,185
1178,185
1185,184
1194,184
1207,182
1222,183
1232,193
1235,207
1235,222
1235,235
1226,246
1210,248
1195,244
1186,245
1178,243
1168,243
1153,247
1137,245
1126,236
1126,223
end box12
606,182
607,181
607,179
608,178
609,177
611,176
612,175
614,176
616,177
618,178
618,180
618,182
618,183
618,185
617,187
616,188
614,190
613,190
610,191
608,190
607,188
606,187
606,185
606,183
end box13
593,176
593,176
594,175
595,175
596,175
597,176
598,176
598,177
599,178
599,179
599,180
599,182
598,182
596,183
595,183
594,183
593,182
592,182
592,181
end box14
561,176
562,175
565,175
566,175
567,176
568,177
568,178
568,179
568,181
568,182
567,183
566,183
564,184
563,183
562,183
561,182
560,181
end box15
550,180
552,177
555,175
557,173
560,174
567,174
570,174
572,175
576,177
578,180
579,184
579,188
576,191
572,192
568,191
559,191
556,190
553,190
550,187
550,183
end box16
621,180
622,178
623,176
624,175
626,175
628,174
631,174
633,174
636,175
637,177
638,179
638,182
637,184
636,187
634,187
629,188
627,188
625,188
623,188
621,186
621,184
621,182
end box17
208,197
208,195
209,193
210,190
212,188
215,187
218,187
221,188
224,189
225,192
226,195
227,197
228,200
229,204
229,208
227,212
222,212
218,213
215,212
211,212
207,211
206,207
206,203
207,200
end box18
543,174
543,173
544,173
546,173
547,173
548,174
548,175
549,176
549,177
549,178
549,180
548,181
546,181
545,182
544,181
543,181
542,180
end box19
768,105
770,103
784,104
785,106
785,118
783,120
769,119
768,117
end box20
530,162
533,161
534,162
535,162
535,163
536,164
536,165
536,166
535,168
535,169
533,169
532,169
531,169
530,168
529,167
end box21
744,124
745,123
746,123
748,123
749,124
750,125
751,126
751,133
750,134
748,135
746,136
745,135
743,134
742,133
end box22
565,160
566,161
566,161
567,162
567,164
567,165
566,166
565,166
564,167
563,166
562,166
end box23
517,159
518,160
519,161
519,162
519,165
519,166
518,167
517,168
513,167
512,166
end box24
814,237
823,225
837,218
846,212
857,212
866,213
875,211
885,212
897,210
903,218
911,228
924,238
931,254
932,270
922,281
904,283
885,277
875,275
865,278
853,282
836,285
818,282
810,270
809,254
end box25
814,237
823,225
837,218
846,212
857,212
866,213
875,211
885,212
897,210
903,218
911,228
924,238
931,254
932,270
922,281
904,283
885,277
875,275
865,278
853,282
836,285
818,282
810,270
809,254
end box26
516,196
516,193
516,189
516,183
519,178
524,174
529,174
533,180
535,186
537,189
539,192
539,196
539,199
539,203
539,207
539,215
536,221
531,222
523,221
518,220
517,212
517,205
end box27
end total28boxes
