614,173
615,170
618,168
620,166
623,166
630,166
634,166
635,168
639,170
640,173
641,176
641,181
640,185
636,185
631,184
622,184
618,185
615,184
614,180
614,176
end box0
637,164
637,162
638,160
639,159
642,159
649,160
651,160
653,162
654,164
654,167
654,170
654,173
651,174
648,173
641,173
639,173
638,171
637,167
end box1
658,158
659,158
663,158
664,159
665,160
666,161
666,162
666,164
666,166
664,166
663,167
661,167
660,166
659,166
657,165
657,164
end box2
652,163
652,161
653,159
655,157
657,157
664,158
666,158
668,160
669,162
669,165
669,168
669,171
666,171
663,171
656,171
654,170
652,169
652,167
652,165
end box3
668,177
669,173
675,168
679,166
684,166
689,166
697,166
702,166
706,168
711,173
714,177
715,184
715,191
711,196
705,198
698,196
683,196
675,198
670,197
668,190
668,184
end box4
641,160
642,159
643,159
647,159
648,160
649,161
650,162
650,163
650,165
650,167
648,167
647,168
642,167
641,167
641,166
end box5
636,169
636,166
637,164
639,164
646,164
648,165
649,166
650,168
651,170
651,173
651,175
651,178
649,180
646,180
644,180
641,180
639,179
637,178
636,176
end box6
589,174
589,172
591,170
592,169
603,168
605,169
607,172
609,174
609,177
609,180
608,184
605,184
594,184
591,184
589,182
588,179
588,177
end box7
673,158
673,158
677,157
678,158
678,159
679,160
679,161
679,162
679,164
678,165
676,165
675,165
674,165
673,165
672,164
671,163
end box8
692,145
696,145
696,145
697,146
698,147
698,148
698,149
698,151
696,151
695,151
693,151
692,151
691,151
691,150
end box9
699,171
700,169
702,168
713,167
716,168
717,170
718,173
718,176
718,179
717,182
715,184
712,184
702,182
700,180
end box10
604,175
604,173
605,171
606,170
608,169
610,169
613,169
615,169
617,170
618,172
619,174
619,177
619,179
619,182
617,183
614,183
612,183
609,183
607,183
605,182
604,181
604,178
603,176
end box11
702,162
702,160
704,158
705,157
714,157
716,158
718,159
719,161
719,164
719,167
718,169
715,169
704,169
702,168
701,166
701,164
end box12
675,143
675,143
678,143
679,143
680,144
680,145
680,146
680,147
680,148
679,149
678,149
677,149
676,149
675,149
674,148
end box13
669,178
669,176
672,172
674,169
677,169
681,169
687,169
692,169
694,172
697,175
698,178
698,183
698,187
697,192
694,194
676,194
671,194
669,192
668,186
668,182
end box14
677,127
678,127
680,127
681,127
681,127
682,128
682,129
682,131
682,132
681,133
680,134
679,134
678,134
677,133
676,132
end box15
662,144
663,145
664,145
664,146
664,147
664,148
664,149
663,150
662,150
660,150
659,150
659,149
end box16
615,140
619,140
620,140
620,141
620,142
620,145
620,146
618,147
617,147
616,147
615,146
614,145
end box17
707,130
707,130
708,130
708,130
709,130
710,131
710,131
710,132
710,133
710,134
710,135
710,136
709,136
708,136
707,136
706,135
end box18
836,172
837,171
838,171
840,171
841,172
842,173
842,175
842,180
841,182
840,183
838,183
837,183
835,182
834,181
end box19
707,130
707,130
708,130
708,130
709,130
710,131
710,131
710,132
710,133
710,134
710,135
710,136
709,136
708,136
707,136
706,135
end box20
end total21boxes
