2,213
9,199
22,188
36,185
50,185
62,186
72,185
82,186
94,187
106,192
123,201
134,213
136,232
133,248
119,258
98,258
82,255
37,256
16,258
4,247
0,232
end box0
114,213
114,205
116,199
123,197
131,197
148,198
154,198
160,201
164,207
167,213
169,221
169,230
166,236
156,237
149,238
143,238
137,238
131,237
126,234
119,232
116,227
end box1
750,181
750,179
751,177
752,176
754,175
759,175
761,176
763,177
764,178
765,180
765,183
765,185
764,188
762,189
760,189
755,189
753,189
751,188
750,187
750,184
750,182
end box2
3,192
16,183
29,177
39,175
77,174
89,175
104,181
113,192
116,207
110,218
95,224
21,224
4,218
0,208
end box3
649,195
651,191
654,188
656,186
660,186
669,186
673,185
676,187
680,191
682,194
683,199
683,204
680,208
675,209
670,209
666,208
659,209
654,209
650,207
648,203
648,199
end box4
738,188
738,186
739,185
740,184
741,183
743,183
746,183
748,183
749,184
750,186
751,187
752,190
752,192
751,194
749,195
746,195
744,195
743,195
741,195
739,194
737,193
737,191
737,189
end box5
867,178
868,176
869,174
870,173
872,172
877,172
880,172
882,173
883,175
884,177
884,180
884,182
883,185
880,186
878,187
876,186
873,186
871,186
869,186
867,184
867,182
867,180
end box6
793,179
794,178
794,177
795,177
796,177
796,178
797,179
797,179
797,180
797,181
797,182
797,183
797,184
796,184
795,185
794,185
793,183
793,183
end box7
884,158
887,157
888,158
889,159
890,160
891,161
891,164
890,165
889,166
888,167
886,167
885,167
884,167
883,165
882,164
end box8
794,186
794,186
795,185
796,185
797,185
798,186
798,186
798,187
799,189
798,190
798,191
798,192
797,193
796,193
795,193
794,192
794,191
end box9
886,144
891,143
892,144
893,145
894,146
894,147
894,149
893,150
892,151
891,152
889,152
888,152
887,151
886,150
885,149
end box10
746,162
746,162
747,162
748,162
748,162
749,162
750,163
750,164
750,165
750,166
750,167
749,168
748,169
747,169
746,169
745,168
end box11
339,171
340,172
341,173
342,174
341,177
341,178
340,179
339,179
336,179
335,179
334,178
end box12
499,126
500,125
501,125
503,125
504,126
505,127
506,128
506,135
505,136
503,137
502,138
500,137
498,136
497,135
end box13
878,162
879,162
879,163
880,164
880,166
880,168
879,169
877,169
876,169
875,169
874,169
873,168
end box14
333,162
334,162
335,161
336,161
337,161
338,162
339,162
340,163
341,165
341,166
341,168
341,169
340,171
338,171
336,171
335,171
333,171
332,170
332,168
end box15
879,161
880,159
881,157
882,155
884,154
886,154
888,154
889,154
892,155
894,156
895,158
896,160
896,163
896,165
895,168
893,170
890,170
888,170
885,170
883,170
881,169
880,167
879,165
879,163
end box16
424,98
426,95
455,97
456,125
453,128
425,127
end box17
412,193
413,193
414,192
415,192
416,192
418,192
419,193
420,194
420,196
420,197
420,199
420,201
419,202
417,203
415,203
414,203
412,202
411,201
end box18
345,175
349,175
350,176
351,177
351,182
350,183
348,183
347,183
346,183
345,183
344,182
end box19
807,161
816,160
817,161
818,162
817,164
817,165
808,164
807,163
end box20
498,110
499,109
501,108
502,109
503,111
504,112
505,120
504,121
503,123
501,125
499,124
497,122
496,120
end box21
555,194
556,194
559,194
560,194
560,195
560,204
559,205
557,205
556,205
554,204
end box22
892,188
893,187
894,187
896,187
897,188
898,189
897,198
896,199
895,200
893,199
891,198
end box23
515,158
516,158
517,158
519,158
520,158
521,159
521,161
522,162
521,165
521,166
520,168
519,169
517,169
516,169
514,168
end box24
792,161
793,162
794,162
794,163
794,164
794,165
794,166
793,167
792,167
791,167
790,167
789,167
789,166
end box25
523,160
524,159
525,159
527,159
528,160
528,162
528,170
527,171
526,172
524,171
522,170
end box26
491,157
491,155
492,153
493,151
494,150
497,150
499,149
501,150
503,150
505,152
505,154
506,156
506,159
506,161
505,164
504,166
502,167
499,168
496,167
494,166
492,164
491,162
491,160
491,158
end box27
978,112
978,110
978,108
978,103
980,99
984,98
988,95
993,95
996,99
997,130
995,135
988,134
983,132
979,129
978,124
978,119
978,117
978,115
end box28
494,146
494,145
495,143
496,141
498,141
501,140
503,140
505,141
506,143
506,146
506,148
506,151
506,154
505,156
503,158
501,159
498,158
496,157
495,155
494,153
end box29
end total30boxes
