588,179
589,176
591,173
593,170
596,169
600,169
603,169
606,169
611,169
613,171
616,175
617,178
617,183
617,187
616,193
613,194
595,194
590,194
588,192
588,186
588,182
end box0
691,162
692,160
704,159
706,160
707,175
705,177
693,178
691,177
end box1
612,161
612,160
613,159
614,159
615,159
616,160
617,161
617,162
618,163
617,164
617,165
618,167
617,168
616,169
614,170
613,169
612,168
611,166
end box2
546,163
546,162
547,162
548,162
549,162
550,162
551,163
551,164
552,165
552,166
552,167
552,169
551,170
550,171
548,171
547,171
546,170
545,169
545,168
end box3
512,142
513,142
514,142
515,141
516,142
517,143
517,144
518,145
518,146
518,147
518,149
517,150
516,151
514,151
513,151
512,150
511,149
end box4
693,161
694,160
703,160
704,162
705,170
703,171
694,172
693,171
end box5
507,145
507,143
508,142
509,141
510,140
512,139
513,139
515,139
517,140
518,141
519,143
519,145
520,146
519,148
519,150
518,152
516,153
514,153
512,153
510,152
508,151
507,149
507,148
507,146
end box6
718,30
718,28
719,27
720,25
722,24
724,23
725,23
727,24
729,24
731,26
732,27
733,29
733,32
733,34
732,36
730,38
728,39
726,39
723,39
721,38
720,37
718,35
718,33
718,31
end box7
561,159
561,158
562,158
563,158
564,158
565,158
566,159
566,160
567,161
567,162
567,163
567,165
566,166
565,166
563,167
562,166
561,166
560,165
end box8
717,14
718,12
718,10
719,9
721,8
723,7
724,7
726,8
728,8
730,10
731,12
731,13
731,16
731,18
730,20
729,21
727,22
725,23
722,23
720,22
719,21
718,19
717,17
717,15
end box9
656,174
657,173
658,173
659,173
660,174
661,175
661,182
660,183
658,183
657,183
656,182
end box10
466,143
467,142
468,142
470,142
471,143
471,144
471,153
470,154
468,155
467,154
466,153
end box11
638,85
640,84
643,84
645,85
645,97
644,98
639,98
638,98
end box12
end total13boxes
