231,252
231,244
230,234
232,221
237,201
252,178
264,173
278,194
285,215
287,231
286,243
289,251
287,260
284,267
282,275
277,284
276,312
267,337
247,335
239,305
239,279
235,272
231,266
230,259
end box0
730,208
729,205
729,200
729,194
732,184
738,169
744,166
751,179
754,191
754,198
754,204
754,208
754,211
754,215
752,218
751,224
751,238
747,255
735,255
733,232
733,220
731,217
730,214
730,211
end box1
557,194
556,192
556,190
557,188
558,185
560,179
563,177
566,182
567,187
568,189
569,191
568,194
568,195
568,197
567,199
567,202
567,209
564,213
560,212
558,204
558,199
557,198
557,196
557,195
end box2
759,205
759,202
759,197
760,192
762,182
768,169
774,167
780,179
783,189
783,196
783,201
783,205
783,208
783,212
781,214
780,219
779,231
776,247
766,248
762,231
762,218
761,214
760,211
759,208
end box3
373,228
374,221
375,214
377,204
382,190
390,172
400,175
410,191
415,204
416,214
416,222
418,228
417,233
415,239
413,244
412,254
411,272
403,289
387,292
377,281
378,255
378,245
374,239
373,233
end box4
321,223
321,219
320,212
320,203
323,189
332,172
341,172
349,189
353,203
355,211
355,218
355,223
355,228
354,233
353,239
353,248
352,266
344,282
330,280
322,264
323,244
322,237
321,232
322,227
end box5
495,191
495,190
496,189
497,188
498,189
499,190
499,191
500,192
500,193
500,194
500,195
500,196
499,197
499,199
497,200
496,199
495,197
495,196
end box6
296,225
295,219
294,211
294,199
299,184
309,167
320,167
329,185
334,201
335,211
334,219
334,225
334,230
334,236
332,241
330,248
329,268
323,292
309,288
304,259
303,243
300,239
298,234
297,230
end box7
509,188
509,187
510,186
511,185
512,186
513,187
514,188
514,189
514,190
514,191
514,192
514,193
513,194
513,196
511,198
510,197
509,195
509,193
end box8
482,188
483,186
484,185
485,184
487,185
488,186
488,188
488,189
488,190
488,191
488,192
488,193
488,195
487,197
486,198
484,197
483,195
end box9
527,189
527,188
528,187
529,187
530,187
531,188
532,189
532,190
532,191
532,192
532,193
532,194
531,195
531,197
529,198
528,197
527,196
527,194
end box10
576,182
577,180
578,178
579,177
581,178
582,180
582,181
582,183
583,184
583,185
582,186
583,188
582,190
582,193
580,194
578,193
576,190
576,188
end box11
479,189
479,187
480,186
482,184
484,183
485,184
487,186
487,188
488,189
488,191
488,192
488,194
488,196
487,198
486,200
484,202
481,201
480,198
479,196
479,194
479,193
478,192
end box12
560,183
561,181
562,180
563,179
565,180
566,181
566,182
566,184
567,185
567,186
567,187
567,189
567,191
566,193
564,194
562,193
560,191
560,189
end box13
573,184
574,181
575,176
578,175
580,178
582,181
582,184
582,186
582,188
582,189
582,191
582,193
582,195
581,200
579,204
575,202
573,197
573,193
end box14
546,193
545,191
546,190
546,187
547,184
549,178
553,175
555,180
557,185
558,188
558,190
557,193
557,194
556,196
556,198
556,201
556,209
553,213
549,212
547,203
547,199
546,197
546,195
end box15
510,158
511,158
512,158
513,158
514,158
515,159
515,160
516,161
516,163
516,165
515,166
514,166
512,167
511,166
510,166
509,165
end box16
end total17boxes
