621,179
622,177
623,176
625,175
633,175
634,175
637,176
638,178
638,181
638,184
637,186
634,186
626,186
623,186
621,185
620,183
620,181
end box0
702,179
703,176
704,173
706,170
709,170
718,170
722,170
724,172
726,176
727,179
726,182
726,186
726,191
724,193
719,192
708,193
704,192
703,190
702,185
702,182
end box1
343,180
343,178
345,176
346,175
348,174
353,174
355,174
357,175
359,177
360,179
360,182
360,184
359,187
357,188
354,188
349,188
347,188
345,188
343,186
343,184
343,182
end box2
640,178
642,175
647,175
649,175
650,176
650,178
650,179
650,181
650,183
648,183
647,183
644,183
642,183
641,183
640,182
640,180
end box3
703,176
703,175
705,173
706,172
708,171
716,171
718,172
719,174
720,176
720,179
720,182
719,184
717,185
707,185
704,185
703,183
703,181
703,178
end box4
623,178
624,177
625,176
625,176
631,176
632,177
633,178
633,179
633,181
633,183
631,183
626,183
624,183
623,182
624,180
623,179
end box5
660,174
660,174
661,173
662,173
663,173
664,174
665,174
665,175
666,176
666,177
666,178
666,180
665,180
663,181
662,181
661,181
660,180
659,180
659,179
end box6
673,172
673,172
674,171
675,171
676,171
677,172
678,172
678,173
678,174
678,175
678,176
678,178
677,178
676,179
675,179
674,179
673,178
672,177
672,177
end box7
701,187
703,184
705,181
707,179
710,179
723,178
725,180
728,183
730,187
731,191
731,195
729,199
724,200
709,200
705,200
702,199
700,194
700,190
end box8
349,195
352,191
356,189
359,187
363,188
374,188
377,188
382,191
386,194
388,200
386,204
382,208
376,208
362,207
358,207
352,207
348,204
347,199
end box9
736,174
737,172
738,170
740,169
748,169
750,170
751,171
753,173
753,176
753,179
752,181
749,181
741,181
738,181
736,180
735,178
735,176
end box10
683,175
683,174
685,172
686,171
695,171
697,171
699,173
700,175
701,178
700,181
699,183
696,184
687,184
685,184
683,183
682,180
682,178
end box11
655,177
656,175
657,174
658,173
659,172
664,172
666,172
667,173
669,175
670,176
670,179
670,181
669,183
667,184
664,184
661,184
659,184
656,184
655,183
655,180
655,178
end box12
638,179
639,177
640,176
642,174
650,174
652,175
654,176
655,178
655,181
655,184
654,186
651,186
642,186
640,186
638,185
637,183
637,181
end box13
739,174
740,173
740,173
741,172
745,172
746,172
746,173
747,174
747,175
747,176
747,178
746,178
744,179
742,179
741,179
740,178
739,177
739,176
end box14
709,164
714,164
715,165
715,166
716,167
715,169
715,170
714,171
709,171
708,170
707,169
end box15
725,164
728,164
729,164
730,165
730,166
731,167
731,168
731,170
729,170
728,171
727,171
726,170
725,170
724,169
end box16
612,176
612,176
613,176
616,176
616,176
617,177
617,178
617,179
617,180
617,181
616,182
615,182
614,183
613,182
612,182
611,181
end box17
688,174
689,173
689,172
690,171
697,171
698,172
698,174
698,175
698,177
698,179
696,179
690,179
689,179
688,178
688,176
688,175
end box18
738,167
739,165
740,164
741,163
742,162
749,162
751,163
752,165
753,166
753,169
753,171
752,173
750,174
747,174
744,174
741,175
739,174
738,172
738,170
738,168
end box19
725,172
726,171
727,171
730,171
731,172
732,173
732,174
732,175
732,177
733,178
731,179
730,180
728,180
727,179
726,179
725,178
end box20
743,163
743,163
747,163
747,163
748,164
748,165
749,166
748,167
748,169
747,169
746,170
745,170
744,169
743,169
742,168
742,168
end box21
475,180
475,178
476,177
477,175
479,175
481,174
482,174
484,174
486,175
488,176
489,177
490,179
490,182
490,184
489,187
487,188
485,188
483,188
480,188
478,188
476,187
475,186
474,184
474,181
end box22
669,175
670,173
671,172
672,171
673,170
675,170
678,170
680,170
681,171
683,173
683,174
683,177
684,179
683,181
681,182
678,182
676,182
675,182
673,182
671,181
669,180
669,178
669,176
end box23
925,114
927,112
934,109
937,108
941,109
945,111
947,113
949,134
947,136
937,138
925,135
924,132
end box24
756,145
757,144
757,144
761,143
762,144
763,145
763,146
763,147
763,148
763,150
762,151
760,151
759,152
758,151
757,151
756,150
756,149
end box25
484,159
485,160
485,161
486,162
486,163
486,164
486,166
485,167
484,167
482,168
481,167
480,167
479,166
end box26
592,173
593,173
594,173
595,173
596,173
597,174
597,175
597,180
597,181
595,181
594,182
593,181
592,180
end box27
786,171
787,170
788,170
790,170
791,171
791,173
791,180
790,182
789,183
787,182
786,181
end box28
493,159
494,158
496,158
497,159
498,159
498,160
499,161
498,163
498,165
498,166
496,166
495,166
494,166
493,165
end box29
510,172
511,171
512,171
513,171
514,172
515,173
515,174
515,178
515,180
514,181
512,182
511,181
510,180
end box30
511,157
515,157
516,158
517,159
517,160
517,162
517,164
516,165
515,166
513,166
512,166
511,165
510,164
end box31
591,160
592,159
593,159
594,159
595,160
595,160
596,161
596,165
595,166
594,167
593,167
592,167
591,166
591,165
end box32
772,175
773,173
774,173
776,173
776,175
777,176
778,177
778,182
777,183
776,185
775,186
773,185
772,183
771,182
end box33
755,158
758,157
759,157
760,158
760,159
761,164
760,165
759,165
757,165
756,165
755,165
754,163
end box34
809,160
810,159
811,159
812,159
813,160
814,161
815,162
815,167
814,168
813,169
811,169
810,169
809,168
end box35
362,161
363,160
364,160
365,160
366,161
367,161
367,162
367,166
367,168
365,168
364,169
363,168
362,168
end box36
840,158
843,158
844,158
845,159
846,160
847,161
847,162
847,164
846,165
845,166
844,167
842,167
841,167
839,166
839,165
838,164
end box37
545,173
545,172
546,172
547,172
548,172
549,172
550,173
550,174
551,175
550,176
550,177
550,179
550,180
549,181
547,181
546,181
545,180
544,178
end box38
661,112
662,112
663,112
664,112
665,112
665,120
665,121
663,121
662,120
661,120
end box39
541,140
542,139
544,139
545,140
546,141
546,148
545,149
543,150
542,149
540,149
end box40
end total41boxes
