340,196
342,190
346,184
352,183
358,183
371,184
377,183
383,184
387,190
391,196
393,203
393,211
388,215
379,216
372,216
367,215
362,215
357,215
351,215
343,214
339,209
339,202
end box0
575,172
576,171
577,171
578,171
579,171
580,171
581,172
582,173
583,174
583,175
582,177
583,178
581,179
580,180
578,180
577,180
576,179
574,179
574,177
end box1
559,174
559,173
559,173
560,172
560,172
561,171
562,171
563,171
564,172
565,172
565,173
566,174
566,175
566,176
566,178
564,178
563,179
562,179
561,179
560,178
559,178
558,177
559,176
558,175
end box2
445,190
445,188
445,187
446,185
448,185
453,184
455,185
456,186
457,188
458,190
458,192
458,194
458,196
456,197
454,197
451,197
450,197
448,197
446,196
445,195
444,193
444,191
end box3
524,176
524,174
525,173
526,171
528,171
533,170
535,171
537,172
538,173
539,175
539,178
539,180
539,183
536,184
534,184
532,184
529,184
527,184
525,183
524,182
524,179
523,177
end box4
528,173
529,172
530,172
531,172
532,172
533,172
534,173
535,174
535,175
535,176
535,177
535,179
534,180
533,181
531,181
530,181
529,180
528,179
527,178
end box5
546,172
546,172
547,171
548,171
549,171
550,172
550,172
551,173
552,174
552,175
551,176
552,178
550,178
549,179
548,179
547,179
546,178
545,178
545,177
end box6
622,178
622,176
623,174
624,173
626,172
628,171
629,171
631,172
633,172
635,174
636,175
637,177
637,180
637,182
636,185
635,186
632,187
630,187
627,186
625,186
624,185
622,183
622,181
622,179
end box7
587,177
588,175
589,173
590,172
592,171
600,171
602,172
603,174
604,176
604,179
604,181
603,184
600,185
591,186
588,185
587,184
587,181
586,179
end box8
514,172
514,172
518,171
519,172
519,173
520,174
520,175
520,176
520,178
519,179
517,179
516,179
515,179
514,178
513,178
512,177
end box9
453,188
455,185
457,183
459,182
462,182
465,182
466,182
469,182
472,182
474,183
477,185
479,188
480,192
480,196
478,198
473,199
469,198
467,198
464,198
462,198
458,199
455,198
453,195
452,191
end box10
422,206
422,203
424,200
427,197
429,195
433,195
436,194
440,195
443,196
446,199
449,202
450,206
450,210
450,214
448,218
444,220
441,222
436,223
433,223
429,221
426,219
423,217
422,213
421,209
end box11
741,98
742,95
773,95
775,98
776,129
774,131
743,131
end box12
417,111
420,108
434,105
444,107
447,110
449,115
449,137
446,140
419,138
417,135
end box13
418,161
419,161
420,161
421,161
422,161
423,162
424,163
424,164
424,166
424,168
423,169
422,170
420,170
419,170
418,169
417,168
end box14
469,146
470,147
471,148
472,149
472,150
472,152
472,153
470,155
469,155
467,155
466,155
465,154
464,153
end box15
430,161
431,161
433,161
434,161
435,162
436,163
436,164
436,166
436,168
435,169
434,170
432,170
431,170
430,169
429,168
end box16
514,160
514,160
515,160
516,160
516,160
517,160
518,161
518,162
518,163
518,164
518,165
517,166
516,167
515,167
514,167
513,166
end box17
678,176
678,176
679,175
680,175
681,175
682,175
683,176
683,177
684,178
684,179
684,180
684,182
683,183
681,183
680,183
679,183
678,182
677,182
end box18
465,160
466,159
468,159
469,160
470,160
470,161
470,162
470,163
470,164
470,166
470,167
468,167
467,167
466,167
465,166
464,165
end box19
383,190
384,189
385,189
386,190
387,191
388,192
389,198
388,200
387,201
385,201
384,201
382,200
end box20
239,159
240,160
240,161
240,163
240,165
239,166
234,166
end box21
383,173
384,172
385,172
386,172
387,173
388,174
388,175
388,180
388,181
387,182
385,182
384,182
383,181
end box22
618,144
619,145
620,146
620,147
620,148
620,149
620,151
619,152
618,153
616,153
615,153
614,152
613,151
end box23
438,143
439,145
439,152
438,154
430,154
428,153
end box24
425,142
426,141
427,139
438,138
441,139
442,142
442,150
441,152
440,154
427,153
425,151
end box25
497,148
498,147
499,147
500,147
501,148
501,148
502,149
502,150
502,153
502,155
500,155
499,155
498,155
497,154
end box26
385,160
386,159
387,159
388,159
389,160
390,161
391,167
390,168
389,169
387,169
386,169
385,168
end box27
448,141
449,141
450,141
452,140
453,141
454,142
454,144
454,149
453,151
452,152
450,152
449,152
447,151
end box28
end total29boxes
