467,202
470,197
476,192
480,190
486,190
490,190
499,190
505,190
509,192
514,198
519,202
521,210
521,218
516,222
507,222
500,221
490,220
485,221
478,222
470,222
466,217
466,210
end box0
516,197
516,192
517,188
520,185
525,185
532,185
536,186
540,186
542,189
545,193
546,196
547,201
547,206
546,211
542,213
537,214
533,212
529,212
525,211
522,209
end box1
758,211
767,202
775,193
783,187
793,185
802,186
811,186
819,186
831,186
845,188
855,196
857,210
855,223
852,236
843,243
827,243
819,245
811,247
801,249
791,251
778,251
761,249
753,239
754,225
end box2
810,232
829,211
852,190
871,178
893,179
914,182
932,182
954,178
979,178
1007,183
1029,203
1038,231
1043,264
1037,293
1020,319
988,318
889,314
853,327
824,319
805,296
801,267
end box3
541,193
543,191
545,191
547,190
549,190
550,191
552,192
553,193
554,195
555,197
555,199
555,201
555,203
554,205
551,206
549,206
547,205
545,204
end box4
572,190
572,189
574,187
576,187
584,186
585,187
588,188
589,190
590,193
589,196
588,198
585,198
577,197
574,198
572,197
571,195
571,193
end box5
694,192
695,189
697,186
699,184
702,183
705,183
708,183
711,183
715,183
718,185
720,188
720,192
720,195
719,199
718,203
715,204
711,204
708,205
705,205
701,206
697,205
695,203
694,199
694,195
end box6
590,187
590,187
593,186
594,187
595,187
595,188
596,189
596,190
596,191
596,193
595,193
593,194
592,194
591,194
590,193
589,193
588,192
end box7
714,193
715,189
717,186
719,184
723,183
732,183
737,183
741,184
743,188
744,192
743,197
742,201
740,204
737,206
733,207
726,207
722,208
718,207
714,205
713,201
714,196
end box8
689,177
693,177
694,177
694,178
695,179
695,180
695,181
695,183
694,183
692,184
690,184
689,184
688,183
687,182
end box9
563,190
567,187
570,186
573,185
583,185
585,186
589,187
593,190
594,194
593,198
589,199
584,199
571,199
567,199
563,197
562,194
end box10
507,194
508,190
510,188
514,188
517,188
520,188
523,188
526,188
528,191
530,194
531,197
532,200
532,204
531,209
529,211
524,212
520,210
517,209
end box11
557,190
558,189
559,189
560,189
561,189
562,189
563,190
563,191
564,192
564,193
564,194
564,196
563,197
561,197
560,198
559,197
558,197
557,196
end box12
676,176
680,176
680,176
681,177
682,178
682,179
682,180
682,182
681,182
679,183
678,183
677,182
676,182
675,181
675,181
end box13
687,193
688,191
689,190
689,188
691,187
693,186
694,186
696,186
699,187
701,188
701,190
702,192
701,195
701,197
700,199
699,200
697,201
695,201
692,202
690,202
688,201
687,199
687,196
687,194
end box14
686,193
687,190
688,188
690,185
693,184
696,184
699,184
702,184
706,184
709,186
711,189
711,193
710,196
710,200
709,204
706,205
702,205
699,206
696,206
692,207
688,206
686,204
686,200
686,196
end box15
635,189
635,188
637,187
639,186
648,186
651,187
652,189
653,192
653,195
651,197
648,196
637,197
635,196
634,194
633,192
end box16
674,192
674,190
676,189
677,187
678,187
683,186
685,187
687,188
688,189
689,191
689,194
689,196
688,198
686,199
684,200
681,200
679,200
677,200
675,199
674,198
674,195
674,193
end box17
553,194
553,192
554,190
555,189
557,189
562,189
564,189
566,190
567,191
568,193
568,196
568,198
567,200
565,201
563,202
560,201
559,201
557,201
555,200
553,199
553,197
553,195
end box18
577,190
578,189
578,189
579,188
583,188
583,188
584,189
585,190
585,191
585,192
585,194
583,194
582,194
581,195
580,194
579,194
578,194
577,193
578,192
end box19
719,194
719,191
720,190
722,188
724,187
725,187
730,187
732,187
735,188
736,190
737,193
735,201
733,203
730,204
728,203
725,204
722,204
720,203
719,201
718,198
718,196
end box20
334,144
335,142
336,141
337,141
339,141
340,142
340,144
340,145
341,146
341,147
340,148
341,150
340,152
339,153
338,154
336,153
334,152
334,150
end box21
549,163
550,162
551,162
552,162
553,162
554,163
554,164
555,165
555,166
554,167
554,168
554,170
553,170
551,170
550,170
549,169
548,168
end box22
561,165
562,164
564,164
565,165
565,165
566,166
566,167
566,168
566,169
566,170
566,172
564,172
563,172
562,172
561,171
end box23
142,146
142,144
143,141
145,139
148,138
150,137
153,137
156,138
159,138
161,140
163,143
163,146
163,149
163,152
162,155
160,158
156,159
153,159
150,159
147,159
144,157
142,155
142,152
142,149
end box24
580,173
581,174
581,174
582,175
582,176
582,177
582,178
581,179
580,179
579,179
578,179
577,179
577,178
end box25
564,173
566,173
566,173
567,174
568,174
568,175
568,176
568,177
568,178
567,179
566,179
565,180
564,179
563,179
end box26
660,177
660,177
661,177
662,177
662,177
663,178
663,178
664,179
664,180
664,181
664,182
663,183
662,183
661,183
660,183
659,182
659,182
end box27
147,157
147,155
148,153
149,152
151,150
153,150
155,150
157,150
159,151
160,152
161,154
162,156
162,159
162,161
161,164
160,165
157,166
155,167
152,166
150,166
148,164
147,163
147,160
147,158
end box28
648,158
649,158
650,158
651,158
652,158
652,158
652,164
651,165
650,165
649,165
648,164
end box29
end total30boxes
