726,217
730,203
747,183
757,170
775,168
795,168
811,166
831,168
847,175
857,186
876,203
878,218
881,241
878,263
875,286
859,291
829,282
776,284
745,295
728,291
725,266
725,241
end box0
667,196
668,191
673,185
677,181
683,180
689,180
694,181
700,181
706,181
711,184
715,190
717,196
718,203
717,211
714,217
707,219
700,218
694,217
689,218
682,220
674,221
668,218
666,211
667,203
end box1
604,181
604,179
606,178
607,176
610,176
618,176
620,177
622,179
623,181
624,184
623,187
623,191
620,191
609,191
606,191
604,190
603,186
603,184
end box2
650,187
651,184
652,182
654,179
657,178
660,177
663,177
666,177
671,177
674,178
676,182
675,187
672,197
670,199
666,200
663,201
660,201
655,202
651,201
649,198
650,194
650,190
end box3
623,174
624,173
625,173
629,173
631,173
632,174
632,176
633,177
632,179
632,181
631,182
629,182
627,182
626,182
624,181
623,181
622,180
end box4
574,179
574,177
575,176
577,174
579,174
587,174
589,175
591,177
592,179
592,182
592,185
591,188
588,189
585,189
578,189
575,188
573,187
573,184
573,182
end box5
640,188
641,186
641,185
642,183
644,182
646,181
648,181
650,181
652,182
654,183
655,185
655,187
655,190
654,192
654,194
652,195
650,196
648,197
645,197
643,197
641,196
640,194
640,191
640,189
end box6
654,181
655,179
656,177
657,176
659,176
667,175
669,176
671,178
671,180
671,183
670,185
669,188
667,188
660,189
658,189
656,189
654,187
654,185
654,183
end box7
620,178
620,176
621,175
623,173
625,173
633,173
635,174
637,176
638,178
638,181
638,184
637,187
634,187
631,188
629,187
626,187
624,187
622,187
620,185
619,183
619,181
end box8
599,186
601,183
603,180
605,177
608,177
617,177
621,177
623,179
626,183
627,185
627,189
627,194
627,199
623,200
607,199
603,199
600,198
600,193
599,189
end box9
577,175
578,174
579,174
584,174
585,174
586,175
586,177
586,178
586,180
586,182
585,183
583,183
581,183
580,183
578,183
577,182
577,181
end box10
637,182
638,180
639,179
640,178
641,177
643,176
644,176
646,176
649,176
651,177
652,179
652,181
651,184
651,186
650,188
648,189
646,190
644,190
642,191
640,191
638,190
637,188
637,185
637,183
end box11
591,173
592,173
596,173
598,173
599,174
599,176
599,177
599,179
599,181
597,181
596,182
594,182
593,182
591,182
590,181
end box12
641,175
641,175
642,174
643,174
644,174
645,174
646,175
646,176
647,177
647,178
647,179
647,181
646,181
644,182
643,182
642,182
641,182
640,181
640,180
end box13
609,175
610,174
615,174
617,174
618,175
618,177
618,178
618,180
618,182
617,183
615,183
610,183
609,182
608,181
end box14
584,180
584,178
586,176
587,175
589,174
597,174
599,175
600,177
601,179
601,182
601,184
600,187
598,188
595,189
593,188
590,189
588,188
586,188
584,186
584,184
584,181
end box15
496,155
497,155
499,155
500,155
501,156
501,157
502,162
501,163
500,163
498,164
497,163
496,163
end box16
646,162
647,163
648,163
648,164
648,165
648,166
648,167
647,168
646,168
645,169
644,168
643,168
end box17
655,142
656,142
657,142
658,142
659,142
660,143
660,144
661,145
661,146
661,147
660,149
660,150
659,151
657,151
656,151
655,150
654,149
end box18
626,161
626,161
628,161
628,161
629,162
629,162
630,163
630,166
629,167
628,167
627,167
626,167
625,167
end box19
594,161
594,161
596,161
597,162
597,162
597,163
597,164
597,165
597,166
597,167
596,167
595,167
594,167
593,166
end box20
626,161
626,161
628,161
628,161
629,162
629,162
630,163
630,166
629,167
628,167
627,167
626,167
625,167
end box21
end total22boxes
