360,194
361,188
365,183
370,181
376,181
389,181
395,181
400,183
404,188
407,193
408,200
408,208
405,213
398,214
390,213
385,212
380,212
375,212
369,213
363,211
361,206
361,200
end box0
508,180
508,178
509,177
511,175
513,175
518,175
521,175
523,176
524,178
525,180
526,183
526,186
525,189
522,190
519,190
517,189
514,190
512,190
509,189
508,188
507,185
507,183
end box1
491,181
491,179
493,177
494,176
496,175
504,175
506,176
507,178
508,180
508,183
509,186
508,189
505,189
502,190
497,189
495,189
493,189
491,187
491,185
490,183
end box2
291,202
295,196
299,191
305,190
310,190
315,190
318,190
323,190
328,190
334,191
339,196
344,202
346,209
345,216
339,220
330,221
324,221
319,220
314,221
309,221
303,221
294,220
289,216
289,209
end box3
521,181
521,179
522,177
523,176
525,175
532,176
534,177
535,178
536,180
537,183
537,186
536,188
534,189
531,189
529,189
526,189
524,189
522,188
520,187
520,185
520,183
end box4
576,176
576,176
580,176
581,176
581,177
582,178
582,179
582,180
582,182
581,183
579,183
578,183
577,183
576,183
575,182
574,181
end box5
309,197
312,191
316,186
322,184
328,184
332,184
337,184
341,185
347,184
353,186
356,191
361,197
364,204
363,212
358,216
348,217
342,217
337,216
332,217
327,216
321,216
313,215
309,211
308,204
end box6
528,177
529,177
533,177
534,178
535,179
536,180
536,181
536,183
536,185
534,185
533,186
531,186
530,186
528,185
527,185
527,184
end box7
560,179
561,178
562,178
563,178
564,178
565,178
566,179
567,180
567,181
567,182
567,183
567,185
566,186
565,187
563,187
562,187
561,186
560,185
end box8
496,176
497,176
500,175
502,176
503,176
503,177
504,179
504,180
504,182
504,184
503,185
501,185
499,185
498,185
496,185
495,184
495,183
end box9
556,182
556,180
557,178
558,177
560,177
565,176
567,177
569,178
570,179
571,181
571,184
571,186
571,189
568,190
566,190
561,190
559,190
557,189
556,188
556,185
555,183
end box10
585,193
587,188
593,182
598,180
603,180
618,180
624,180
629,182
635,187
638,192
639,201
638,208
634,215
628,217
602,215
593,217
588,215
585,208
585,200
end box11
789,125
791,123
812,123
815,124
817,149
815,151
789,150
787,148
end box12
1001,99
1004,97
1033,99
1034,126
1031,128
1004,127
1001,125
end box13
396,172
397,172
398,171
399,171
400,171
401,172
402,173
403,174
403,175
403,177
403,179
402,180
401,181
399,181
398,181
397,180
396,179
end box14
746,192
747,191
748,190
749,191
750,192
751,193
752,199
751,200
750,202
749,202
747,202
746,200
end box15
415,175
416,174
417,174
418,174
419,175
420,176
420,177
420,178
420,180
420,181
420,182
419,184
417,184
416,184
415,182
end box16
708,196
709,195
710,194
711,195
712,196
713,197
714,203
713,205
712,206
711,207
709,206
708,205
end box17
625,158
626,158
627,158
628,158
629,158
629,158
630,159
630,160
630,161
630,162
630,163
629,164
628,165
627,165
626,165
625,164
end box18
413,186
414,185
415,185
416,185
417,186
418,187
419,193
418,194
417,195
415,195
414,195
413,194
end box19
414,160
415,159
417,159
419,160
420,160
420,162
421,163
421,166
421,167
420,169
418,170
416,170
415,169
413,169
413,167
end box20
300,159
304,159
305,160
306,166
305,167
304,168
302,168
301,168
300,167
end box21
998,31
1000,26
1022,24
1026,28
1027,75
1024,77
998,77
997,70
end box22
278,144
279,145
280,146
280,153
279,154
277,154
274,154
272,154
end box23
398,160
399,160
400,160
401,160
402,160
403,161
403,162
403,167
403,168
402,169
400,169
399,169
398,168
end box24
end total25boxes
