566,206
570,197
580,185
586,175
597,173
611,173
622,173
635,174
649,175
658,181
667,195
670,206
667,222
667,237
663,252
652,255
633,252
621,252
611,252
598,254
579,258
569,254
567,237
567,222
end box0
650,139
664,138
666,140
666,156
665,158
651,159
649,157
end box1
623,156
624,155
626,155
628,156
628,156
628,165
627,165
625,166
624,166
622,165
end box2
657,178
658,176
659,175
666,174
668,175
670,177
671,179
670,189
669,191
667,192
664,192
661,192
659,191
657,190
656,187
end box3
691,162
692,161
696,161
697,162
698,163
698,168
697,169
696,170
694,170
693,170
692,169
691,168
end box4
609,146
614,145
615,146
616,153
615,155
613,156
610,156
608,155
end box5
666,159
667,161
667,169
666,170
658,170
656,169
end box6
610,153
615,153
616,154
616,163
614,164
611,164
609,163
end box7
646,159
651,159
652,160
652,169
650,170
647,170
645,170
end box8
541,106
542,106
545,106
546,106
546,116
545,117
542,117
540,116
end box9
770,154
771,154
772,154
773,154
774,155
775,156
775,163
774,164
772,165
771,164
770,164
end box10
493,110
494,110
495,110
497,109
498,110
499,111
498,120
497,121
495,121
494,121
492,120
end box11
end total12boxes
