14,228
33,200
56,184
88,181
111,181
129,186
144,192
159,194
176,195
200,197
222,211
249,233
262,265
253,285
219,296
184,298
163,298
146,297
130,298
113,298
89,300
56,300
24,284
15,261
end box0
351,168
363,151
386,146
406,147
418,148
428,149
435,149
443,150
453,151
466,153
483,159
504,171
514,192
507,204
480,212
459,211
365,202
355,189
end box1
254,196
274,177
300,171
322,171
335,171
346,172
355,170
365,172
377,172
393,176
415,183
442,199
452,223
443,238
408,245
382,244
320,243
295,245
264,237
254,221
end box2
499,177
500,172
503,169
507,169
518,170
521,170
524,172
528,173
531,177
533,181
532,186
529,189
524,190
519,190
516,189
499,181
end box3
571,174
572,172
573,170
574,169
576,169
583,169
585,170
586,171
588,173
588,176
588,179
587,181
585,182
582,182
575,182
573,181
571,180
571,178
571,176
end box4
668,193
672,188
677,182
681,180
687,179
692,179
697,180
702,180
709,179
715,181
719,187
722,193
723,201
722,208
718,213
709,214
702,214
697,213
692,214
686,216
677,217
670,215
666,209
667,201
end box5
621,176
622,174
623,172
624,171
626,171
633,171
635,171
637,173
638,175
638,178
638,180
637,183
634,183
631,183
625,184
623,184
621,182
621,180
621,178
end box6
624,175
624,174
625,173
625,172
626,172
630,172
631,173
632,174
633,175
633,176
633,178
633,180
631,180
630,180
628,181
627,180
625,180
624,180
624,179
624,177
end box7
517,177
517,173
520,170
523,169
527,170
534,170
537,170
539,172
543,174
545,177
547,181
546,185
544,188
539,189
535,189
532,188
519,183
517,180
end box8
556,174
556,172
557,170
559,169
561,169
568,170
570,170
572,172
574,174
574,177
574,180
573,183
570,184
567,183
560,183
558,183
556,181
555,179
555,177
end box9
532,176
533,172
536,170
539,169
542,169
549,170
551,170
554,171
558,173
560,176
562,180
562,184
559,187
554,188
550,187
547,187
535,185
533,183
532,179
end box10
590,172
591,171
591,171
592,170
595,170
596,170
597,171
598,172
598,173
598,174
598,176
598,177
597,178
595,178
594,179
593,178
592,178
591,177
590,176
end box11
540,176
539,174
540,172
542,170
544,170
549,170
551,171
553,172
554,173
555,175
556,178
556,180
555,183
553,184
550,184
548,184
544,183
541,183
540,181
539,178
end box12
589,167
590,165
591,163
592,162
601,162
603,163
605,164
606,166
606,169
606,172
605,174
602,174
594,174
591,174
589,173
589,171
589,169
end box13
531,144
535,144
536,145
537,146
537,147
537,149
537,151
536,152
535,153
533,153
532,153
531,152
530,151
end box14
end total15boxes
