650,193
651,190
653,187
655,184
658,184
661,183
664,183
667,184
671,183
674,185
676,189
677,193
677,196
676,200
675,205
672,206
667,206
664,206
661,207
657,207
653,207
650,204
649,200
650,196
end box0
637,193
637,191
638,190
639,189
640,188
642,187
643,187
645,187
647,188
649,188
650,190
650,193
650,194
649,196
649,198
647,199
645,200
643,201
641,201
639,201
637,200
637,198
636,196
637,194
end box1
386,151
387,151
388,151
390,151
391,151
392,153
391,162
390,163
389,164
387,163
385,162
end box2
415,206
418,195
421,181
429,174
443,174
478,175
491,174
500,181
507,194
509,205
505,219
505,232
501,244
491,251
479,251
466,248
455,249
441,252
429,253
419,246
416,232
415,219
end box3
415,206
418,195
421,181
429,174
443,174
478,175
491,174
500,181
507,194
509,205
505,219
505,232
501,244
491,251
479,251
466,248
455,249
441,252
429,253
419,246
416,232
415,219
end box4
end total5boxes
