310,251
331,231
352,215
372,206
390,203
408,202
423,204
441,204
459,207
480,214
506,227
518,250
525,280
520,303
498,320
469,325
443,322
424,315
392,312
365,319
333,319
310,303
303,280
end box0
556,193
557,188
561,183
566,180
571,180
576,181
581,180
585,181
592,180
597,182
600,188
603,193
604,200
604,208
601,213
594,215
587,214
581,213
576,213
571,214
564,214
558,212
555,207
556,200
end box1
528,170
528,169
529,168
530,168
531,168
532,169
533,170
533,171
533,172
533,173
533,174
533,175
532,176
532,178
530,178
529,178
528,177
527,175
527,174
end box2
430,165
430,164
431,163
432,163
433,163
434,164
434,165
434,166
435,167
435,168
435,169
435,170
434,171
434,173
432,174
431,173
430,171
430,170
end box3
542,187
543,184
546,181
549,180
552,182
554,186
554,190
554,200
554,204
553,210
550,210
546,209
543,205
end box4
451,138
452,137
457,137
458,138
459,139
459,146
458,147
456,147
451,147
450,146
end box5
end total6boxes
