271,198
279,185
294,179
309,178
320,178
329,179
336,178
345,178
354,179
364,183
379,189
393,200
398,217
393,230
374,234
356,235
345,235
337,235
329,236
280,227
273,215
end box0
164,206
176,190
194,184
211,183
223,184
233,185
241,183
249,184
260,185
272,188
288,196
308,208
318,228
313,242
289,250
265,249
251,248
241,247
171,238
165,225
end box1
30,219
55,197
84,191
109,192
123,193
143,195
152,197
164,197
181,199
203,206
238,222
253,249
242,263
201,271
173,269
80,269
44,261
31,246
end box2
390,192
391,186
396,181
402,180
408,180
412,181
416,181
421,181
425,182
430,184
434,188
440,193
442,200
442,207
436,211
428,212
422,213
417,212
412,212
408,211
403,210
397,209
392,205
391,199
end box3
1057,175
1061,169
1067,164
1073,162
1079,161
1094,161
1101,161
1109,161
1116,166
1119,175
1119,183
1116,191
1110,195
1100,196
1094,197
1089,197
1084,198
1078,198
1071,198
1062,196
1055,192
1055,183
end box4
423,189
426,182
431,178
437,178
443,178
447,178
450,178
454,178
459,178
464,179
469,184
475,189
478,196
476,203
469,206
461,207
456,207
451,207
447,207
442,206
438,205
431,204
425,201
423,195
end box5
560,175
560,175
561,174
562,174
563,174
564,175
565,175
565,176
566,177
566,178
566,179
566,181
565,182
563,182
562,182
561,182
560,182
559,181
end box6
593,177
593,177
594,176
595,176
596,176
597,177
597,177
598,178
598,179
598,180
598,181
598,182
597,183
596,184
595,184
594,184
593,183
592,182
end box7
end total8boxes
