6,224
27,209
44,200
60,197
73,197
83,199
92,198
102,199
115,198
130,201
150,208
171,224
176,246
169,261
142,267
117,266
102,265
72,266
57,268
31,269
5,262
0,247
end box0
331,203
342,193
350,185
359,181
369,181
377,181
384,179
392,180
401,181
412,184
422,192
431,202
434,216
434,230
422,235
403,237
394,238
385,236
376,235
369,234
359,234
340,234
331,228
329,217
end box1
500,191
501,187
503,184
506,182
510,182
516,181
519,182
523,182
526,184
529,187
531,190
532,195
532,200
530,205
525,205
520,205
516,204
513,204
509,204
506,204
502,202
500,199
500,195
end box2
471,189
476,184
480,180
486,179
490,179
494,179
497,180
500,180
505,180
510,181
516,184
522,189
525,196
524,203
516,206
507,206
502,205
497,205
494,205
490,205
484,205
476,205
470,202
469,196
end box3
522,189
522,187
524,185
525,184
527,184
530,184
531,184
533,185
535,187
536,189
536,190
537,193
537,195
536,198
535,199
532,200
530,200
527,199
525,199
524,198
523,196
end box4
594,204
596,198
601,190
607,186
615,187
634,187
642,187
647,190
652,198
655,204
656,213
656,223
654,231
645,233
635,231
614,231
604,233
596,230
594,222
595,213
end box5
557,176
557,176
558,175
559,174
560,175
561,175
561,176
562,177
562,178
562,179
562,180
562,181
561,182
561,184
559,185
558,184
557,182
557,181
end box6
548,178
548,178
549,177
550,177
551,177
552,178
552,178
552,179
553,180
553,181
553,182
553,183
552,184
551,185
550,186
549,185
548,184
548,183
end box7
521,146
522,147
522,152
522,154
520,156
513,156
512,155
end box8
744,158
745,159
746,160
746,161
746,162
746,163
746,165
745,166
744,167
741,166
740,166
739,165
end box9
514,156
515,155
517,155
519,155
520,156
521,163
520,165
518,166
516,166
515,166
513,165
end box10
529,177
529,176
530,176
531,176
532,176
533,176
534,177
534,178
534,179
534,180
534,181
535,183
534,184
533,185
531,185
530,184
529,183
528,182
end box11
628,160
629,160
630,160
631,160
632,160
633,161
633,162
634,163
633,165
633,167
633,168
632,168
630,169
629,168
628,168
627,166
end box12
725,159
729,159
729,159
730,160
731,161
730,162
730,163
730,165
730,165
728,166
727,166
726,166
725,165
724,164
end box13
738,146
743,146
745,146
746,147
746,149
746,150
746,152
746,154
745,155
743,155
741,155
740,155
738,155
737,154
737,152
end box14
753,211
754,210
756,208
757,206
760,206
762,207
764,208
765,210
766,212
767,214
767,217
767,219
767,222
766,225
763,227
760,227
757,227
755,225
753,223
752,220
end box15
527,155
528,154
529,154
530,154
532,154
532,156
533,162
532,163
531,165
529,165
528,165
527,164
end box16
end total17boxes
