568,176
568,174
569,173
570,172
571,171
573,171
576,171
578,171
580,172
581,174
581,176
581,178
581,180
581,182
579,183
576,183
574,183
573,183
571,183
569,183
567,181
567,179
567,177
end box0
539,180
540,178
541,177
541,175
543,174
545,173
547,173
549,173
551,174
552,175
553,177
554,179
554,182
553,184
553,186
551,188
549,189
547,189
544,190
542,189
540,188
539,185
539,183
539,181
end box1
549,179
550,176
553,173
555,171
558,170
567,171
571,170
574,172
577,175
578,179
578,183
578,187
576,191
572,192
567,192
557,192
553,192
550,191
548,186
548,182
end box2
918,213
935,184
959,160
981,142
1010,142
1037,145
1060,147
1087,142
1115,145
1139,158
1157,185
1175,213
1186,250
1181,284
1159,312
1130,323
1091,316
1061,307
1008,312
970,319
939,309
915,284
910,251
end box3
556,178
556,176
557,174
558,173
560,172
562,171
566,171
568,172
570,173
571,175
572,177
571,180
571,182
571,185
569,186
566,187
564,187
561,187
559,187
557,186
555,184
555,182
555,179
end box4
768,224
768,219
768,212
769,204
773,191
781,175
790,176
799,190
802,203
802,213
803,219
804,224
803,229
803,234
802,239
803,251
803,272
793,278
778,278
770,267
771,247
770,238
768,234
768,229
end box5
494,175
494,174
495,172
496,172
497,172
498,174
499,175
499,176
499,177
499,178
499,179
499,180
498,182
498,184
497,185
495,184
494,182
493,180
end box6
480,173
480,172
481,170
482,170
483,171
484,172
485,173
485,174
485,175
485,176
485,177
485,178
485,180
484,181
482,183
481,182
480,180
479,178
end box7
542,143
543,142
545,142
546,143
546,143
547,144
547,145
547,147
547,148
546,149
545,150
544,150
543,150
542,149
541,148
end box8
616,111
617,109
638,108
640,110
640,118
637,120
617,119
616,117
end box9
559,127
559,126
560,126
561,126
562,126
563,126
564,127
564,128
565,129
565,131
565,133
564,134
563,135
561,135
560,135
559,134
558,133
end box10
558,160
558,160
559,159
561,159
562,159
563,160
563,161
564,162
564,163
564,164
564,166
563,167
562,168
560,168
559,167
558,167
557,166
end box11
542,158
545,157
546,158
547,158
547,159
548,160
548,161
547,162
548,164
547,165
545,165
544,165
543,165
542,165
541,164
end box12
574,143
574,143
578,143
579,143
579,144
580,145
580,147
580,149
579,150
577,150
576,150
575,150
574,150
573,149
end box13
544,126
545,125
546,125
547,125
548,126
548,126
549,127
549,128
549,129
549,130
549,131
548,132
547,133
546,133
545,133
544,132
543,131
end box14
411,208
411,206
411,203
410,196
412,190
417,186
423,184
429,186
431,193
430,201
431,205
431,208
431,211
431,214
431,218
430,224
428,232
423,236
417,234
413,227
412,220
411,216
411,213
411,211
end box15
461,204
461,201
461,197
464,195
467,194
471,195
472,198
472,202
472,205
472,207
472,208
472,210
472,213
472,216
471,221
468,223
464,222
461,219
461,214
460,211
461,210
end box16
405,194
406,190
406,186
407,181
410,172
416,163
422,161
428,169
431,178
433,184
435,189
435,193
434,197
433,201
432,206
430,212
428,222
424,230
414,227
410,219
409,209
408,204
407,200
406,197
end box17
455,190
454,188
455,185
455,181
457,176
461,169
465,168
469,173
471,180
472,184
473,187
472,190
472,193
471,195
470,197
470,202
469,210
466,213
460,213
457,207
457,200
457,196
456,194
455,192
end box18
end total19boxes
