461,195
461,190
462,184
463,175
466,162
474,146
483,146
492,161
495,175
496,183
496,190
497,195
497,200
495,205
494,210
495,220
494,238
486,250
472,250
464,237
465,217
464,209
463,204
462,200
end box0
514,207
515,204
515,201
515,196
517,188
522,179
528,177
533,184
535,193
536,199
537,203
537,207
536,210
536,213
534,216
535,224
535,235
529,239
520,241
515,235
516,221
516,215
515,212
515,210
end box1
571,210
571,208
571,204
571,198
572,189
577,178
585,177
590,184
592,196
592,203
592,207
592,210
591,213
592,216
591,220
592,228
591,241
586,246
576,246
571,238
572,224
572,218
572,215
571,213
end box2
737,42
738,39
740,35
742,31
746,29
751,29
755,28
759,29
763,31
766,34
769,38
770,42
769,47
769,52
767,56
764,59
759,61
755,61
750,62
746,61
742,58
739,55
738,51
738,46
end box3
end total4boxes
