531,179
532,175
534,169
537,166
543,165
547,164
552,164
557,165
562,166
566,169
568,174
570,178
570,184
570,191
569,197
565,200
558,199
552,198
547,198
541,199
535,199
532,196
531,189
532,184
end box0
659,202
663,194
670,185
677,178
686,178
695,178
703,178
712,178
722,179
731,183
738,192
742,201
741,214
741,226
737,236
725,238
712,235
703,235
695,235
687,236
673,239
662,237
659,225
659,214
end box1
572,178
572,176
573,174
574,172
576,172
582,172
585,173
587,174
588,176
589,178
589,181
589,184
589,187
587,188
583,188
581,188
576,187
574,187
573,185
572,180
end box2
586,172
587,170
588,169
590,168
592,168
594,169
596,169
598,169
600,171
601,172
602,174
602,177
603,179
602,182
600,184
597,184
595,183
592,183
590,183
588,182
587,181
end box3
970,203
983,187
994,177
1008,171
1021,169
1033,167
1044,166
1058,166
1076,162
1097,165
1108,180
1109,200
1107,220
1106,237
1094,251
1075,255
1058,254
1044,253
1033,252
1021,251
1003,252
983,250
966,239
966,222
end box4
651,177
651,174
653,170
655,167
658,167
662,167
665,166
669,167
673,166
675,169
678,173
678,176
678,180
678,185
678,190
675,192
669,191
657,192
653,192
651,189
651,184
651,180
end box5
594,172
595,171
596,171
597,171
598,171
599,172
600,173
601,174
601,175
601,176
601,178
601,179
600,180
599,181
597,181
596,181
595,180
594,179
end box6
655,190
656,189
657,187
658,186
660,185
668,185
670,186
671,188
672,190
672,193
672,196
672,199
669,199
666,199
659,200
656,199
654,198
654,195
654,193
end box7
611,159
611,159
612,159
612,159
613,159
614,160
614,160
615,161
615,162
615,163
615,164
614,165
613,165
612,165
611,165
610,164
610,164
end box8
end total9boxes
