271,180
273,176
275,173
279,172
295,173
299,174
303,177
306,180
307,185
307,191
303,194
298,195
293,195
279,193
274,193
271,189
271,185
end box0
618,176
618,174
619,172
620,171
622,170
624,170
627,170
629,171
631,172
632,173
633,175
634,178
634,180
633,183
631,184
628,184
626,184
623,184
621,184
619,183
618,182
617,180
617,178
end box1
213,177
216,172
222,168
228,167
233,167
237,167
240,167
244,168
249,167
254,168
260,172
266,177
269,185
267,192
260,196
251,196
245,196
241,196
236,196
232,196
226,196
219,195
213,191
212,184
end box2
624,174
625,173
626,173
628,173
629,173
630,174
631,175
631,176
631,177
631,179
631,180
630,181
629,181
627,182
626,181
625,181
624,180
623,179
end box3
444,174
445,173
445,173
446,172
450,172
451,172
452,173
452,174
452,175
452,176
452,178
451,178
449,179
448,179
447,179
446,178
445,178
444,177
444,176
444,175
end box4
308,177
309,173
311,171
314,169
317,169
326,169
329,169
332,171
335,173
337,177
338,181
338,186
336,189
331,190
327,190
323,189
320,189
317,189
313,189
309,188
308,184
308,181
end box5
587,192
587,187
590,181
594,177
600,176
606,176
611,175
617,176
624,176
627,180
630,188
631,192
631,199
632,205
631,214
628,218
618,216
611,214
606,215
599,217
589,219
587,213
587,205
587,198
end box6
327,179
327,177
328,175
329,173
332,173
333,172
336,172
338,172
340,173
341,174
342,176
344,178
344,181
344,184
343,187
341,188
338,188
336,188
333,188
331,188
329,187
327,185
327,183
327,181
end box7
545,162
545,162
549,162
550,162
550,163
551,164
551,165
551,166
551,168
550,169
548,169
547,169
546,169
545,169
544,168
543,167
end box8
461,174
463,172
463,172
464,172
467,172
467,172
468,173
469,174
469,175
469,176
469,178
467,178
466,179
465,179
464,178
463,178
462,178
461,177
end box9
562,162
562,162
563,162
564,162
565,162
565,162
566,162
567,163
567,164
567,165
567,166
567,168
566,168
565,169
564,169
563,169
562,168
561,167
561,167
end box10
310,178
310,176
311,174
312,173
314,172
316,172
319,172
321,172
323,173
325,174
326,176
327,178
327,181
328,184
327,187
324,188
321,188
319,188
316,188
314,188
311,187
310,186
309,183
309,181
end box11
539,165
540,163
541,161
543,160
544,160
551,160
553,161
554,162
556,164
556,167
556,170
555,172
552,173
550,172
543,173
541,172
539,171
539,169
539,167
end box12
496,171
496,171
497,171
498,171
499,170
500,171
500,171
501,172
501,173
501,174
501,175
501,176
500,177
499,177
498,178
497,177
496,177
495,176
495,176
end box13
293,179
294,177
296,176
298,175
305,175
307,176
309,177
310,179
311,181
312,184
312,187
311,190
309,191
306,192
303,191
300,191
298,190
296,190
294,188
end box14
595,208
597,205
600,203
603,201
606,200
615,200
618,201
621,202
625,205
628,208
629,213
628,218
626,222
621,223
616,222
605,222
601,222
596,221
594,217
594,213
end box15
586,175
586,173
587,172
589,170
591,170
592,169
597,169
599,169
601,171
603,173
604,175
604,178
604,181
603,184
600,185
597,185
592,185
590,186
587,185
585,183
585,180
585,178
end box16
344,176
344,174
345,172
346,171
348,171
350,170
351,170
353,170
355,171
357,172
358,174
359,175
359,178
359,180
358,183
356,184
354,184
352,184
349,184
347,184
346,183
344,182
344,179
344,177
end box17
545,171
546,170
546,170
547,169
549,169
550,169
551,170
551,171
552,172
552,173
552,174
552,176
551,176
549,177
548,177
547,177
546,176
545,176
544,175
end box18
603,175
603,173
605,171
607,170
609,169
615,169
617,170
619,171
620,173
622,175
622,178
622,181
621,184
619,185
616,186
605,184
603,183
603,180
603,178
end box19
661,158
662,158
663,159
663,160
663,161
663,162
663,163
662,164
661,164
660,165
659,164
658,164
end box20
415,145
417,145
418,145
419,145
420,146
421,147
421,148
421,149
421,150
421,152
420,153
419,154
417,154
416,154
415,153
414,152
end box21
414,157
415,157
417,157
418,157
419,158
419,159
420,160
420,162
420,164
419,165
418,165
416,166
415,165
414,165
413,164
end box22
396,171
397,170
400,170
401,171
402,172
402,179
402,181
400,182
399,183
397,182
395,181
end box23
281,126
283,122
286,121
290,120
293,121
295,124
296,147
294,150
290,151
285,149
282,147
281,143
end box24
513,161
513,161
514,161
515,161
515,161
516,161
517,162
517,163
517,164
517,165
517,166
516,167
515,168
514,168
513,168
512,167
512,166
end box25
479,160
479,160
480,160
481,160
481,160
482,161
482,161
482,162
482,163
482,164
482,165
482,166
481,166
480,167
479,166
478,165
end box26
695,158
696,157
698,157
699,158
699,158
700,159
700,160
700,162
700,163
699,164
698,165
697,165
696,165
695,164
end box27
355,162
355,162
356,163
356,164
356,165
356,166
356,167
355,168
354,169
353,169
352,169
351,168
end box28
497,162
497,162
498,162
499,162
499,162
500,162
501,163
501,164
501,165
501,166
501,167
500,168
499,169
498,169
497,169
496,168
end box29
380,160
384,159
385,160
385,161
386,166
385,167
384,168
382,168
381,167
380,167
end box30
510,172
510,172
511,171
512,171
513,171
514,172
514,172
515,173
515,174
515,175
515,176
515,178
514,178
513,179
512,179
511,179
510,178
509,177
end box31
577,161
578,161
578,161
579,161
580,161
581,161
581,161
582,162
582,163
582,164
582,165
582,166
581,167
580,168
579,168
578,168
577,167
576,166
end box32
334,158
335,157
337,157
338,158
339,158
339,159
339,163
339,165
337,165
336,165
335,165
334,164
end box33
334,158
335,157
337,157
338,158
339,158
339,159
339,163
339,165
337,165
336,165
335,165
334,164
end box34
479,160
479,160
480,160
481,160
481,160
482,161
482,161
482,162
482,163
482,164
482,165
482,166
481,166
480,167
479,166
478,165
end box35
end total36boxes
