556,180
556,178
557,176
558,175
560,175
562,174
565,174
567,174
569,175
570,177
571,179
571,182
571,184
571,187
568,188
566,188
561,188
559,188
557,188
556,186
555,184
555,181
end box0
332,188
334,185
337,182
341,181
355,182
359,183
363,185
367,188
368,193
367,198
363,201
357,201
336,200
332,197
331,193
end box1
506,179
507,177
508,175
509,174
511,174
513,173
514,173
516,173
518,174
520,175
521,176
522,178
523,181
523,183
522,186
519,187
517,187
515,187
512,187
510,187
508,186
507,185
506,183
506,181
end box2
512,177
512,177
513,176
514,176
515,176
516,177
516,177
517,178
518,179
518,180
518,181
518,183
517,183
515,184
514,184
513,184
512,183
511,183
511,182
end box3
529,174
529,174
530,173
531,173
532,173
533,174
533,174
534,175
534,176
535,177
534,178
535,180
533,180
532,181
531,181
530,181
529,180
528,180
528,179
end box4
412,116
412,115
412,114
413,113
413,111
415,110
416,109
418,110
419,111
420,113
421,114
421,116
421,117
421,119
421,121
421,123
419,124
417,125
414,125
413,124
411,122
411,120
411,118
411,117
end box5
578,174
579,174
580,174
581,174
582,174
583,175
583,176
584,178
584,179
584,181
583,182
582,183
580,183
579,183
578,182
577,181
end box6
493,158
494,158
496,158
497,158
497,158
498,159
498,160
498,161
498,162
498,163
497,164
496,165
495,165
494,165
493,164
492,163
end box7
583,142
584,143
584,144
585,149
584,150
582,150
581,150
580,150
579,150
578,149
end box8
579,161
580,161
580,162
581,163
581,164
581,165
581,167
580,168
579,168
577,168
576,168
575,168
574,167
end box9
577,124
578,124
580,123
581,124
582,125
582,132
581,133
579,133
578,133
577,132
end box10
494,147
498,147
499,147
499,148
500,149
500,150
500,151
499,153
499,154
497,154
496,154
495,154
494,153
493,153
end box11
808,123
810,120
846,122
846,139
844,144
808,143
807,139
end box12
550,158
551,158
551,159
552,160
552,161
552,162
552,164
551,165
549,165
548,165
547,165
546,164
545,164
end box13
562,162
565,162
566,162
567,163
567,164
567,165
567,166
567,167
566,168
565,169
564,169
563,169
562,168
561,167
end box14
630,161
631,161
632,162
632,163
632,165
632,166
631,167
630,168
629,168
628,168
627,167
end box15
613,160
613,160
615,160
616,161
617,161
617,165
616,166
615,167
614,167
613,166
612,166
end box16
530,148
531,148
532,149
532,150
532,151
532,152
532,153
531,154
530,155
529,155
528,155
527,154
526,153
end box17
end total18boxes
