429,206
435,199
442,189
447,182
456,181
465,181
473,181
482,182
493,183
500,187
510,196
513,205
512,217
510,229
507,240
495,240
481,237
456,239
442,243
433,240
429,229
429,218
end box0
553,204
556,199
562,194
566,191
572,191
587,191
593,191
598,193
603,199
608,203
609,212
608,220
603,226
596,227
563,226
557,225
553,218
553,211
end box1
516,196
517,192
519,188
522,185
526,185
530,185
537,185
541,185
544,188
548,191
549,195
550,200
550,205
548,210
543,212
538,212
533,211
530,210
526,210
523,209
519,207
517,204
517,200
end box2
372,207
374,204
378,201
381,199
384,199
397,199
400,201
404,204
407,207
408,212
408,218
404,221
398,222
393,221
383,222
378,222
373,221
371,217
371,212
end box3
501,195
502,191
503,188
506,186
510,185
513,185
519,185
523,185
526,188
529,191
530,194
530,199
530,203
529,208
525,210
520,210
516,208
513,208
510,208
506,207
503,205
502,202
501,198
end box4
522,194
522,192
523,190
525,188
527,187
529,186
532,186
534,186
537,187
539,189
540,191
541,194
542,197
542,200
540,203
538,205
535,207
532,206
529,206
527,205
524,203
523,202
522,199
522,197
end box5
195,206
205,196
218,187
228,182
239,182
248,182
257,182
266,183
277,183
288,186
302,195
310,206
312,223
310,237
298,247
282,247
223,247
207,248
196,236
193,223
end box6
559,191
562,187
567,184
571,182
575,182
590,182
594,183
600,186
604,190
604,197
604,203
599,207
592,207
570,207
564,206
559,202
559,197
end box7
506,195
506,192
507,190
508,189
511,188
512,188
515,187
517,188
519,189
521,190
522,192
523,194
524,197
524,200
523,203
521,204
518,205
515,205
512,204
510,204
508,203
506,201
506,199
505,197
end box8
434,194
439,187
446,183
453,181
460,181
483,180
492,181
501,185
506,194
506,204
503,213
494,217
451,219
439,218
431,213
432,204
end box9
538,193
538,191
539,189
540,188
542,187
544,186
545,186
547,187
549,188
551,189
552,191
553,192
553,195
553,197
552,200
551,201
548,202
546,202
543,201
542,201
540,200
539,198
538,194
end box10
676,113
677,112
678,112
679,112
680,113
680,114
681,115
681,119
681,121
680,122
678,123
677,122
676,121
end box11
717,132
720,126
742,129
747,131
745,173
742,175
721,176
719,170
end box12
533,171
534,172
534,173
535,174
535,176
535,178
534,179
533,179
530,179
529,179
528,178
end box13
570,144
571,141
600,141
601,144
601,153
598,156
573,155
570,152
end box14
303,158
305,156
321,156
323,157
324,175
322,177
304,176
end box15
609,163
613,163
614,163
614,164
614,168
614,170
612,170
611,170
610,170
609,169
end box16
285,221
288,217
292,216
295,217
296,223
297,243
296,250
292,251
287,249
285,244
end box17
417,192
418,191
420,191
421,192
422,192
422,193
422,197
422,199
420,199
419,200
418,199
417,199
end box18
534,167
535,168
536,169
536,170
536,171
535,172
534,173
533,174
532,174
531,174
530,173
529,172
529,172
end box19
499,140
505,136
546,136
554,140
555,148
551,152
502,152
498,148
end box20
559,179
560,178
561,178
562,178
563,179
563,179
564,180
564,181
564,183
564,184
564,186
562,186
561,187
560,186
559,185
end box21
321,175
322,176
322,181
321,182
320,183
317,183
316,182
315,181
end box22
583,170
584,171
584,172
585,177
584,178
582,178
580,178
579,178
end box23
368,194
369,194
370,194
371,194
372,194
373,195
373,196
374,197
374,198
374,199
374,201
373,202
372,203
370,203
369,202
368,202
end box24
498,141
500,136
508,133
552,136
555,141
555,150
555,156
498,156
498,150
end box25
300,159
313,158
316,159
316,174
314,176
302,177
299,176
end box26
608,173
609,172
610,173
611,173
612,173
612,173
613,174
613,178
612,179
611,180
610,180
609,180
608,179
end box27
end total28boxes
