670,206
676,196
687,184
696,175
708,173
721,174
732,174
744,175
758,176
769,182
782,194
785,205
783,222
781,239
776,252
759,252
742,248
731,250
721,251
709,252
689,256
674,255
670,240
671,223
end box0
433,219
437,211
444,200
451,194
462,194
471,194
480,193
490,193
499,195
507,200
518,209
521,217
520,231
519,244
515,254
502,256
489,253
480,253
472,252
463,252
451,254
438,253
434,243
433,231
end box1
535,191
536,189
539,186
541,183
545,183
554,183
558,183
560,185
564,188
565,191
565,196
566,200
564,205
560,206
555,205
544,205
540,205
537,204
536,199
535,195
end box2
1113,270
1118,257
1124,244
1133,232
1145,224
1160,221
1177,216
1201,203
1218,209
1222,230
1220,352
1203,358
1178,349
1158,346
1135,351
1116,344
1109,326
1109,304
1110,286
end box3
612,175
612,175
616,175
617,175
617,176
618,177
618,178
618,179
618,181
617,181
615,182
614,182
613,182
612,181
611,181
610,180
end box4
586,179
586,178
588,176
589,175
591,175
598,175
600,175
602,177
603,179
604,182
604,185
603,187
600,188
590,188
587,188
585,187
585,184
585,182
end box5
662,193
664,189
666,187
669,184
671,183
675,182
682,182
686,182
690,184
693,188
693,192
674,208
670,209
665,209
663,205
661,201
662,197
end box6
655,194
656,189
660,185
664,181
669,180
674,180
679,180
684,180
691,180
696,182
699,188
699,194
674,216
667,218
660,218
656,214
654,207
655,201
end box7
625,176
625,176
626,175
627,175
628,175
629,176
630,176
630,177
631,178
631,179
631,180
631,182
630,183
628,183
627,183
626,183
625,182
624,182
end box8
608,178
608,176
610,175
611,174
612,174
619,173
620,174
622,176
623,177
624,180
624,182
622,185
620,185
617,185
612,185
609,185
608,184
607,182
607,180
end box9
643,179
645,175
649,173
652,172
655,171
666,171
670,172
674,174
676,178
676,183
675,187
654,192
650,191
646,190
642,187
642,183
end box10
638,180
638,178
640,177
641,176
642,175
644,174
645,174
647,174
649,174
652,175
653,177
653,179
653,182
653,184
652,186
650,187
648,188
645,188
643,189
641,189
639,188
638,186
637,184
637,181
end box11
590,179
591,176
596,176
597,177
598,178
599,179
599,180
599,182
599,184
597,184
596,185
593,184
591,184
590,184
589,183
590,181
end box12
640,176
640,175
641,175
642,175
643,175
644,175
645,176
645,177
646,178
646,179
646,180
646,182
645,182
643,183
642,184
641,184
640,183
639,182
639,181
end box13
508,143
509,142
512,142
513,142
514,143
515,144
515,149
514,150
513,150
511,151
510,150
509,150
508,149
end box14
506,154
507,153
509,152
511,151
513,151
515,151
517,152
518,153
519,155
519,160
519,162
519,164
518,166
515,168
513,168
510,167
508,167
507,165
506,163
end box15
330,123
331,121
332,119
333,118
336,118
338,117
340,118
342,118
344,120
345,122
346,124
345,127
345,129
345,132
343,134
341,135
338,135
335,135
333,134
331,133
330,130
330,128
end box16
1134,106
1134,104
1135,102
1137,102
1139,101
1141,101
1143,101
1145,101
1147,103
1148,105
1148,107
1148,110
1148,112
1147,115
1146,117
1144,118
1141,118
1138,118
1136,117
1134,116
1134,113
1133,111
1133,109
end box17
813,223
813,220
813,216
814,210
817,203
822,195
828,196
833,202
836,210
837,215
838,219
838,223
838,226
837,230
836,234
836,241
834,250
829,254
820,253
816,248
815,238
815,232
814,229
813,226
end box18
end total19boxes
