834,200
844,184
861,163
876,151
896,149
915,154
931,157
950,157
969,159
987,165
1005,183
1010,201
1014,226
1009,250
1003,270
975,269
949,264
897,268
868,278
843,273
833,254
833,227
end box0
679,174
680,173
681,173
682,173
683,174
684,175
685,181
684,182
683,183
681,184
680,183
679,182
end box1
906,125
907,123
908,122
911,122
913,122
915,124
916,126
917,128
917,130
917,131
917,133
916,136
915,138
914,140
911,141
908,141
906,139
905,137
905,134
end box2
887,110
888,109
889,109
892,108
893,109
894,110
895,111
895,117
894,119
892,120
890,120
889,120
887,119
886,118
end box3
872,130
873,129
874,129
875,129
876,130
877,131
878,132
878,133
878,135
878,137
877,138
876,139
874,139
873,139
872,138
871,137
end box4
884,121
885,119
890,118
892,118
894,119
895,121
894,135
893,136
890,137
887,137
885,136
884,133
end box5
856,161
857,161
859,161
860,161
861,162
862,168
861,169
860,170
858,170
857,170
856,169
end box6
end total7boxes
