446,188
450,183
457,178
463,177
468,177
480,178
486,177
491,179
497,183
504,188
508,197
507,204
498,208
488,207
481,206
468,206
462,207
452,207
445,203
445,196
end box0
-1,285
19,249
53,232
95,234
123,237
143,241
159,245
176,246
195,248
224,252
257,265
293,293
312,333
297,355
249,369
209,371
60,369
16,351
-1,326
end box1
681,170
682,170
684,170
685,170
686,171
686,172
686,173
686,174
686,176
685,176
684,176
683,176
682,176
681,176
680,175
680,175
680,174
680,173
end box2
666,170
670,170
671,170
671,171
672,172
672,173
672,174
672,176
670,176
669,177
668,177
667,176
666,176
665,176
664,175
end box3
698,172
698,172
702,172
703,172
703,173
704,174
704,175
704,176
704,178
703,178
701,179
700,179
699,179
698,178
697,178
696,177
end box4
614,171
615,169
621,169
622,170
623,171
623,172
623,174
622,175
621,176
616,176
615,175
614,174
end box5
382,179
383,176
385,173
387,171
390,171
398,171
402,171
404,173
407,176
409,179
409,183
409,187
407,190
404,192
399,192
396,191
393,191
390,191
386,191
383,189
382,186
382,182
end box6
710,177
711,175
712,175
716,174
717,175
718,176
718,177
719,178
718,180
718,181
717,182
715,182
714,182
713,182
712,182
711,181
710,180
710,179
710,178
end box7
599,173
599,173
600,172
601,172
602,172
603,173
604,173
604,174
605,175
605,176
604,177
604,179
603,179
602,180
601,181
600,180
599,179
598,178
end box8
520,187
521,186
522,185
523,185
524,185
525,186
526,187
526,188
527,189
527,190
527,191
527,193
526,194
525,195
523,195
522,195
521,194
520,193
end box9
80,7
93,0
187,0
200,7
201,26
190,32
84,32
78,25
end box10
683,159
684,160
685,160
685,164
684,165
683,165
682,166
681,165
680,165
end box11
794,140
803,139
803,140
804,147
802,148
795,148
794,148
end box12
136,83
138,74
145,71
153,67
161,69
164,79
163,123
161,134
153,137
143,136
137,133
136,119
end box13
875,136
876,136
879,136
880,136
880,138
880,145
879,146
877,147
876,147
874,146
end box14
985,52
988,44
996,45
1003,42
1012,44
1016,51
1014,85
1015,95
1011,102
1004,106
995,105
988,102
985,94
end box15
617,158
619,158
620,159
620,159
620,163
620,164
619,164
618,164
617,164
616,163
end box16
186,88
189,82
197,85
203,88
208,91
213,92
213,99
214,104
214,108
214,111
214,115
214,120
213,127
208,129
203,135
197,136
189,137
187,129
end box17
end total18boxes
