588,176
588,175
590,173
591,172
593,171
601,171
602,172
604,174
605,176
605,179
605,182
604,185
602,185
599,185
592,185
589,185
588,184
587,181
587,179
end box0
474,177
474,176
476,174
477,172
479,172
487,172
489,173
490,175
491,177
491,180
491,183
491,186
488,187
485,187
478,187
475,186
474,185
473,182
473,180
end box1
559,175
560,174
560,174
561,173
565,173
566,173
566,174
567,175
567,176
567,177
567,179
566,179
564,180
563,180
562,179
561,179
560,179
559,178
559,177
559,176
end box2
576,172
576,172
577,171
580,172
581,172
581,173
582,174
582,175
582,176
582,178
581,178
579,179
578,179
577,179
576,178
575,178
574,177
end box3
545,173
545,173
549,173
550,173
550,174
551,175
551,176
551,177
551,179
550,179
548,180
547,180
546,179
545,179
544,179
543,178
end box4
554,176
555,175
557,173
559,173
567,172
569,173
571,174
573,176
574,179
573,182
572,184
568,184
559,184
557,185
554,184
553,181
553,179
end box5
490,178
490,176
491,174
492,172
493,171
500,171
502,171
504,173
505,175
505,177
505,180
505,182
505,185
503,187
501,188
495,187
493,187
491,186
490,184
489,179
end box6
507,177
507,175
508,173
509,172
511,171
516,171
519,171
520,172
521,174
522,176
522,179
522,181
522,184
520,185
517,186
512,186
510,186
508,185
507,183
506,181
506,178
end box7
624,162
624,161
625,160
626,160
627,160
627,161
628,162
628,162
628,163
628,164
628,165
628,166
628,167
627,168
626,169
625,168
624,167
624,166
end box8
703,173
704,171
705,169
706,167
708,167
709,165
712,165
714,166
716,167
718,168
719,170
720,172
721,175
720,178
719,180
717,182
714,183
712,183
709,183
707,182
705,180
704,179
702,177
702,175
end box9
349,172
350,171
356,170
357,171
358,172
359,174
359,177
359,179
357,180
355,181
352,181
350,180
349,179
348,178
end box10
705,194
705,192
706,191
706,189
708,188
709,187
712,187
714,187
716,188
717,190
718,191
718,193
718,196
718,198
717,200
716,202
714,203
712,203
709,204
707,203
706,201
705,199
704,197
704,195
end box11
621,144
622,146
624,147
623,152
623,154
621,155
611,154
610,153
end box12
463,159
464,158
465,158
466,158
467,159
467,159
468,160
468,161
468,162
468,163
468,164
467,165
466,166
465,166
464,166
463,165
463,164
end box13
498,159
499,160
500,161
500,162
500,164
500,166
499,167
498,168
495,167
494,167
493,166
end box14
449,158
450,158
451,158
452,158
453,158
454,159
455,160
455,161
455,163
455,165
454,166
453,167
451,167
450,167
449,166
448,165
end box15
345,173
346,171
347,169
349,169
357,169
359,170
360,172
361,177
361,180
360,182
358,184
355,185
348,184
346,183
345,181
end box16
493,173
494,172
495,172
497,172
499,172
500,173
500,175
501,181
500,182
498,182
496,183
495,182
493,182
492,181
end box17
611,160
612,159
613,159
614,159
615,160
615,160
616,161
616,162
616,163
616,164
616,165
615,166
614,167
613,167
612,167
611,166
611,165
end box18
417,173
418,172
419,172
420,172
421,172
422,173
422,174
422,176
422,178
422,180
421,181
419,181
418,181
417,179
end box19
607,145
608,143
610,142
624,142
626,144
627,153
626,157
623,158
609,157
607,155
end box20
478,159
481,159
482,159
482,159
483,160
484,161
483,162
483,163
483,165
483,166
481,166
480,166
479,166
478,165
477,164
end box21
512,174
513,173
514,173
516,173
517,173
518,174
519,175
519,176
519,177
519,178
519,180
518,181
517,182
515,182
514,182
513,181
512,180
511,179
end box22
425,172
426,171
428,171
429,172
429,172
430,173
430,177
429,178
428,179
427,179
426,179
425,179
424,177
end box23
704,166
704,164
705,163
706,161
707,161
709,160
710,159
712,160
714,161
715,162
716,164
717,166
717,168
717,170
716,172
715,173
713,174
711,175
708,175
706,174
705,173
704,171
703,169
703,167
end box24
425,158
426,158
428,158
429,158
430,159
430,160
430,164
430,166
429,166
427,167
426,166
425,166
end box25
494,148
495,147
497,147
498,148
499,148
499,149
499,152
499,153
499,155
498,155
496,156
495,155
494,155
end box26
448,171
449,170
451,170
452,171
452,171
453,172
453,176
452,177
451,178
450,178
449,178
448,177
447,176
end box27
425,158
426,158
428,158
429,158
430,159
430,160
430,164
430,166
429,166
427,167
426,166
425,166
end box28
494,148
495,147
497,147
498,148
499,148
499,149
499,152
499,153
499,155
498,155
496,156
495,155
494,155
end box29
end total30boxes
