797,196
798,191
802,185
806,181
812,181
818,180
823,181
828,182
834,182
838,186
843,191
846,196
846,203
846,211
845,219
839,221
830,218
812,218
803,220
799,217
798,209
798,203
end box0
854,174
859,173
860,174
861,175
862,176
862,177
862,179
862,180
860,181
859,182
857,182
856,181
855,181
854,180
853,179
end box1
845,176
845,174
846,173
848,172
850,171
857,172
859,172
861,174
862,176
863,179
863,182
862,185
859,186
856,186
847,185
845,183
844,181
844,179
end box2
840,189
841,187
842,186
845,186
847,186
849,186
851,187
852,189
853,191
853,192
853,195
853,197
853,199
852,202
850,203
847,203
844,202
end box3
0,13
0,11
0,9
1,8
3,7
5,7
6,6
8,7
10,7
12,9
13,10
13,12
13,15
13,17
12,19
11,20
9,22
7,22
4,22
2,21
1,20
0,18
0,16
0,14
end box4
13,11
14,8
16,5
18,3
21,3
24,2
27,2
30,3
33,2
37,3
39,7
40,10
40,14
39,18
37,21
34,23
30,24
27,24
24,24
21,24
17,23
15,20
13,18
13,14
end box5
end total6boxes
