393,192
397,187
402,183
406,182
411,182
415,182
418,182
422,182
427,182
432,183
437,187
441,192
444,199
443,205
437,209
429,209
423,208
418,207
415,207
410,208
404,209
397,208
392,205
392,198
end box0
587,181
588,179
589,177
590,176
592,176
599,176
601,177
602,178
604,180
604,183
604,186
603,188
601,189
591,189
589,189
587,187
587,185
586,183
end box1
419,193
420,190
422,187
425,186
428,186
430,185
433,185
435,186
439,186
441,187
444,190
446,193
447,197
447,201
445,205
440,205
436,205
433,204
430,204
427,204
424,204
420,203
418,200
418,196
end box2
560,174
561,174
563,174
564,174
565,175
565,176
565,177
565,178
565,179
564,180
563,180
562,181
561,180
560,180
559,179
559,179
end box3
489,179
489,178
491,176
492,174
494,174
496,174
499,174
502,174
504,175
505,177
506,179
506,182
506,185
505,187
503,188
500,189
498,188
495,188
493,189
491,188
489,187
488,184
488,182
end box4
577,175
578,175
578,175
579,175
580,175
580,175
581,175
582,176
582,177
582,178
582,179
582,180
581,181
580,181
579,182
578,181
577,181
576,180
end box5
390,192
391,189
393,187
395,184
398,184
401,184
406,184
410,184
413,186
415,189
416,192
417,195
416,199
415,203
412,205
407,204
397,205
393,205
390,203
389,199
390,195
end box6
482,179
484,176
486,173
489,172
492,172
499,172
503,171
506,173
509,175
511,179
512,183
511,187
509,190
505,192
500,191
497,190
494,191
491,191
487,191
484,190
482,186
482,183
end box7
390,193
390,191
391,189
392,188
394,187
402,187
404,188
405,190
405,192
405,195
405,197
404,200
402,201
400,201
395,202
393,202
390,201
389,199
389,197
389,194
end box8
585,186
586,184
588,181
590,179
593,179
600,179
603,179
605,181
608,183
609,186
610,189
610,193
608,197
605,198
601,197
592,197
588,197
586,196
585,192
585,189
end box9
592,177
592,176
593,175
593,175
598,174
599,175
600,176
600,177
601,178
600,180
600,181
599,182
597,182
595,182
594,182
592,181
592,180
592,179
end box10
544,176
545,175
545,175
547,175
547,175
548,176
549,176
549,177
549,178
549,179
549,180
548,181
547,181
546,181
545,181
544,181
544,180
543,179
end box11
507,179
507,177
508,175
509,174
511,174
513,173
516,173
518,174
520,174
521,176
522,178
523,181
523,183
522,186
520,187
517,187
515,187
512,187
510,187
508,186
507,185
506,183
506,181
end box12
528,174
528,174
529,173
531,173
532,174
533,174
533,175
534,176
533,177
533,178
533,180
533,181
531,181
530,181
529,181
528,180
527,179
end box13
501,158
501,158
502,159
503,160
502,161
502,162
502,164
502,165
500,165
499,165
498,165
497,164
496,163
end box14
479,176
479,175
480,175
482,175
483,175
484,176
485,177
485,178
485,179
485,180
485,182
484,183
483,183
481,184
480,183
479,183
478,182
478,181
end box15
530,164
531,164
532,165
532,166
533,167
532,168
532,169
532,171
530,171
529,171
528,171
527,170
end box16
621,145
622,144
635,144
636,145
637,148
636,150
635,152
621,151
621,149
end box17
463,175
463,175
464,174
466,174
467,174
468,175
468,176
469,177
469,178
469,179
469,181
468,182
467,182
465,183
464,182
463,182
462,181
end box18
617,145
618,143
637,142
638,145
638,151
637,154
618,153
616,151
end box19
462,158
466,158
467,158
467,159
467,164
467,165
465,165
464,165
463,165
462,164
end box20
499,149
500,148
501,148
502,148
503,149
503,149
504,154
504,156
503,156
501,157
500,156
499,155
end box21
444,189
444,189
445,188
446,188
447,188
448,189
448,189
449,190
449,191
449,192
449,193
449,194
448,195
447,196
446,196
445,196
444,195
443,194
end box22
445,161
449,161
449,161
450,162
450,163
451,164
450,165
450,166
450,168
448,168
447,168
446,168
445,167
end box23
480,186
480,186
481,185
483,185
484,186
485,186
485,187
486,188
486,189
486,190
486,192
485,192
483,193
482,193
481,193
480,192
479,192
479,191
end box24
630,163
631,162
632,162
633,162
634,163
634,164
634,164
634,165
634,166
634,167
634,168
634,169
633,170
632,171
631,170
630,169
630,168
end box25
593,145
594,145
596,145
596,145
597,146
597,151
596,152
595,152
594,152
593,151
end box26
304,142
305,142
307,142
309,142
309,144
309,151
308,152
306,153
305,152
304,152
end box27
445,161
449,161
449,161
450,162
450,163
451,164
450,165
450,166
450,168
448,168
447,168
446,168
445,167
end box28
499,149
500,148
501,148
502,148
503,149
503,149
504,154
504,156
503,156
501,157
500,156
499,155
end box29
564,159
565,160
565,160
565,164
565,165
564,165
563,165
562,165
561,164
end box30
end total31boxes
