719,179
719,177
721,176
722,175
724,174
732,174
733,175
735,177
736,179
737,182
736,185
736,188
733,188
723,188
720,188
718,187
718,184
718,182
end box0
736,177
736,175
738,174
739,172
740,172
747,172
748,173
750,175
751,176
751,179
751,181
750,184
748,184
745,184
740,184
737,184
736,183
735,180
735,178
end box1
689,178
689,177
690,176
690,176
695,176
696,176
697,177
698,178
698,179
698,181
698,183
696,183
694,183
692,183
691,183
689,182
689,182
689,180
689,179
end box2
740,176
740,175
740,174
741,173
742,173
746,173
747,174
748,175
749,176
749,177
749,179
749,181
747,181
745,181
743,181
742,181
740,181
739,180
740,178
end box3
674,177
675,176
675,176
676,175
680,175
681,175
682,176
682,177
682,178
682,179
682,181
681,181
679,181
678,182
677,181
676,181
675,181
674,180
674,179
674,178
end box4
686,179
687,177
688,176
690,175
698,174
700,175
701,176
703,178
703,181
703,184
702,186
699,186
690,186
688,186
686,185
685,183
685,181
end box5
657,178
657,177
658,176
658,176
659,176
661,176
662,176
662,176
663,177
664,178
664,179
664,180
664,182
662,182
661,183
660,183
659,183
658,182
657,182
656,181
657,180
656,179
end box6
522,181
523,179
524,178
526,177
528,176
535,176
538,177
540,179
541,181
541,184
541,187
540,190
537,190
534,190
527,190
524,190
522,189
522,186
521,184
end box7
705,175
705,175
706,174
707,174
708,174
709,175
710,175
710,176
711,177
711,178
711,179
711,181
710,182
708,182
707,182
706,182
705,182
704,181
704,180
end box8
832,175
833,173
834,171
835,170
837,169
845,169
846,170
848,172
849,174
849,177
849,179
848,182
846,183
843,183
836,184
834,183
832,181
832,179
832,177
end box9
712,164
713,164
713,165
714,166
713,167
713,168
712,169
711,169
709,169
708,169
707,168
707,167
end box10
539,181
539,179
540,177
541,176
543,176
548,175
550,176
552,177
553,178
555,180
555,183
555,185
554,188
552,189
549,189
547,189
545,189
542,189
540,188
538,187
538,185
538,183
end box11
756,172
757,172
757,172
758,172
759,172
760,172
760,172
761,173
761,174
761,175
761,176
761,177
760,178
759,178
758,179
757,178
756,178
755,177
755,177
end box12
525,176
525,176
526,175
530,175
531,176
532,177
532,178
532,179
532,181
532,182
531,183
530,183
528,184
527,183
526,183
525,182
524,181
524,180
end box13
723,176
723,175
724,174
724,174
729,173
730,174
731,175
732,176
732,177
732,179
731,180
730,181
728,181
725,181
723,181
723,179
723,178
723,177
end box14
829,175
830,172
832,170
834,168
837,168
847,168
850,169
852,172
854,175
855,178
854,182
853,186
849,187
845,186
836,187
832,187
829,185
828,182
828,178
end box15
546,175
547,174
548,174
550,174
551,174
552,175
552,176
553,177
553,178
553,179
553,181
552,182
551,182
549,183
548,182
547,182
546,181
545,180
end box16
655,178
655,176
657,175
658,174
659,174
665,174
667,174
669,176
670,177
670,180
671,182
669,185
667,185
664,185
661,185
659,185
656,185
655,184
654,182
654,180
end box17
703,179
703,177
704,176
705,175
706,174
708,173
709,173
711,173
713,174
715,175
716,177
716,179
716,180
716,183
715,185
714,186
712,187
709,187
707,187
705,187
704,186
703,184
702,182
702,180
end box18
691,117
691,117
692,116
693,116
694,116
695,117
695,117
695,118
696,119
696,120
696,121
696,122
695,123
694,124
693,125
692,124
691,123
691,122
end box19
690,121
691,120
692,120
693,120
694,121
694,122
694,122
694,126
694,127
693,128
692,128
691,128
690,127
end box20
679,115
679,114
680,113
681,113
682,113
683,114
683,114
683,115
683,116
684,117
683,118
684,119
683,120
682,121
681,122
680,121
679,120
679,119
end box21
804,143
804,141
805,139
808,137
810,136
812,136
813,136
815,137
818,138
819,140
820,142
820,145
819,147
819,150
817,151
814,153
812,153
809,153
807,152
805,150
804,148
804,146
803,144
end box22
759,145
759,145
760,144
762,144
763,145
764,145
764,146
764,150
764,151
762,152
761,152
760,152
759,151
758,150
end box23
613,160
614,160
615,161
615,162
615,163
615,164
615,166
614,167
613,168
611,168
610,167
609,167
608,166
end box24
786,158
787,157
789,157
790,158
791,158
791,159
792,160
792,161
791,162
791,164
790,164
789,165
788,165
787,165
786,164
785,164
end box25
627,173
627,173
628,172
629,172
630,172
631,172
632,173
632,174
632,175
632,176
632,177
632,178
632,180
631,180
629,181
628,180
627,179
626,178
end box26
628,159
629,158
630,158
631,158
632,159
632,159
633,160
633,161
633,162
633,163
633,164
632,165
631,166
630,166
629,166
628,165
end box27
761,156
762,156
763,157
763,161
762,162
761,163
760,163
759,162
758,162
end box28
781,160
782,160
782,161
783,162
783,164
783,166
782,167
781,167
779,168
778,167
777,166
end box29
563,158
564,157
565,157
566,157
567,158
567,158
568,159
568,160
568,162
568,163
567,164
566,165
565,165
564,165
563,164
563,163
end box30
578,159
579,158
580,158
581,158
582,159
582,159
583,160
583,161
583,162
583,163
583,164
582,165
581,166
580,166
579,166
578,165
end box31
889,143
890,142
891,142
892,142
893,143
894,144
895,145
895,150
894,151
893,152
891,153
890,152
889,151
888,150
end box32
463,176
464,175
465,175
466,176
467,176
468,177
469,178
469,179
469,181
469,183
468,184
467,185
465,185
464,185
463,184
462,183
end box33
611,145
615,145
616,145
616,146
616,150
616,152
614,152
613,152
612,152
611,151
610,150
end box34
769,141
771,139
781,139
783,140
784,142
783,152
781,153
770,153
769,151
end box35
592,158
593,157
595,157
596,158
596,158
597,159
597,160
597,163
597,165
596,165
594,166
593,165
592,164
end box36
578,159
579,158
580,158
581,158
582,159
582,159
583,160
583,161
583,162
583,163
583,164
582,165
581,166
580,166
579,166
578,165
end box37
628,159
629,158
630,158
631,158
632,159
632,159
633,160
633,161
633,162
633,163
633,164
632,165
631,166
630,166
629,166
628,165
end box38
end total39boxes
