436,190
438,178
448,173
463,173
474,175
484,173
494,174
503,177
510,185
521,193
525,202
525,216
524,229
521,240
507,243
495,244
484,241
474,239
465,239
458,236
end box0
286,238
307,221
327,207
342,200
358,198
373,199
386,198
400,199
418,198
438,204
461,217
477,236
478,262
473,283
451,296
421,295
399,290
385,290
340,292
308,294
284,284
281,264
end box1
3,261
4,234
12,211
35,211
63,225
81,235
100,236
116,241
129,252
139,268
143,286
148,306
148,329
149,355
137,372
111,373
85,364
63,366
33,383
4,389
1,360
end box2
535,192
535,188
537,185
540,182
543,182
550,182
553,183
557,183
559,186
562,188
563,191
563,196
564,200
563,205
560,207
554,206
543,205
540,204
538,202
537,198
536,195
end box3
547,181
547,177
549,175
552,173
555,173
564,173
567,173
569,175
572,178
574,181
574,185
574,189
573,193
569,194
565,194
555,192
552,192
549,190
548,187
547,184
end box4
649,193
653,187
659,182
665,181
670,180
675,181
684,181
691,180
698,181
703,186
708,193
710,201
708,209
700,213
691,213
685,213
680,213
675,214
669,215
662,215
653,214
646,209
646,201
end box5
106,246
119,222
134,205
155,196
177,196
196,201
212,204
229,202
250,202
270,210
286,226
299,249
304,275
299,298
280,312
256,324
236,328
214,322
195,322
174,328
151,328
129,316
113,296
107,273
end box6
577,176
578,175
579,175
580,175
581,175
582,175
583,176
584,177
584,178
584,179
584,181
584,182
583,183
582,184
580,184
579,184
578,183
577,182
end box7
570,181
570,179
571,177
573,175
575,175
577,175
578,175
580,175
582,176
584,176
585,178
587,180
587,183
587,185
586,188
584,189
581,190
579,189
576,189
574,189
572,188
571,187
570,184
570,183
end box8
628,192
629,189
632,186
634,184
637,183
640,183
643,183
646,183
650,183
653,184
657,187
658,191
657,196
656,200
654,203
650,204
646,204
643,205
640,205
636,206
632,206
628,204
626,200
627,196
end box9
553,186
554,184
555,182
558,181
560,181
563,181
565,182
567,183
568,184
570,186
571,188
571,191
572,194
571,197
569,199
566,199
563,199
560,198
558,198
556,196
end box10
621,191
621,189
622,187
623,186
625,185
626,184
629,183
631,184
633,185
635,186
636,188
636,190
636,193
636,195
635,197
633,198
631,200
629,200
626,201
623,201
621,199
620,197
620,195
620,193
end box11
556,182
556,179
557,178
559,176
561,176
566,176
568,176
570,178
571,179
572,181
573,184
573,186
572,189
570,191
567,191
565,190
558,189
557,188
556,185
556,183
end box12
541,193
541,191
542,189
543,187
545,187
547,186
550,187
552,187
554,188
555,189
557,191
558,193
558,196
558,199
558,202
556,204
553,204
550,203
547,203
545,203
543,202
542,200
end box13
592,178
593,177
595,177
596,178
597,178
597,179
597,180
597,181
597,182
596,183
595,183
594,183
593,183
592,183
592,182
591,181
end box14
514,206
515,202
517,199
521,199
525,199
528,199
531,200
535,201
537,204
539,206
540,210
541,214
541,218
541,223
538,226
533,226
528,225
525,224
521,224
518,223
end box15
544,163
544,163
545,163
546,163
546,163
547,164
547,164
548,165
548,166
548,167
548,168
547,169
546,169
545,169
544,169
543,169
543,168
end box16
740,158
745,158
746,158
747,159
747,161
747,164
747,166
746,167
744,167
741,167
739,167
738,166
end box17
884,272
896,260
907,252
912,241
922,238
934,239
945,238
956,241
969,239
976,249
985,259
995,272
999,286
999,303
991,316
975,320
956,314
944,311
935,312
921,318
902,322
887,317
878,303
879,287
end box18
end total19boxes
