22,263
48,236
71,218
103,215
128,216
145,216
161,216
179,216
199,219
229,223
254,238
280,266
291,300
280,323
241,334
202,336
181,338
162,339
144,340
127,338
101,340
61,340
26,323
17,299
end box0
265,224
277,214
286,205
297,202
308,201
317,201
325,200
333,201
345,200
358,203
373,210
381,223
382,240
379,254
366,261
346,262
334,262
325,261
317,260
309,258
297,259
279,259
266,252
263,240
end box1
979,184
1013,161
1040,150
1065,147
1083,147
1096,147
1109,146
1124,144
1140,146
1169,147
1199,157
1222,183
1229,213
1215,230
1174,241
1080,242
1057,247
1024,246
982,233
968,216
end box2
388,210
389,203
394,195
401,193
409,193
416,193
421,193
427,194
435,194
441,197
446,204
451,210
454,220
453,230
449,236
437,237
429,237
422,236
416,236
409,237
401,236
392,234
388,228
388,219
end box3
661,191
662,187
664,184
667,182
670,181
674,181
681,181
685,180
689,182
692,186
692,190
691,195
690,199
689,203
685,204
681,205
677,205
673,206
669,206
665,206
661,204
660,199
661,195
end box4
924,176
944,165
957,159
968,155
977,154
985,155
992,153
1000,154
1012,152
1030,152
1047,158
1057,174
1056,191
1048,203
1027,208
984,212
974,214
962,214
941,214
919,206
916,194
end box5
485,193
486,189
489,185
492,184
496,184
505,184
509,184
512,185
516,189
518,192
519,197
518,202
516,206
511,207
506,207
502,206
495,206
491,206
487,205
485,201
485,197
end box6
703,201
708,193
715,185
723,180
732,180
740,179
747,179
755,179
766,179
776,182
784,190
786,201
785,212
783,223
777,232
765,233
754,233
747,234
739,235
730,236
719,236
707,234
701,225
701,213
end box7
589,178
590,176
592,175
593,174
595,174
602,174
604,174
606,176
608,178
608,181
608,184
607,187
604,187
601,187
594,187
592,187
589,186
589,183
588,181
end box8
863,176
881,166
893,160
904,158
912,157
932,158
942,157
958,157
975,160
985,175
987,190
978,202
910,209
900,209
881,209
858,205
855,193
end box9
684,195
687,188
692,183
697,178
703,176
709,176
715,177
722,177
731,176
739,178
744,185
744,194
742,202
739,209
715,221
709,223
701,224
691,224
685,220
681,212
682,203
end box10
973,173
1005,157
1028,151
1044,148
1055,147
1065,148
1074,146
1083,147
1096,146
1118,147
1144,152
1168,171
1171,194
1156,208
1036,219
1010,220
972,212
962,199
end box11
653,190
653,188
654,187
655,186
656,184
658,183
660,183
661,183
663,184
665,185
666,188
666,190
666,191
665,193
665,196
664,197
662,198
660,199
657,199
655,199
653,197
653,195
653,193
653,191
end box12
640,160
641,159
643,159
644,160
645,160
645,161
645,166
645,167
643,167
642,168
641,167
640,166
639,165
end box13
1178,13
1179,12
1181,10
1182,10
1185,9
1187,9
1189,10
1190,12
1191,14
1191,16
1192,19
1191,21
1191,23
1190,26
1188,27
1185,28
1182,28
1180,27
1178,25
1178,22
end box14
560,159
563,159
564,159
565,160
566,161
566,166
565,167
564,168
562,168
561,168
560,167
559,166
end box15
678,159
679,159
679,160
680,161
679,162
679,163
679,165
679,166
677,166
676,166
675,166
674,165
673,164
end box16
542,188
542,187
543,187
544,186
545,186
546,187
547,188
547,189
548,190
547,191
547,192
547,194
547,195
546,196
544,196
543,196
542,195
541,194
end box17
544,175
545,175
546,175
547,175
548,175
549,176
549,177
550,178
550,179
550,180
550,182
549,183
548,184
546,184
545,184
544,183
end box18
end total19boxes
