227,233
241,210
255,187
274,176
300,172
322,172
341,170
362,173
386,178
407,189
427,208
434,233
441,263
437,292
421,305
383,308
360,313
341,315
323,314
305,308
279,308
238,309
226,291
223,262
end box0
416,203
416,195
423,187
430,183
439,184
461,184
470,184
477,188
483,197
488,203
490,215
490,226
485,234
474,235
429,234
420,232
416,223
416,213
end box1
582,205
585,200
592,195
597,192
603,193
624,193
630,195
636,200
640,205
641,214
640,222
635,228
627,229
592,231
585,229
581,222
582,214
end box2
487,194
488,190
489,187
492,185
496,185
499,185
502,185
505,185
508,185
511,187
514,190
515,194
516,198
516,202
514,206
510,208
506,208
502,207
499,207
496,207
493,206
489,204
488,201
488,197
end box3
500,193
500,189
502,186
505,184
509,184
515,184
518,185
521,185
524,187
527,189
529,193
530,197
530,202
528,205
524,207
519,207
515,206
512,205
509,205
506,205
502,203
500,200
500,196
end box4
672,157
676,157
677,158
678,159
678,160
678,161
678,162
678,164
677,165
676,165
674,165
673,165
672,165
671,164
end box5
281,159
282,157
284,156
293,156
295,157
296,160
297,168
296,171
295,173
292,174
283,173
281,172
280,169
end box6
574,178
575,176
576,175
578,173
580,173
582,172
584,172
586,174
588,175
589,177
589,179
589,182
589,184
589,187
587,189
585,191
582,190
579,190
577,189
575,187
574,185
574,183
574,181
end box7
609,164
609,164
612,163
613,164
614,164
614,165
615,166
615,167
615,168
615,170
614,171
612,171
611,171
610,171
609,171
608,170
end box8
580,177
581,176
582,176
583,176
584,177
585,177
586,179
587,180
587,181
587,183
586,184
585,186
584,186
582,187
581,186
580,185
579,184
578,183
end box9
561,160
562,160
563,160
564,160
565,160
566,161
566,162
567,163
567,165
567,167
566,168
565,169
563,169
562,169
561,168
end box10
596,158
597,159
598,160
599,161
599,164
598,165
597,166
596,167
594,167
593,167
592,166
591,165
end box11
613,172
614,173
615,174
615,175
615,179
614,180
613,181
610,181
609,180
608,179
end box12
511,161
512,160
513,160
514,160
515,160
516,161
516,162
516,166
516,168
514,168
513,168
512,168
511,168
end box13
675,124
676,124
677,124
678,124
679,124
679,125
679,131
679,132
677,133
676,132
675,131
end box14
end total15boxes
