624,177
625,176
625,176
626,175
626,175
630,175
631,175
632,176
632,177
632,178
632,179
632,181
631,181
629,182
628,182
627,182
626,182
625,181
624,180
624,179
624,178
end box0
507,188
508,186
509,184
510,183
512,183
519,183
521,184
523,185
524,187
524,190
524,193
523,195
520,195
511,195
509,195
507,194
507,192
507,190
end box1
509,184
510,182
511,180
512,179
521,178
523,179
525,181
526,183
526,186
526,189
525,191
523,192
513,192
511,192
509,190
508,188
509,186
end box2
594,171
594,171
599,170
600,171
601,172
602,173
602,174
602,176
602,177
600,178
598,178
596,178
595,178
594,177
593,176
end box3
561,173
561,173
564,172
565,173
566,173
566,174
567,175
567,176
567,177
567,179
566,179
564,180
563,180
562,180
561,179
560,179
559,178
end box4
610,173
610,173
611,173
613,173
614,173
614,173
615,174
615,175
616,176
615,177
615,179
614,179
613,179
612,180
611,179
610,179
609,179
609,178
end box5
543,178
548,177
549,178
550,179
551,180
551,181
551,183
551,185
549,185
548,185
545,185
544,185
542,185
542,184
end box6
622,178
623,176
624,175
626,174
634,173
636,174
638,175
639,177
639,180
639,183
638,185
635,185
627,185
624,185
622,184
621,182
621,180
end box7
526,180
527,178
533,178
534,179
535,180
535,181
535,183
535,185
533,185
528,185
527,184
526,183
526,182
end box8
808,161
808,161
812,161
813,161
813,162
814,163
814,164
814,165
814,167
813,167
811,168
810,168
809,168
808,167
807,167
807,166
end box9
576,174
577,172
580,172
581,173
582,173
583,174
583,175
582,176
582,178
581,178
580,178
579,178
578,178
577,178
576,177
576,177
576,176
end box10
591,175
591,173
593,172
594,171
595,170
602,170
604,171
605,172
606,174
606,177
606,179
605,181
603,182
595,182
592,182
591,181
590,179
590,176
end box11
839,160
839,160
843,160
844,160
845,161
845,162
845,163
845,164
845,166
844,167
842,167
841,167
840,167
839,167
838,166
837,165
end box12
522,183
522,181
524,179
526,178
534,178
536,179
538,180
539,182
539,185
539,188
538,190
535,190
527,190
524,190
522,189
521,187
521,185
end box13
819,161
820,159
820,159
823,159
824,159
825,160
826,161
826,162
826,163
826,165
824,165
823,165
822,166
821,165
820,165
819,165
819,164
819,163
819,162
end box14
772,159
772,159
775,158
776,159
777,159
777,160
778,161
778,162
778,163
778,165
777,165
775,166
774,166
773,166
772,165
771,165
771,164
end box15
536,181
537,179
538,177
540,176
548,176
550,177
552,178
553,180
553,183
553,186
552,188
549,188
546,188
540,188
538,188
536,187
536,185
536,183
end box16
655,189
656,188
657,188
658,188
659,189
660,190
660,195
660,197
658,197
657,198
656,198
655,197
end box17
568,163
569,164
570,164
570,165
570,166
570,167
570,168
569,169
568,169
567,169
566,169
565,169
end box18
627,159
627,159
629,159
629,159
630,160
630,160
631,161
631,164
630,165
629,165
628,166
627,165
626,165
end box19
706,157
707,156
708,156
709,156
710,156
710,157
710,163
710,164
708,165
707,164
706,163
end box20
542,162
544,161
545,162
545,162
545,163
545,165
545,166
545,167
544,167
543,167
542,167
541,166
end box21
457,140
467,139
469,141
469,153
468,155
456,154
end box22
627,159
627,159
629,159
629,159
630,160
630,160
631,161
631,164
630,165
629,165
628,166
627,165
626,165
end box23
542,162
544,161
545,162
545,162
545,163
545,165
545,166
545,167
544,167
543,167
542,167
541,166
end box24
end total25boxes
