587,190
588,185
593,179
598,176
604,176
619,176
626,176
629,179
633,185
637,190
638,197
637,204
634,211
628,212
603,212
594,214
590,211
587,204
588,197
end box0
804,191
804,188
804,185
805,181
807,175
812,166
817,162
822,169
824,177
826,183
826,187
826,191
825,194
824,197
823,200
823,205
822,215
818,222
810,222
807,212
807,202
806,198
805,196
804,194
end box1
564,159
565,159
565,160
566,161
566,163
566,165
565,166
563,166
562,166
561,166
560,166
559,165
end box2
742,140
744,139
746,138
748,137
750,138
752,139
753,140
754,142
754,146
754,151
752,153
750,155
748,155
745,155
743,153
742,152
end box3
746,161
747,160
748,160
750,160
751,161
752,162
751,171
750,172
749,173
747,172
745,171
end box4
516,105
518,104
534,104
535,107
535,120
533,122
517,121
516,118
end box5
706,155
708,154
718,154
721,155
721,170
719,173
707,173
705,172
end box6
691,158
696,158
697,159
697,168
695,169
692,169
690,168
689,167
end box7
670,171
671,171
672,172
672,179
671,180
669,180
666,180
664,180
663,179
end box8
743,170
745,169
748,169
750,170
751,172
750,182
749,183
747,184
744,183
743,182
end box9
627,157
628,157
630,157
631,157
632,158
632,165
631,165
629,166
628,165
627,165
end box10
804,191
804,188
804,185
805,181
807,175
812,166
817,162
822,169
824,177
826,183
826,187
826,191
825,194
824,197
823,200
823,205
822,215
818,222
810,222
807,212
807,202
806,198
805,196
804,194
end box11
end total12boxes
