549,181
550,178
553,174
556,172
559,172
562,172
565,172
568,172
572,172
574,174
578,177
579,180
580,185
580,190
579,194
574,195
569,194
565,193
562,193
558,194
554,194
551,193
549,189
549,185
end box0
618,176
619,174
620,173
621,171
623,170
625,170
630,170
632,170
634,171
636,174
637,176
637,179
637,182
636,185
634,186
630,186
628,186
625,186
622,187
620,186
618,184
618,181
618,179
end box1
573,179
573,177
573,175
574,174
576,173
578,173
579,173
581,173
583,174
584,175
585,177
586,179
586,181
586,183
586,185
584,187
582,187
580,187
578,186
576,186
574,185
573,184
572,180
end box2
634,175
634,173
635,171
636,170
638,169
640,169
641,169
643,169
645,169
647,170
648,172
649,174
649,177
649,179
648,181
646,182
644,183
642,183
639,183
637,183
636,182
634,180
634,178
634,176
end box3
587,176
587,174
589,172
590,170
592,170
597,170
600,170
602,171
603,173
604,175
604,178
604,180
603,183
601,184
598,185
596,184
593,184
591,184
589,183
588,182
587,180
587,178
end box4
586,174
587,171
589,169
591,167
594,167
601,167
605,166
607,168
610,171
611,174
611,177
612,182
610,185
607,187
602,186
599,185
596,185
593,185
590,185
587,184
586,180
586,177
end box5
604,178
605,176
606,175
606,173
608,172
610,171
612,171
613,171
615,172
617,173
618,175
619,177
618,180
618,182
618,184
616,186
614,187
612,187
609,187
607,186
606,185
605,183
604,181
604,179
end box6
639,173
639,173
640,172
641,171
642,171
643,171
644,172
645,173
646,174
646,175
646,176
646,177
646,179
645,180
644,181
642,181
641,181
640,180
639,179
638,178
end box7
564,178
564,175
566,173
568,171
571,171
573,171
576,171
578,171
581,172
583,173
586,175
587,178
587,181
587,185
586,188
583,190
579,190
576,189
573,188
571,188
568,187
566,186
564,184
564,181
end box8
578,174
578,173
579,173
580,173
581,173
582,174
582,174
583,175
584,176
584,177
584,178
584,180
583,180
581,181
580,181
579,181
578,180
577,180
end box9
596,175
597,172
600,170
602,168
605,168
607,168
610,168
612,168
616,168
619,169
622,171
624,175
624,179
624,183
621,186
617,187
613,187
610,186
607,186
604,187
601,186
597,185
595,182
595,179
end box10
590,176
590,175
591,174
592,174
593,174
594,174
595,174
596,175
596,176
597,177
597,178
597,179
597,181
596,182
594,182
593,183
592,182
591,182
590,181
589,180
end box11
609,175
609,174
610,173
611,173
612,173
613,174
614,175
614,176
615,177
615,178
615,179
615,181
614,182
613,183
611,183
610,183
609,182
608,181
608,180
end box12
623,174
624,173
624,172
625,172
626,171
627,171
628,171
629,172
630,173
631,174
632,175
631,176
631,178
631,179
630,180
629,181
627,181
626,181
625,180
623,180
623,178
623,177
623,176
end box13
543,161
544,161
544,161
545,161
546,161
546,161
547,161
548,162
548,163
548,164
548,165
548,166
547,167
546,167
545,168
544,167
543,167
542,166
542,165
end box14
644,164
645,164
646,165
647,166
647,167
647,168
647,170
646,170
644,171
643,171
642,170
641,170
640,169
640,169
end box15
707,138
708,135
709,133
711,132
714,131
716,130
719,130
721,130
724,131
727,132
729,135
730,138
730,141
730,145
729,148
726,150
722,150
719,151
716,151
713,150
710,149
708,147
706,144
706,141
end box16
706,161
707,159
708,157
709,156
711,155
713,155
716,155
719,155
721,156
722,158
723,160
723,163
723,166
722,168
720,169
717,170
715,170
712,170
710,170
708,169
707,167
706,165
706,163
end box17
709,130
710,129
712,128
714,127
716,127
718,127
720,127
722,129
723,131
724,133
724,136
723,138
723,141
721,143
718,144
716,144
713,144
711,144
709,142
708,140
707,137
707,135
end box18
707,161
708,160
708,159
715,158
716,158
717,159
718,161
718,162
718,164
717,166
716,167
714,167
711,167
709,167
708,166
707,165
end box19
509,123
511,121
525,121
527,122
528,138
526,140
510,140
end box20
517,143
518,143
518,144
519,149
518,150
516,150
514,150
513,150
512,149
end box21
626,159
627,160
627,160
628,161
628,162
628,163
628,164
627,165
626,165
625,165
624,165
623,165
623,164
end box22
end total23boxes
