486,194
488,189
493,184
497,181
503,181
518,181
525,180
529,183
533,189
536,194
537,202
537,209
534,215
526,215
519,215
513,213
508,213
503,214
497,214
489,213
487,208
486,201
end box0
614,197
615,192
619,185
624,181
630,180
636,180
641,180
647,181
654,181
657,185
661,192
664,197
664,204
664,212
663,220
658,223
648,221
628,222
618,224
614,220
614,211
615,204
end box1
426,193
431,187
436,182
441,180
447,180
467,179
474,180
480,185
483,192
485,200
482,208
476,211
466,212
461,213
456,213
451,213
445,214
438,214
429,213
423,208
424,200
end box2
310,191
310,189
310,187
310,185
312,181
314,177
317,175
320,178
322,183
322,186
322,189
322,191
322,192
322,194
322,196
322,200
321,206
318,210
314,208
311,202
311,197
311,195
310,194
310,192
end box3
643,108
644,108
645,108
646,107
647,108
648,109
649,110
649,111
649,112
649,113
649,115
648,116
647,117
645,117
644,117
643,116
642,115
end box4
755,122
759,122
761,122
761,123
761,129
760,130
759,131
757,131
756,131
755,130
754,129
end box5
596,109
597,108
598,108
599,108
600,108
601,108
602,109
602,110
603,111
603,112
603,113
603,115
602,116
601,116
599,117
598,117
597,116
596,115
end box6
640,163
640,163
641,162
642,162
643,162
644,163
644,163
645,164
645,165
645,166
645,167
645,168
645,170
643,170
642,170
641,170
640,169
639,168
end box7
630,110
631,109
632,109
633,109
634,109
635,110
635,111
636,112
636,113
636,114
636,116
635,117
633,117
632,118
631,117
630,116
629,116
end box8
708,158
709,158
713,158
714,158
715,160
715,165
714,167
713,167
710,167
708,167
708,165
end box9
528,159
529,158
530,158
531,158
532,159
532,159
533,160
533,164
532,165
531,166
530,166
529,166
528,165
end box10
712,141
713,142
714,143
715,145
714,146
714,148
714,150
713,151
711,151
709,152
708,152
706,151
705,150
end box11
612,158
613,157
614,157
615,157
616,158
616,158
617,159
617,163
616,164
615,165
614,166
613,165
612,164
end box12
626,159
627,158
628,158
629,158
630,159
630,159
631,160
631,161
631,162
631,163
631,164
630,165
629,166
628,166
627,166
626,165
end box13
593,173
593,172
594,172
595,172
596,173
596,173
596,174
597,176
597,177
597,178
596,179
595,180
594,180
593,180
592,179
592,178
end box14
610,126
611,125
612,125
613,125
614,126
614,126
615,127
615,128
615,129
615,130
615,131
614,132
613,133
612,133
611,133
610,132
end box15
end total16boxes
