103,202
112,177
137,169
166,170
184,172
196,175
207,174
218,175
230,177
245,182
262,192
289,207
302,231
296,248
265,254
234,254
219,254
208,253
121,244
111,226
end box0
511,192
513,188
517,183
521,180
526,178
531,178
541,179
548,178
553,180
556,187
557,192
557,199
556,205
554,211
548,213
541,212
536,212
531,213
525,214
517,215
512,212
510,206
511,199
end box1
16,215
33,192
51,178
78,177
99,179
114,183
126,185
139,185
154,185
174,190
194,202
218,220
231,248
225,267
193,277
164,282
145,282
128,278
113,279
98,280
79,280
50,279
24,264
16,244
end box2
455,183
456,181
457,179
458,178
460,177
467,177
469,178
471,180
472,182
472,185
472,188
471,190
469,191
466,191
461,191
459,191
457,191
455,189
455,187
455,185
end box3
442,182
442,180
443,178
444,177
446,177
453,177
455,177
457,179
457,181
458,184
458,186
457,189
454,190
452,190
449,190
447,190
445,190
443,189
441,188
441,186
441,184
end box4
444,178
445,177
448,177
449,177
450,178
451,179
452,180
452,181
451,183
451,184
450,185
449,186
447,186
446,186
445,185
444,184
443,183
end box5
374,156
375,157
376,158
376,163
375,164
374,165
371,164
370,164
369,163
end box6
369,147
370,146
371,146
372,146
374,146
375,146
376,147
377,148
377,155
376,156
374,157
372,157
371,157
369,156
368,155
end box7
367,145
368,143
373,142
375,142
377,143
378,145
378,156
378,159
376,160
373,161
370,160
368,159
367,157
end box8
481,162
483,162
484,162
485,163
485,164
485,166
485,167
484,168
483,168
482,169
481,168
480,168
480,167
end box9
498,162
499,162
500,162
501,162
502,162
503,163
503,164
503,168
503,170
502,171
500,171
499,170
498,170
end box10
377,145
378,145
380,145
381,145
382,146
383,147
383,148
383,150
383,152
382,153
381,154
379,154
378,154
377,153
376,152
end box11
498,162
499,162
500,162
501,162
502,162
503,163
503,164
503,168
503,170
502,171
500,171
499,170
498,170
end box12
end total13boxes
