1101,253
1108,237
1112,220
1123,207
1139,199
1156,189
1177,176
1209,160
1228,169
1225,351
1207,362
1177,354
1152,345
1131,340
1107,332
1094,318
1095,292
1096,271
end box0
123,219
139,203
158,194
175,191
188,191
199,192
208,191
218,193
230,194
247,196
267,203
283,219
288,240
281,255
257,264
234,264
172,264
149,265
126,256
120,242
end box1
552,182
553,180
554,179
556,177
558,177
565,178
567,178
569,180
570,182
571,185
571,188
570,191
567,191
564,191
557,191
554,191
552,190
552,187
551,185
end box2
591,183
591,181
592,180
593,178
595,178
597,177
600,177
602,178
604,179
605,181
606,182
606,185
606,187
605,190
603,191
601,190
598,190
596,191
594,191
592,191
591,189
591,186
591,184
end box3
383,195
385,191
387,188
391,186
396,187
405,187
409,187
413,188
417,191
420,195
421,201
420,206
417,209
411,210
406,210
402,210
396,209
392,208
386,208
383,205
383,200
end box4
519,182
520,178
522,176
525,174
528,174
540,174
543,176
546,178
548,182
549,186
549,191
546,194
542,195
538,195
534,194
528,195
524,194
520,193
518,190
518,185
end box5
523,188
523,186
524,184
525,183
527,183
536,183
538,184
539,186
541,188
541,191
541,194
540,197
537,198
534,197
527,197
525,197
523,196
522,193
522,191
end box6
523,182
523,180
524,178
526,176
528,176
537,177
540,177
541,180
543,182
544,185
543,189
542,192
539,193
536,192
528,192
525,192
523,190
522,188
521,185
end box7
558,182
559,180
560,179
561,179
565,179
567,179
567,180
568,182
569,183
568,185
568,187
567,188
565,188
563,188
562,188
560,188
559,187
558,186
558,184
end box8
437,192
438,189
440,185
443,184
446,183
449,183
452,183
455,184
459,183
462,185
464,188
466,192
466,196
466,200
464,204
460,205
456,205
452,205
449,205
445,205
442,204
438,203
437,199
437,195
end box9
594,179
594,179
594,178
595,177
598,177
599,177
600,178
601,179
601,180
601,181
601,182
601,184
600,185
598,185
597,185
596,185
595,185
594,184
593,183
593,182
end box10
642,161
642,160
643,159
644,159
645,159
645,160
646,161
646,161
646,162
646,163
646,164
646,165
646,166
645,167
644,168
643,167
642,166
642,165
end box11
627,161
627,160
628,159
629,159
630,159
631,160
631,160
631,161
632,162
632,163
632,164
632,165
631,166
630,167
629,168
628,167
627,166
627,165
end box12
608,161
608,161
609,160
610,160
611,160
612,161
612,161
613,162
613,163
613,164
613,165
613,166
612,167
611,168
610,169
609,168
608,167
608,166
end box13
313,207
314,206
315,206
316,206
317,207
318,208
319,214
318,215
317,216
315,217
314,216
312,216
end box14
end total15boxes
