1104,283
1112,267
1117,250
1128,235
1143,228
1162,227
1180,224
1203,218
1223,219
1231,238
1240,354
1234,375
1206,370
1180,360
1161,354
1139,358
1111,361
1103,348
1100,323
1100,302
end box0
190,218
209,197
233,190
256,191
270,192
281,193
290,192
300,193
312,193
329,197
350,204
378,220
387,245
380,259
345,267
318,266
302,264
291,263
270,263
255,264
229,266
199,257
190,243
end box1
27,246
38,218
54,197
82,189
108,189
130,196
147,203
164,206
181,209
202,216
222,231
241,252
251,281
247,305
223,321
198,334
174,335
150,328
130,328
107,334
81,335
57,326
35,303
30,278
end box2
1017,191
1027,177
1040,167
1054,162
1067,160
1079,159
1090,159
1101,160
1117,159
1134,163
1149,173
1155,191
1152,209
1149,227
1135,235
1113,236
1100,237
1090,242
1078,246
1065,244
1051,241
1027,240
1014,230
1014,211
end box3
1134,189
1142,178
1148,169
1158,162
1169,158
1178,156
1189,154
1200,155
1216,154
1231,158
1237,172
1236,187
1234,216
1230,230
1188,235
1178,236
1166,235
1152,234
1135,230
1129,218
1128,203
end box4
359,212
362,206
369,204
377,205
387,205
392,206
398,206
404,209
409,214
413,220
416,228
415,237
410,242
402,244
394,244
388,244
382,243
end box5
413,172
421,171
422,172
422,179
421,180
414,180
413,179
end box6
411,161
413,159
414,159
417,158
419,159
421,160
422,162
422,172
421,174
419,176
417,176
414,176
412,175
411,173
end box7
542,157
543,156
550,155
552,156
554,158
554,170
553,172
551,174
543,173
541,171
end box8
end total9boxes
