431,210
440,203
448,192
454,185
465,184
475,183
484,182
495,182
506,183
514,190
526,200
533,209
531,224
530,239
526,250
510,251
494,246
484,246
475,246
465,247
449,251
435,251
430,238
430,225
end box0
698,222
705,212
715,197
724,188
738,188
752,189
763,188
776,189
790,190
803,196
814,209
817,222
816,239
814,256
810,269
791,270
774,266
752,267
738,271
719,275
702,272
697,258
698,240
end box1
524,194
526,191
529,187
532,184
536,184
547,183
552,184
554,187
558,191
560,194
560,199
560,204
559,211
554,211
530,210
527,208
526,203
525,199
end box2
561,186
561,184
563,182
565,182
572,182
574,183
576,184
577,186
578,188
578,191
578,194
578,197
576,198
573,198
570,198
565,197
563,196
562,195
end box3
642,190
643,186
647,181
651,177
656,177
661,177
671,177
677,177
681,180
684,186
686,190
685,197
684,202
682,208
677,210
661,210
655,212
647,213
643,210
642,203
643,197
end box4
586,182
587,180
589,179
590,178
600,177
602,178
604,180
605,182
606,185
606,188
605,191
601,191
591,191
588,192
586,190
585,188
585,185
end box5
634,189
635,186
637,184
638,181
641,179
644,179
647,179
650,179
655,179
658,181
660,185
659,189
656,199
653,201
650,202
647,202
644,203
639,204
635,203
633,200
633,196
634,192
end box6
589,182
590,181
591,179
592,179
599,179
601,180
602,182
602,184
602,185
602,188
599,188
592,189
590,188
589,187
589,185
end box7
611,175
615,175
616,175
617,176
617,177
617,178
617,179
617,181
616,182
614,182
613,182
612,182
611,182
610,181
609,180
end box8
606,189
606,188
608,186
609,185
611,184
619,184
621,185
623,187
624,189
624,192
624,195
623,198
620,198
610,199
607,199
605,197
605,194
605,192
end box9
637,180
637,178
638,177
640,176
641,175
648,174
651,175
652,177
652,179
652,182
651,184
650,186
642,188
640,188
638,188
637,186
636,184
636,181
end box10
432,157
433,157
434,157
435,157
436,157
437,158
438,159
438,160
438,162
438,164
437,165
436,166
434,166
433,166
432,165
431,164
end box11
536,158
537,159
538,160
538,161
538,163
538,165
537,166
535,166
533,166
532,166
531,165
end box12
545,163
548,162
549,162
550,163
551,164
551,165
551,166
551,167
551,169
550,170
549,171
547,171
546,170
545,170
544,169
end box13
553,171
554,172
554,173
555,174
555,175
555,176
555,178
554,179
553,179
550,179
549,179
548,178
end box14
445,175
446,174
447,174
449,174
450,174
451,175
452,176
452,177
452,178
452,179
452,181
451,182
450,183
448,183
447,183
446,182
445,181
end box15
432,192
433,191
434,191
435,191
436,192
437,192
437,193
438,194
437,196
437,197
437,199
435,199
434,199
433,199
432,198
end box16
467,171
468,171
469,171
470,171
471,171
472,172
472,173
472,177
472,179
470,179
469,179
468,179
467,178
end box17
741,170
744,170
746,170
747,171
748,172
748,174
748,177
748,179
747,180
745,181
742,181
740,180
739,179
end box18
481,160
482,159
484,159
485,160
486,160
486,161
486,165
486,167
484,167
483,167
482,167
481,166
end box19
432,173
433,172
434,172
436,172
437,173
438,174
438,181
438,183
436,184
435,185
433,184
431,183
end box20
496,124
498,123
501,123
503,124
503,126
503,136
502,137
500,138
497,138
496,137
end box21
end total22boxes
