575,177
575,171
581,163
586,158
593,158
600,157
614,157
623,158
627,162
631,171
633,177
634,186
634,195
632,204
625,206
614,204
607,202
600,203
591,207
582,207
576,204
575,194
576,185
end box0
246,252
246,246
246,237
247,225
251,206
263,176
275,181
286,203
292,223
294,235
294,244
297,252
295,259
293,266
290,272
287,282
286,306
278,332
259,336
252,304
252,278
250,270
247,264
246,258
end box1
167,252
163,240
165,227
166,205
173,169
193,128
209,134
229,174
237,206
237,227
236,242
237,252
237,262
235,270
232,280
238,309
240,361
220,378
180,383
162,367
167,308
171,280
169,270
167,261
end box2
365,194
365,191
365,187
365,181
367,173
373,162
379,162
384,171
386,181
387,186
388,190
388,194
388,197
388,201
386,204
386,210
385,221
380,230
371,229
367,218
367,207
367,202
366,200
365,197
end box3
434,176
435,175
437,173
447,173
449,174
450,176
451,178
451,181
451,184
450,186
448,188
438,188
436,187
434,185
end box4
439,175
440,174
446,173
447,174
448,175
449,177
449,178
449,180
448,182
447,183
445,183
440,183
439,182
438,181
end box5
520,175
520,174
521,173
522,172
523,173
524,174
524,175
525,176
525,177
525,178
525,179
525,180
524,181
524,183
522,184
521,183
520,181
520,180
end box6
490,161
491,160
492,160
493,160
494,161
494,161
495,162
495,163
495,164
495,165
495,166
495,168
493,168
492,169
491,168
490,167
end box7
520,181
521,180
522,180
524,180
525,181
525,190
524,191
523,192
521,192
520,190
end box8
365,194
365,191
365,187
365,181
367,173
373,162
379,162
384,171
386,181
387,186
388,190
388,194
388,197
388,201
386,204
386,210
385,221
380,230
371,229
367,218
367,207
367,202
366,200
365,197
end box9
end total10boxes
