578,176
578,176
579,175
580,175
581,175
582,176
582,176
583,177
584,178
584,179
584,180
584,182
583,182
581,183
580,183
579,183
578,182
577,182
577,181
end box0
517,191
519,188
522,186
524,185
527,185
534,185
536,185
539,186
542,188
545,191
547,195
546,199
543,202
538,202
535,202
527,201
524,201
520,200
517,198
517,195
end box1
562,178
566,178
567,178
567,179
568,180
568,181
568,182
568,184
567,185
565,185
564,185
563,185
562,185
561,184
560,183
end box2
594,175
595,175
597,175
597,175
598,175
599,176
599,177
599,178
599,179
599,180
598,181
597,181
596,182
595,181
594,181
593,180
593,180
end box3
137,211
148,202
158,197
166,194
194,194
203,193
212,196
223,202
233,211
236,224
232,235
220,241
204,240
152,239
139,234
136,224
end box4
525,193
525,191
526,189
527,188
529,187
534,187
536,188
538,189
539,190
540,192
541,195
541,197
540,200
537,201
535,201
532,200
531,200
529,200
526,200
525,199
524,197
524,195
end box5
545,177
548,177
549,178
550,178
550,179
550,180
550,181
550,182
549,183
548,183
547,183
546,183
545,183
544,182
544,182
end box6
502,193
503,190
505,188
508,186
511,187
518,187
521,186
523,188
526,190
528,193
530,197
529,201
527,204
523,205
519,204
516,203
513,203
511,203
508,203
504,202
502,200
502,196
end box7
742,156
743,156
744,156
745,157
745,158
746,159
746,160
746,161
746,163
745,163
743,164
742,164
741,164
740,163
739,163
739,162
end box8
630,129
631,128
632,127
634,127
635,128
636,129
637,130
637,135
636,136
635,137
633,137
632,137
631,136
630,135
end box9
738,159
738,157
739,156
740,155
742,154
743,154
745,154
747,155
748,156
749,158
749,160
749,161
749,163
748,165
747,167
746,168
744,168
742,168
740,167
738,166
738,164
737,163
737,161
end box10
478,141
481,141
482,141
483,142
484,143
484,144
484,145
484,146
484,148
483,149
482,150
480,150
479,150
478,149
477,148
end box11
737,146
737,145
738,145
739,145
740,145
741,145
742,146
742,147
743,148
743,149
743,150
742,152
742,153
741,154
739,154
738,154
737,153
736,152
end box12
628,142
632,142
633,143
633,144
634,149
633,150
632,150
630,151
629,150
628,150
627,149
end box13
477,156
478,156
479,156
480,156
481,156
482,157
482,158
482,161
482,162
482,164
481,164
479,165
478,164
477,164
end box14
613,161
613,161
614,161
615,161
615,161
616,161
617,162
617,163
617,164
617,165
617,166
616,167
615,168
614,168
613,168
612,167
612,166
end box15
588,127
589,126
591,126
592,127
592,127
592,133
591,134
590,134
589,134
588,133
end box16
739,177
740,177
741,176
742,176
743,177
743,178
743,183
743,184
743,186
741,187
740,186
739,184
end box17
513,156
514,156
515,156
516,156
517,156
518,157
518,158
518,162
518,164
517,164
515,165
514,164
513,164
end box18
562,145
562,145
563,145
564,145
564,145
565,146
565,151
564,151
563,151
562,151
561,150
end box19
698,159
699,158
700,158
701,158
702,159
703,160
703,161
703,165
703,167
702,168
700,168
699,168
698,167
end box20
702,160
703,160
704,159
705,160
706,160
706,161
706,168
706,169
704,169
703,169
702,168
end box21
end total22boxes
