469,206
468,199
473,192
479,188
487,188
493,189
500,188
506,189
513,189
518,194
524,200
527,206
528,215
529,225
525,232
516,233
507,233
500,231
494,231
487,231
480,231
473,228
470,222
470,214
end box0
660,193
662,188
667,182
672,178
678,177
685,178
690,178
696,178
703,178
708,181
713,188
715,193
716,202
715,209
712,216
705,218
696,217
684,217
677,220
667,221
661,219
659,210
660,201
end box1
332,236
343,224
356,210
366,201
380,200
395,201
406,200
420,201
436,201
449,208
464,221
472,235
473,255
471,275
460,288
441,290
419,285
406,283
382,284
360,291
339,290
330,275
328,257
end box2
633,181
634,177
637,174
639,172
643,172
656,172
659,173
663,176
664,180
664,185
664,190
661,193
657,194
642,195
638,194
634,193
633,189
633,185
end box3
661,170
685,99
717,31
787,7
863,4
926,13
985,10
1047,5
1121,8
1194,29
1232,96
1251,169
1256,260
1246,344
1206,395
1120,411
1047,404
983,388
929,384
872,389
797,400
709,389
668,341
662,261
end box4
634,179
635,177
636,175
638,174
640,173
650,173
652,174
654,176
655,179
655,182
655,185
653,188
650,189
639,190
636,189
634,188
634,185
634,182
end box5
541,159
543,158
548,158
549,159
550,167
549,169
547,170
543,169
542,169
end box6
673,142
676,142
677,142
678,143
679,144
679,149
678,150
677,151
675,151
674,151
673,150
672,149
end box7
628,176
628,176
629,175
630,175
631,175
632,175
633,176
633,177
634,178
634,179
633,180
634,182
633,183
631,183
630,184
629,183
628,183
627,182
end box8
647,160
648,160
648,161
649,162
649,166
648,167
647,167
644,167
643,167
end box9
663,158
664,159
665,160
665,161
665,165
664,166
663,167
661,167
660,166
659,166
end box10
545,170
550,170
551,170
551,172
551,177
550,178
549,179
546,179
545,178
end box11
561,157
565,157
566,158
567,164
566,165
565,166
562,166
561,165
end box12
558,146
559,145
560,145
561,145
562,144
563,145
564,146
565,147
565,152
564,153
563,154
561,154
560,154
559,153
558,152
end box13
674,157
678,157
679,158
679,159
679,164
679,165
678,165
676,166
675,165
674,165
end box14
674,157
678,157
679,158
679,159
679,164
679,165
678,165
676,166
675,165
674,165
end box15
end total16boxes
