591,203
593,200
595,197
597,194
600,194
615,194
617,197
619,200
620,203
620,207
621,212
620,218
617,219
599,218
595,219
592,217
592,211
592,207
end box0
593,196
593,192
595,189
598,187
602,187
611,187
615,187
618,189
621,192
622,195
622,200
622,204
621,209
617,210
612,210
601,210
597,209
594,207
593,203
593,199
end box1
658,193
658,193
659,192
660,192
661,192
662,193
663,193
663,194
664,195
664,196
663,197
664,199
663,199
661,200
660,200
659,200
658,199
657,199
657,198
end box2
625,190
625,189
626,188
627,188
628,188
629,189
630,190
630,191
630,192
630,193
630,194
630,195
630,197
629,198
627,199
626,198
625,197
624,195
end box3
581,173
582,172
584,172
585,173
586,174
587,180
586,182
585,182
583,183
582,182
581,181
end box4
555,152
567,151
569,153
570,167
568,169
556,169
554,168
end box5
586,163
586,164
587,166
587,169
587,170
586,172
584,172
579,171
end box6
346,153
347,152
350,152
351,153
352,163
350,165
346,165
345,164
end box7
end total8boxes
