8,184
9,175
16,173
25,174
32,173
37,173
43,175
49,176
55,180
58,186
63,192
65,200
65,209
62,217
55,220
46,220
38,220
31,219
24,219
16,219
11,214
end box0
705,175
706,173
706,172
707,172
711,172
713,172
713,173
714,175
714,176
714,178
714,180
712,180
711,180
709,181
708,180
706,180
705,180
704,179
705,177
705,176
end box1
720,175
720,173
722,172
723,170
724,170
731,170
733,171
734,173
735,174
735,177
735,179
735,182
732,182
723,183
721,182
720,181
719,179
719,176
end box2
690,173
690,172
691,171
691,171
696,170
697,171
698,172
699,173
699,174
699,176
699,178
697,178
695,178
693,178
692,178
690,178
690,177
690,175
690,174
end box3
675,172
676,171
676,171
677,170
677,170
681,169
682,170
683,171
683,172
683,173
683,174
683,176
682,176
680,177
679,177
678,177
677,177
676,176
675,175
675,174
675,173
end box4
702,176
703,174
704,173
705,172
706,171
713,171
714,172
716,174
717,176
717,178
717,180
716,183
714,183
711,183
705,184
703,183
702,182
702,179
702,177
end box5
741,170
741,170
742,169
746,169
747,170
748,171
749,172
749,173
749,175
749,177
747,177
745,177
744,177
743,177
742,177
740,177
740,175
end box6
722,175
722,174
723,173
723,173
724,172
728,172
729,173
730,174
731,175
731,176
730,178
731,180
729,180
727,180
725,180
724,180
722,180
722,179
722,177
722,176
end box7
742,162
742,162
746,162
746,162
747,163
748,164
748,165
748,166
748,168
747,168
745,169
744,169
743,168
742,168
741,168
740,167
end box8
688,174
688,172
690,171
691,170
699,169
700,170
702,171
703,173
704,176
704,178
703,181
700,181
692,181
689,181
687,180
687,178
687,176
end box9
709,164
712,164
713,164
714,165
715,166
715,167
715,168
715,170
714,170
712,171
711,171
710,171
709,170
708,170
708,169
end box10
757,161
757,161
758,160
759,160
760,160
761,161
761,161
762,162
762,163
762,164
762,165
762,167
761,167
760,168
759,168
758,168
757,167
756,166
756,166
end box11
723,162
724,161
727,161
728,161
729,162
729,163
729,164
729,165
729,167
728,167
727,167
725,167
724,167
723,167
723,166
end box12
752,165
752,163
754,162
755,160
756,160
761,160
763,160
765,161
766,163
767,164
767,167
767,169
766,171
764,172
762,172
759,172
758,172
756,172
754,172
752,170
752,168
752,166
end box13
736,167
736,165
737,163
739,162
740,162
747,162
749,163
750,164
751,166
752,169
752,171
751,174
748,174
745,174
740,174
737,174
736,173
735,171
735,168
end box14
721,166
721,164
723,163
724,162
725,161
732,161
734,162
735,163
736,165
736,168
736,170
735,172
733,173
724,173
722,173
721,172
720,169
721,167
end box15
645,160
646,159
647,159
648,159
649,160
649,160
650,161
650,162
650,163
650,164
650,165
649,166
648,167
647,168
646,167
645,166
end box16
628,161
629,160
630,160
631,160
632,160
633,161
633,162
634,163
634,164
634,165
634,167
633,168
632,169
630,169
629,169
628,168
627,167
end box17
773,159
774,158
775,158
777,158
778,159
779,160
780,167
779,169
777,170
776,171
774,171
772,169
771,168
end box18
784,155
786,152
790,151
792,153
794,158
794,175
794,183
790,183
785,183
783,178
end box19
787,158
788,156
789,156
791,157
792,158
793,159
793,168
791,170
790,170
788,170
786,168
end box20
593,158
597,157
598,158
598,159
599,160
599,161
599,162
599,164
598,165
596,165
595,165
594,165
593,165
592,164
end box21
657,168
658,167
659,167
660,167
661,168
662,169
662,175
662,176
661,177
659,178
658,177
657,176
end box22
528,158
529,158
530,158
531,158
532,158
533,159
533,160
534,165
533,166
532,167
530,167
529,167
528,166
end box23
773,170
774,169
775,169
777,169
778,170
779,171
778,180
777,181
776,182
774,181
772,180
771,179
end box24
478,173
478,173
479,172
481,172
482,173
482,173
483,174
483,175
483,176
483,177
483,178
483,179
481,180
480,180
479,180
478,179
477,178
end box25
656,160
656,159
657,159
658,159
658,160
659,161
659,161
659,162
659,163
659,164
659,165
659,166
658,167
657,167
656,167
655,166
end box26
end total27boxes
