620,178
620,176
622,174
624,173
634,173
636,173
639,175
640,178
640,181
640,184
639,188
635,188
625,187
622,188
619,187
619,184
618,181
end box0
310,223
321,214
332,205
339,199
350,199
360,201
368,199
377,200
388,199
397,204
409,212
419,223
422,239
421,253
409,262
393,264
378,262
368,260
359,260
349,261
335,263
317,263
307,252
306,239
end box1
476,196
477,190
481,186
486,184
492,185
496,185
499,185
503,185
508,185
512,187
516,192
519,196
521,202
521,208
517,213
511,214
504,214
500,213
495,213
491,213
485,213
481,211
478,207
477,202
end box2
485,202
487,198
490,195
493,193
496,193
505,193
509,193
511,195
515,198
517,201
518,206
517,211
515,215
510,215
506,215
496,214
492,214
488,213
486,210
485,206
end box3
642,175
643,174
644,174
645,173
646,173
647,174
648,175
649,176
649,177
649,178
649,179
649,181
648,182
647,183
645,183
644,183
643,182
642,181
end box4
638,179
638,177
639,175
641,174
642,174
647,173
649,174
651,175
652,176
653,178
653,181
653,183
652,185
650,186
648,187
645,187
644,187
642,186
640,186
638,184
638,182
638,180
end box5
89,284
89,275
90,263
93,249
100,227
116,196
129,188
146,218
153,244
156,261
158,273
160,283
158,293
153,301
150,311
145,322
144,351
133,376
110,378
98,356
99,320
96,308
91,301
89,293
end box6
469,206
469,204
469,201
469,196
471,189
475,179
480,179
484,188
486,196
487,200
488,203
487,206
487,209
486,211
485,213
486,219
486,230
482,234
474,234
471,228
471,216
471,212
470,210
469,209
end box7
1100,23
1103,18
1103,11
1107,6
1112,3
1118,0
1125,0
1132,1
1137,4
1142,9
1143,16
1145,23
1146,28
1145,35
1142,42
1139,48
1133,54
1126,56
1118,55
1110,52
1105,47
1103,40
1101,34
1100,28
end box8
1107,59
1109,55
1141,55
1145,58
1145,76
1143,80
1108,79
1106,75
end box9
657,158
661,158
662,158
662,159
663,164
662,165
660,165
659,165
658,165
657,165
656,164
end box10
304,226
314,216
323,208
331,203
341,203
350,203
357,202
366,202
378,201
388,205
398,214
406,226
409,240
409,255
400,264
383,266
368,263
358,262
349,263
338,265
323,267
307,265
299,255
298,241
end box11
474,221
473,217
474,213
477,211
481,210
484,211
485,215
485,220
484,222
485,224
485,225
485,227
486,230
486,235
484,240
481,240
477,240
474,236
473,232
473,229
end box12
469,206
469,204
469,201
469,196
471,189
475,179
480,179
484,188
486,196
487,200
488,203
487,206
487,209
486,211
485,213
486,219
486,230
482,234
474,234
471,228
471,216
471,212
470,210
469,209
end box13
end total14boxes
