905,187
922,170
935,157
952,152
967,151
981,150
993,148
1006,149
1023,148
1044,153
1062,166
1072,186
1072,208
1070,228
1048,236
1019,237
1007,242
994,243
980,242
968,239
953,236
919,239
901,230
899,210
end box0
303,186
328,173
346,167
358,165
367,163
375,163
382,162
391,163
400,163
415,166
439,169
461,184
462,204
452,215
424,222
403,220
390,218
354,220
332,222
303,216
296,206
end box1
1039,59
1039,48
1041,34
1051,29
1063,24
1075,23
1086,22
1097,26
1108,30
1117,37
1124,46
1112,88
1094,102
1085,110
1075,111
1065,104
1060,93
1050,88
1045,80
end box2
end total3boxes
