399,208
404,201
410,192
416,185
425,185
434,184
441,184
450,185
460,185
467,190
476,199
480,207
479,220
478,232
475,242
464,244
450,241
441,240
434,240
425,240
412,243
403,241
399,230
399,219
end box0
519,189
521,187
524,184
527,182
530,181
543,181
545,183
549,186
552,189
553,194
553,199
550,204
545,204
539,202
529,203
525,203
520,203
518,198
518,194
end box1
571,195
573,190
578,184
582,181
588,181
593,180
598,180
603,181
610,181
614,184
618,190
621,195
622,203
622,210
620,217
613,219
604,216
586,218
577,220
572,218
570,210
571,202
end box2
556,180
556,178
558,176
560,175
570,175
572,176
574,178
576,180
576,183
576,187
575,190
571,190
561,189
558,190
556,188
555,186
555,183
end box3
571,179
572,177
573,175
574,174
576,173
583,173
585,174
587,176
588,178
588,181
588,183
587,186
584,187
582,187
575,187
573,186
572,185
571,183
571,180
end box4
576,175
577,174
582,174
584,174
585,175
585,177
585,178
585,180
585,182
583,182
582,183
579,183
577,183
576,182
575,181
end box5
220,190
226,183
234,181
241,181
259,181
265,181
272,184
280,190
284,198
281,204
269,206
260,206
230,206
219,204
217,197
end box6
559,178
560,176
561,175
568,175
569,176
570,178
570,179
570,181
570,184
568,184
561,184
560,184
559,182
559,181
end box7
141,197
144,193
147,190
150,189
153,189
165,189
169,190
173,193
176,196
177,201
176,206
172,209
166,210
162,209
153,210
149,209
143,209
141,206
141,201
end box8
510,193
510,191
511,190
512,188
513,188
515,187
516,187
518,187
520,188
522,189
522,191
523,193
523,195
523,197
523,199
521,200
519,201
516,201
514,201
512,201
511,200
509,198
509,196
509,194
end box9
79,193
81,186
86,181
93,180
119,181
126,182
132,186
136,193
138,201
137,209
130,213
120,214
114,214
109,214
104,215
99,214
93,213
84,212
78,208
78,200
end box10
146,193
150,188
154,184
160,184
179,183
185,184
190,187
195,193
197,200
196,206
188,208
180,209
175,209
172,209
168,209
163,210
158,210
151,209
144,206
144,200
end box11
545,174
549,174
550,174
550,175
551,176
551,177
551,178
551,180
550,181
548,181
547,181
546,181
545,180
544,180
end box12
607,163
608,161
609,159
610,158
621,157
624,158
625,161
626,163
626,166
626,169
625,172
623,173
612,173
609,173
607,171
607,168
607,166
end box13
1032,208
1032,206
1032,204
1033,202
1034,199
1036,194
1039,193
1042,196
1044,200
1044,203
1045,205
1045,207
1045,209
1044,211
1044,214
1044,218
1043,223
1040,225
1035,224
1033,220
1033,215
1032,213
1032,211
1032,209
end box14
1012,157
1012,156
1013,154
1015,152
1016,151
1018,150
1021,150
1023,150
1025,151
1027,153
1029,155
1029,157
1029,160
1029,163
1028,165
1026,167
1024,169
1021,169
1018,169
1016,168
1014,166
1012,164
1012,162
1012,160
end box15
725,161
729,161
730,161
730,162
731,163
731,164
731,165
731,167
730,168
729,168
727,168
726,168
725,168
724,167
end box16
512,144
516,143
517,144
517,145
518,146
518,148
517,150
517,151
516,151
514,151
513,151
512,151
511,150
end box17
501,159
501,160
502,161
502,162
502,163
502,165
501,165
end box18
480,189
481,188
482,188
483,188
484,189
485,190
486,191
486,196
485,197
484,198
482,198
481,198
480,197
end box19
1032,208
1032,206
1032,204
1033,202
1034,199
1036,194
1039,193
1042,196
1044,200
1044,203
1045,205
1045,207
1045,209
1044,211
1044,214
1044,218
1043,223
1040,225
1035,224
1033,220
1033,215
1032,213
1032,211
1032,209
end box20
494,173
495,172
496,172
497,172
498,173
498,173
499,174
499,178
498,179
497,180
496,181
495,180
494,179
end box21
784,98
783,95
784,91
784,86
788,85
793,83
798,78
804,78
808,80
808,119
805,122
798,123
792,120
788,116
784,114
783,109
784,104
783,101
end box22
478,148
479,147
480,147
481,147
482,148
483,149
483,156
482,157
480,158
479,157
478,156
end box23
868,176
869,175
872,175
873,175
873,177
873,185
872,186
870,186
869,186
867,185
end box24
end total25boxes
