648,205
649,198
655,189
661,184
669,184
691,185
701,184
708,188
713,197
715,205
715,215
713,224
710,232
701,234
691,232
684,232
677,233
668,236
657,237
649,234
647,224
648,214
end box0
476,202
478,198
482,193
487,190
492,191
505,191
511,190
515,192
519,198
523,202
524,209
523,216
519,221
513,222
506,220
491,221
484,222
478,221
475,216
476,209
end box1
195,246
217,221
237,200
261,191
286,188
308,190
328,188
350,186
373,190
396,201
424,220
441,246
448,281
443,310
415,327
382,336
353,333
328,321
309,317
287,322
257,330
223,325
196,308
190,280
end box2
605,180
606,178
607,176
608,175
610,174
619,174
622,175
623,178
624,180
624,183
624,186
623,189
621,191
609,191
607,190
605,188
605,185
605,183
end box3
633,197
633,194
635,190
637,188
641,187
650,187
655,187
658,189
660,192
660,196
660,200
659,204
658,208
655,211
651,211
644,212
639,212
635,211
633,209
632,204
633,200
end box4
636,197
636,194
637,193
639,191
640,190
647,190
650,190
652,191
653,194
653,196
652,204
650,206
642,207
639,207
637,206
636,203
636,201
636,199
end box5
620,195
620,193
621,192
623,190
624,189
633,189
636,190
637,192
638,195
637,201
636,203
634,205
626,206
624,206
621,205
620,203
619,200
619,198
end box6
522,194
523,192
524,190
525,189
527,189
532,188
534,189
536,190
537,191
538,193
539,196
539,198
538,201
535,202
533,202
531,202
529,202
527,201
525,201
523,200
522,198
522,196
end box7
540,190
541,189
542,189
544,189
545,189
546,190
547,191
547,192
547,193
547,194
547,196
546,197
545,198
543,198
542,198
541,197
540,196
end box8
592,173
592,173
594,173
594,173
595,174
596,174
596,175
596,176
596,177
596,178
595,179
594,179
593,180
592,179
591,179
591,178
end box9
596,158
597,157
600,158
600,158
601,159
601,163
601,164
599,165
598,165
597,165
596,164
end box10
562,181
567,180
568,181
569,182
570,183
570,184
570,186
569,187
568,188
567,188
563,188
562,187
561,186
561,185
end box11
533,190
534,190
534,191
535,192
535,193
535,194
535,196
534,197
532,197
531,197
530,197
529,196
528,196
528,195
end box12
end total13boxes
