523,192
538,180
551,172
563,170
574,169
583,169
591,168
600,168
611,167
624,171
639,179
652,192
654,209
651,224
635,231
612,230
600,229
591,230
582,231
573,230
561,231
540,230
523,224
520,210
end box0
1082,184
1083,182
1085,180
1086,179
1097,178
1100,179
1103,181
1104,184
1104,187
1103,191
1102,194
1099,194
1087,194
1084,195
1082,193
1081,190
1081,187
end box1
69,202
70,197
71,191
73,184
77,174
84,158
91,158
99,173
104,182
106,189
108,196
109,202
109,207
106,212
103,216
101,223
99,234
93,253
81,254
75,239
74,223
72,216
70,212
70,207
end box2
43,200
42,196
42,189
43,181
47,170
55,150
64,148
72,164
76,178
78,187
78,194
78,200
77,205
76,210
75,215
74,224
74,244
66,260
52,259
46,238
47,219
46,212
43,209
43,204
end box3
91,204
91,201
91,196
92,191
94,180
99,170
105,173
110,183
113,191
114,197
115,200
115,204
115,207
115,211
114,215
115,224
114,235
108,241
97,243
92,235
92,220
93,213
91,210
91,207
end box4
57,196
58,189
59,177
66,159
74,157
81,173
83,187
83,195
83,200
83,204
83,207
83,211
81,215
81,221
80,235
76,257
64,257
60,232
60,218
59,213
58,210
end box5
323,222
323,219
324,216
325,212
327,208
331,204
336,202
341,204
344,210
346,214
347,218
347,222
347,225
347,229
346,233
346,240
343,244
337,246
330,245
325,244
323,238
323,232
323,228
323,225
end box6
512,78
514,72
521,72
527,74
532,79
537,81
536,87
537,91
537,95
538,98
537,102
537,106
536,112
532,115
527,121
521,123
513,124
end box7
end total8boxes
