686,187
688,183
694,179
697,175
702,175
706,175
710,175
715,176
721,175
724,178
729,183
732,187
732,194
732,201
729,207
724,208
700,207
690,211
687,209
686,200
687,194
end box0
436,195
434,187
437,179
444,177
452,178
471,178
478,178
483,182
486,189
489,195
489,203
489,211
487,217
479,220
472,221
465,219
459,219
453,219
447,217
441,214
439,209
438,202
end box1
654,188
655,185
657,182
659,180
662,179
665,179
671,179
675,179
677,181
680,185
681,188
682,192
682,196
681,201
677,202
672,201
661,201
657,201
654,200
653,195
653,191
end box2
736,181
736,179
737,177
738,175
740,175
742,174
744,174
745,174
747,175
749,176
750,178
751,180
751,183
751,185
751,188
749,189
746,190
744,190
741,190
739,190
737,188
736,187
736,184
735,182
end box3
691,179
694,176
698,173
701,171
705,171
718,171
722,172
727,175
730,179
730,185
730,190
726,194
721,195
699,194
694,194
691,189
691,184
end box4
653,189
654,187
655,186
656,184
658,183
660,183
665,182
667,183
669,184
671,187
672,189
672,192
672,195
671,198
669,199
665,199
663,199
660,199
657,200
655,199
653,197
653,194
653,192
end box5
686,180
687,178
688,177
689,176
690,175
692,174
695,174
697,175
699,175
700,177
701,179
700,182
700,184
700,186
698,187
696,188
693,188
691,188
689,188
687,187
686,185
686,183
686,181
end box6
383,206
387,199
392,193
399,192
405,191
411,191
416,191
421,191
428,192
434,194
438,200
445,206
447,215
446,223
440,228
429,229
422,230
416,229
411,229
406,228
401,226
391,225
385,221
383,214
end box7
722,181
722,179
722,178
723,176
725,175
727,174
729,174
730,175
732,176
733,177
734,179
735,181
735,183
735,185
735,187
733,189
731,190
729,190
726,189
725,188
723,187
722,186
721,182
end box8
689,178
690,177
690,176
691,176
693,176
694,176
695,177
695,178
696,179
696,180
696,181
696,183
695,184
693,184
692,184
691,184
690,184
689,183
688,182
end box9
668,181
668,179
670,177
671,176
674,176
679,175
682,176
684,177
686,179
687,181
687,184
687,187
686,190
684,191
680,191
673,191
670,190
669,189
668,186
668,184
end box10
625,177
625,176
626,175
627,174
628,175
629,176
629,177
630,178
630,179
630,180
630,181
630,182
629,183
629,185
627,186
626,186
625,183
625,182
end box11
741,159
742,158
744,158
745,159
746,159
746,160
747,161
747,162
747,163
747,165
746,166
745,166
743,166
742,166
741,166
end box12
775,158
776,158
778,158
779,158
780,159
781,160
781,165
780,166
779,167
777,167
776,167
775,166
774,165
end box13
724,160
725,160
727,159
728,160
728,160
729,161
729,162
729,164
729,165
728,166
727,167
726,167
725,167
724,166
end box14
560,181
561,180
562,180
563,180
564,180
565,180
566,181
566,182
567,183
567,184
567,185
567,187
566,188
565,189
563,189
562,189
561,188
560,187
end box15
715,159
715,159
716,160
716,161
716,162
716,163
716,164
715,165
714,166
712,165
711,165
710,164
end box16
804,176
804,175
805,174
806,174
807,174
808,175
809,176
809,177
810,178
810,179
809,180
810,182
809,183
808,184
806,185
805,184
804,183
803,182
end box17
724,160
725,160
727,159
728,160
728,160
729,161
729,162
729,164
729,165
728,166
727,167
726,167
725,167
724,166
end box18
end total19boxes
