612,195
613,190
618,183
623,179
629,178
636,178
641,178
648,179
655,179
659,183
663,190
665,195
666,204
666,212
665,220
658,223
649,221
628,222
618,223
613,220
612,211
613,203
end box0
503,193
504,188
509,183
513,180
519,180
524,181
529,181
533,181
540,180
544,183
547,189
551,193
552,200
552,208
549,213
541,214
534,213
529,212
524,212
519,212
513,213
506,212
504,206
503,200
end box1
447,194
450,189
455,185
459,183
464,183
468,183
471,183
475,184
481,183
486,184
491,188
494,194
496,201
495,207
490,211
482,212
476,211
472,211
467,212
462,212
456,213
449,212
445,207
445,200
end box2
513,190
514,187
516,183
519,181
523,181
534,181
538,181
540,183
544,187
546,190
546,195
546,200
544,205
540,206
535,206
524,204
520,203
516,202
514,199
513,195
end box3
564,175
565,176
566,176
566,177
566,178
566,179
566,180
565,181
564,181
563,181
562,181
561,181
561,180
560,179
end box4
593,173
593,173
594,172
595,172
596,172
597,173
597,173
598,174
598,175
598,176
598,177
598,178
598,179
596,180
595,180
594,180
593,179
592,178
end box5
612,160
613,159
614,159
615,159
616,160
616,160
617,161
617,165
616,166
615,167
614,167
613,167
612,166
end box6
761,121
762,122
763,123
763,130
762,131
760,131
757,131
755,131
754,130
end box7
563,157
563,157
565,157
565,157
566,158
566,158
567,159
567,160
567,161
567,162
566,163
565,163
564,163
563,163
562,163
end box8
709,159
710,158
711,158
712,158
713,159
713,159
714,160
714,161
714,163
714,164
713,165
712,166
711,166
710,166
709,165
708,164
end box9
543,188
544,187
545,187
547,187
548,188
549,189
549,190
550,192
550,193
550,195
550,197
549,198
547,199
546,200
544,199
542,198
end box10
643,106
644,106
645,106
646,106
647,106
648,107
648,108
648,109
648,110
648,111
648,112
648,113
646,114
645,115
644,114
643,113
642,112
end box11
593,161
594,161
596,161
597,161
597,161
598,162
598,163
598,164
598,165
598,166
597,167
596,168
595,168
594,168
593,167
593,166
end box12
626,159
627,159
628,159
629,159
629,159
630,159
631,160
631,161
631,163
631,164
630,165
629,166
628,166
627,166
626,165
end box13
529,158
530,157
531,157
532,157
533,158
533,158
534,159
534,160
534,161
534,162
534,163
533,164
532,165
531,165
530,165
529,164
end box14
580,159
581,159
581,159
582,159
583,160
583,160
584,161
584,162
583,163
583,164
583,165
582,165
581,165
580,165
579,164
end box15
538,190
539,188
541,187
542,186
545,186
547,187
549,188
550,190
551,192
551,193
552,196
552,198
551,201
550,203
548,204
545,205
542,204
540,203
end box16
641,165
641,165
644,165
645,165
645,165
646,166
646,167
646,168
646,169
646,170
646,171
644,172
643,172
642,172
641,171
640,170
end box17
816,63
816,61
817,60
818,58
819,57
821,56
823,56
824,57
826,57
828,59
828,61
829,63
828,64
828,66
828,69
827,70
825,72
823,73
820,72
818,72
817,70
816,68
816,66
816,64
end box18
609,174
610,173
611,173
612,173
613,174
613,174
614,175
614,179
613,180
612,181
611,181
610,181
609,180
608,179
end box19
545,159
545,159
547,159
547,159
548,160
548,160
549,161
549,162
549,163
549,164
548,165
547,166
546,166
545,165
544,165
end box20
523,107
524,106
525,106
526,106
527,107
528,108
528,115
527,116
525,117
524,116
523,115
end box21
end total22boxes
