207,192
216,180
228,172
241,169
252,169
261,168
270,167
280,167
291,167
303,172
314,181
323,193
326,209
325,224
312,232
293,233
280,233
271,234
261,233
253,230
239,232
220,232
209,223
207,209
end box0
556,191
556,189
557,187
558,186
560,185
569,185
572,186
573,189
574,191
574,194
574,197
573,200
571,201
559,202
557,201
555,199
555,196
555,194
end box1
425,191
426,189
427,188
429,186
431,186
439,186
441,187
443,189
445,191
445,194
445,197
443,200
440,201
437,201
429,202
427,201
425,200
424,197
424,194
end box2
587,180
588,178
589,176
590,175
592,174
597,174
599,175
601,175
602,177
604,179
604,182
604,185
603,187
601,188
598,188
593,188
591,188
589,187
587,186
587,184
587,182
end box3
507,180
508,178
509,176
510,175
512,174
520,174
522,175
523,177
524,179
524,182
523,184
522,187
520,188
511,188
509,188
507,186
507,184
507,181
end box4
520,186
521,183
525,180
527,178
531,178
540,178
544,178
547,180
551,183
553,186
554,191
554,196
552,201
546,201
541,200
530,200
525,201
521,200
519,196
519,191
end box5
541,178
541,176
542,174
543,173
545,173
547,172
550,172
552,173
554,174
555,175
556,177
556,180
556,182
556,185
553,186
551,186
549,186
547,186
545,185
543,185
541,184
540,181
540,179
end box6
501,182
503,179
505,177
507,175
510,175
517,175
521,175
523,176
526,179
527,182
527,185
527,189
525,193
522,194
509,194
505,194
503,192
501,189
501,185
end box7
555,177
555,175
556,174
558,172
559,172
564,172
566,172
568,173
569,174
570,176
570,179
570,181
569,183
567,184
565,185
562,184
561,184
559,184
557,184
555,183
554,180
554,178
end box8
548,173
548,173
549,172
551,172
552,173
553,173
553,174
554,175
554,176
554,177
554,179
553,180
551,180
550,180
549,180
548,179
547,179
end box9
523,178
523,176
525,174
526,173
528,173
535,173
537,174
539,175
540,177
540,180
540,183
539,185
536,186
527,186
525,185
523,184
523,182
523,180
end box10
560,172
560,172
561,171
563,171
564,172
565,172
565,173
566,174
566,175
565,176
566,178
564,178
563,179
562,179
561,179
560,178
559,177
559,177
end box11
588,130
589,129
590,129
592,128
593,128
595,129
596,129
596,130
597,132
597,133
597,135
597,136
596,138
594,138
592,139
591,138
589,138
588,137
588,135
end box12
514,159
515,158
517,158
518,159
518,159
519,160
520,161
520,162
519,163
519,165
519,166
517,166
516,167
515,166
514,165
513,164
end box13
495,175
496,174
497,174
498,174
499,175
500,176
500,177
501,178
501,179
501,180
501,182
500,183
499,184
497,184
496,184
495,183
494,182
end box14
462,187
462,186
463,186
464,186
465,186
466,186
467,187
467,188
468,189
468,190
468,191
467,193
467,194
465,194
464,195
463,194
462,194
461,193
end box15
479,160
483,160
483,160
484,161
485,162
485,163
484,164
484,165
484,167
482,167
481,167
480,167
479,166
478,165
end box16
545,161
546,161
548,161
549,161
549,161
550,162
550,163
550,164
550,165
550,166
549,167
548,168
547,168
546,168
545,167
545,166
end box17
397,179
397,178
398,177
399,177
400,177
401,178
402,179
402,180
403,181
403,182
403,183
403,185
402,186
401,188
399,188
398,188
397,186
396,185
end box18
496,158
497,158
498,158
499,158
500,158
501,159
501,160
502,161
501,163
501,164
501,166
500,166
498,167
497,166
496,166
end box19
448,189
449,188
450,188
451,188
452,187
453,188
454,189
454,190
455,191
455,192
455,193
455,195
454,196
453,197
451,197
450,197
449,196
448,195
end box20
528,161
528,161
529,161
530,161
530,161
531,161
532,162
532,163
532,164
532,165
532,166
531,167
530,168
529,168
528,168
527,167
end box21
591,141
595,141
596,142
596,143
597,144
597,146
597,148
596,149
594,149
593,149
592,149
591,149
590,148
end box22
595,160
596,160
598,160
598,160
599,160
600,161
600,162
600,163
600,164
600,165
599,166
598,167
597,167
596,166
595,166
595,165
end box23
713,162
714,162
715,162
716,162
717,162
718,163
719,164
719,165
719,167
719,169
718,170
717,171
715,171
714,171
713,170
712,169
end box24
587,130
588,129
589,128
591,127
592,127
594,127
596,128
598,129
598,131
599,133
599,134
599,136
598,139
597,141
595,141
593,142
590,141
588,141
587,140
586,138
end box25
561,161
561,161
562,161
563,161
563,161
564,162
564,162
564,163
564,164
564,165
564,166
564,167
563,167
562,167
561,167
560,167
end box26
217,175
220,174
221,175
222,176
223,177
223,178
223,180
223,182
222,183
221,184
219,184
218,184
217,183
216,182
end box27
416,175
419,174
420,174
421,175
421,176
422,177
422,178
422,179
422,181
421,182
420,182
418,183
417,182
416,182
415,181
end box28
446,159
447,158
448,158
449,158
450,159
450,159
451,160
451,161
451,162
451,163
451,164
450,165
449,166
448,166
447,166
446,165
end box29
434,145
435,145
435,146
436,147
436,148
436,149
435,151
435,152
433,152
432,152
431,152
430,151
end box30
396,185
397,184
398,184
399,184
400,185
401,186
401,187
402,192
401,193
400,194
398,194
397,194
396,193
395,192
end box31
492,179
492,178
492,176
493,175
494,174
496,172
498,172
499,172
501,174
502,175
503,177
503,179
503,180
503,182
502,184
501,186
500,188
498,188
495,188
494,187
493,185
492,183
491,182
491,180
end box32
331,176
331,175
332,175
333,175
334,175
335,175
336,176
336,177
337,178
337,179
337,180
337,182
336,183
334,183
333,184
332,183
331,183
330,182
end box33
522,144
523,143
525,143
526,143
527,144
527,151
526,151
524,152
523,151
522,151
end box34
496,158
497,158
498,158
499,158
500,158
501,159
501,160
502,161
501,163
501,164
501,166
500,166
498,167
497,166
496,166
end box35
end total36boxes
