371,232
380,216
391,199
403,189
421,187
437,188
452,186
468,187
487,188
505,195
521,211
523,229
520,251
520,274
511,290
488,293
468,292
452,290
438,288
424,287
404,289
377,289
369,275
369,253
end box0
669,218
674,210
682,201
689,194
698,192
708,192
717,192
726,192
739,192
751,195
758,206
756,217
754,230
747,252
736,253
716,253
708,256
697,258
682,260
671,257
667,244
668,232
end box1
723,246
730,228
745,208
761,196
781,195
802,200
818,202
838,199
859,200
876,208
893,227
897,247
903,273
900,300
896,322
866,322
837,313
818,310
802,312
780,320
754,326
730,318
721,300
722,273
end box2
948,294
977,268
1005,251
1035,246
1059,244
1076,242
1094,241
1113,241
1136,245
1170,248
1197,265
1219,294
1227,330
1214,354
1172,366
1135,369
1114,373
1094,372
1075,372
1056,373
1031,374
991,370
949,358
941,332
end box3
622,193
622,191
624,189
626,188
627,188
634,188
636,188
638,190
639,192
639,195
639,198
638,200
635,200
627,200
624,200
622,199
622,197
621,195
end box4
646,209
646,206
649,204
650,201
653,200
656,199
659,199
662,199
667,199
670,201
672,205
671,209
670,212
668,219
666,221
662,222
659,223
656,223
652,224
648,223
646,220
645,216
645,212
end box5
573,191
574,189
575,188
577,187
584,187
586,188
588,189
589,191
590,193
590,196
591,199
590,202
588,203
585,204
577,203
575,202
573,200
573,196
end box6
625,191
625,190
626,189
626,189
627,188
631,188
632,189
633,190
634,191
634,192
633,194
633,195
632,196
630,196
628,196
627,196
626,195
625,194
625,193
end box7
604,191
604,190
606,189
608,188
616,187
618,188
620,189
621,191
622,194
622,197
620,199
617,199
609,199
606,199
604,198
603,196
603,194
end box8
535,197
536,193
538,190
540,188
544,188
553,189
557,188
559,190
562,193
563,197
564,201
564,205
562,209
558,211
554,210
550,210
547,210
544,210
540,209
537,207
536,204
535,200
end box9
669,208
671,202
675,197
679,193
684,191
690,190
695,190
701,190
709,190
716,192
717,200
695,229
689,231
682,233
674,233
670,229
668,221
668,214
end box10
608,191
609,190
609,190
610,189
614,189
615,189
615,190
616,191
616,192
616,193
616,195
615,195
613,195
610,195
609,195
608,194
608,193
608,192
end box11
538,206
538,204
539,202
540,200
542,200
544,199
546,199
547,199
549,200
551,202
552,203
553,205
553,208
553,210
553,213
551,214
548,215
546,215
543,215
541,214
539,213
538,212
538,209
537,207
end box12
548,194
549,190
551,187
554,186
557,186
566,186
569,185
572,187
575,190
576,194
577,198
577,202
575,206
571,207
567,207
563,206
560,206
557,206
554,205
550,204
549,201
548,197
end box13
638,190
639,189
640,189
642,189
643,189
644,190
645,191
645,196
644,197
643,197
641,198
640,198
639,197
638,196
637,195
end box14
641,176
645,176
646,176
646,177
647,178
647,182
646,183
644,183
643,183
642,183
641,183
640,182
end box15
631,173
632,173
633,174
633,175
633,177
633,178
632,179
631,179
629,179
628,179
627,178
end box16
640,160
640,159
644,159
645,160
646,161
646,162
646,164
646,166
645,167
644,167
642,167
641,167
640,167
639,166
end box17
574,160
577,160
578,160
579,161
579,162
580,163
580,164
580,165
580,167
579,168
578,168
576,169
575,168
574,168
573,167
end box18
495,156
496,155
497,155
498,155
499,156
500,157
500,163
500,164
499,165
497,165
496,165
495,164
end box19
579,190
580,190
583,189
584,190
585,191
586,192
587,193
587,194
587,196
587,197
586,199
584,199
582,200
581,199
579,198
579,197
end box20
567,175
567,175
568,176
569,177
569,178
569,179
569,181
568,181
566,182
563,181
end box21
660,175
661,174
663,174
664,175
665,175
665,176
665,177
665,178
665,179
665,181
665,182
663,182
662,182
661,182
660,182
659,180
end box22
583,176
583,176
584,177
585,178
585,179
584,180
584,182
584,183
582,183
581,183
580,183
579,182
end box23
664,161
665,161
665,162
666,163
666,164
666,165
666,167
665,168
663,168
662,168
661,168
660,168
659,167
end box24
591,190
591,190
592,189
593,189
594,189
595,190
596,190
596,191
597,192
596,193
596,194
596,196
595,196
594,197
593,197
592,197
591,196
590,196
end box25
497,144
498,143
502,143
503,144
504,145
505,146
504,149
504,150
503,151
502,152
500,152
499,152
498,151
497,150
end box26
421,123
422,120
452,120
454,123
454,128
453,132
422,132
421,128
end box27
-2,32
0,19
7,22
10,30
11,71
7,79
0,82
-2,67
end box28
465,175
469,175
470,176
471,177
471,182
470,183
469,184
467,184
466,184
465,183
end box29
495,156
496,155
497,155
498,155
499,156
500,157
500,163
500,164
499,165
497,165
496,165
495,164
end box30
end total31boxes
