902,210
917,198
930,189
942,185
953,184
963,184
972,183
982,184
994,183
1007,187
1021,196
1035,210
1038,228
1035,243
1019,251
994,251
982,250
973,253
962,253
953,251
940,251
916,250
899,244
897,229
end box0
605,146
606,143
608,140
610,138
613,138
625,138
628,140
631,142
632,145
632,150
633,154
631,158
627,159
612,158
608,158
605,157
604,153
605,149
end box1
642,148
643,148
647,147
648,148
649,149
649,150
650,151
649,153
649,154
648,155
647,155
645,156
644,155
643,155
642,154
641,153
end box2
605,145
606,143
607,142
609,140
611,140
619,140
621,141
623,143
624,145
624,148
624,151
623,154
620,154
610,155
607,155
605,153
605,150
605,148
end box3
594,161
596,158
599,153
601,150
606,151
610,151
617,151
622,150
626,152
628,157
630,161
630,166
629,171
628,177
625,179
618,177
605,178
598,179
596,176
594,171
595,166
end box4
597,170
601,168
606,166
609,165
620,165
623,166
629,167
634,170
635,175
633,179
627,181
622,182
608,181
603,181
598,179
596,175
end box5
636,151
637,149
638,147
640,146
641,146
648,146
650,147
651,148
653,150
653,153
653,156
652,158
649,159
647,159
642,159
640,159
638,158
636,157
636,155
636,153
end box6
785,159
786,158
787,157
789,158
790,159
791,160
791,161
792,167
791,169
789,170
788,171
786,171
784,169
783,168
end box7
577,172
578,171
579,170
580,170
581,170
582,171
583,172
584,173
584,178
583,179
582,180
580,180
579,180
578,179
577,178
end box8
706,174
706,173
707,173
708,172
709,172
710,173
711,174
711,175
711,176
711,177
711,178
711,179
711,181
710,182
708,182
707,182
706,181
705,179
705,178
end box9
724,194
724,194
725,193
726,193
727,193
728,193
729,194
729,195
729,199
729,201
727,201
726,202
725,201
724,201
723,200
end box10
595,146
596,145
597,144
598,144
599,145
600,145
601,146
602,147
602,148
602,149
602,150
602,152
601,153
600,154
598,154
597,154
596,153
595,152
end box11
594,157
595,156
597,156
598,157
598,157
599,158
599,159
599,160
599,161
599,162
598,163
597,164
596,164
595,164
594,163
593,162
593,162
end box12
691,144
692,143
693,143
694,143
695,144
695,144
696,145
696,146
696,147
696,148
696,149
695,150
694,151
693,151
692,151
691,150
691,149
end box13
709,157
709,157
710,156
711,156
712,156
713,157
713,157
714,158
714,159
714,160
714,161
714,162
713,163
712,164
711,164
710,164
709,163
709,162
end box14
688,154
689,153
690,153
691,153
692,154
693,155
693,156
694,159
694,161
693,162
692,163
690,164
689,163
688,162
687,161
end box15
790,140
792,140
793,141
794,142
794,144
794,147
794,149
793,150
791,150
789,151
788,151
786,150
785,149
785,147
end box16
627,130
627,129
628,129
628,129
629,129
630,130
630,130
630,131
630,132
630,133
630,134
630,135
629,135
628,135
627,135
626,134
end box17
787,172
788,170
789,170
791,170
792,172
794,181
793,183
791,184
790,185
788,184
786,183
end box18
610,125
613,124
614,125
614,125
615,126
615,127
615,128
615,129
615,130
614,131
613,132
612,132
611,132
610,131
609,130
end box19
end total20boxes
