598,181
599,178
602,175
604,172
607,172
616,172
620,172
622,174
625,177
627,180
626,185
626,189
626,194
622,195
606,194
602,194
599,193
598,188
598,184
end box0
491,179
491,177
493,175
494,174
496,174
503,174
505,175
507,176
508,178
509,181
509,184
507,186
504,187
495,186
493,187
491,185
490,183
490,181
end box1
508,177
508,175
510,173
511,172
513,172
518,171
520,172
522,173
524,174
525,176
525,179
525,182
524,184
522,185
519,185
512,185
510,185
508,183
508,181
507,179
end box2
534,179
536,176
539,174
541,173
544,173
551,173
554,173
556,174
560,176
563,179
564,183
563,187
560,190
556,190
552,190
543,190
540,189
537,189
534,186
534,182
end box3
541,179
541,177
542,175
543,174
545,174
550,174
552,174
553,175
555,177
556,178
557,181
557,183
556,186
553,187
551,187
545,186
542,186
541,185
540,183
540,181
end box4
644,177
644,176
645,176
646,175
647,175
648,175
650,175
651,176
651,177
652,179
652,180
652,182
652,184
651,185
649,186
647,186
646,186
644,185
643,184
643,182
end box5
640,179
641,177
641,176
642,174
644,173
646,172
648,172
650,172
652,173
653,174
654,176
655,178
655,181
655,183
654,186
653,188
650,189
648,188
645,188
643,188
641,187
640,184
640,182
640,180
end box6
362,90
363,86
391,86
391,89
392,117
392,120
363,120
end box7
712,147
718,147
719,147
719,148
720,155
719,156
717,156
715,157
714,156
712,156
712,154
end box8
713,155
714,155
716,155
717,155
718,156
718,157
719,162
718,163
717,163
715,164
714,163
713,162
end box9
451,158
452,158
453,158
454,158
455,158
456,159
456,160
457,165
456,166
455,167
453,167
452,166
451,166
450,165
end box10
end total11boxes
