573,208
576,203
580,196
584,191
591,191
597,191
602,191
608,192
616,192
620,195
625,202
628,207
629,216
629,224
626,233
620,235
609,232
589,234
579,236
574,232
571,223
573,215
end box0
476,191
477,189
478,187
479,186
481,185
488,185
490,186
492,188
493,190
493,193
493,196
492,198
490,199
487,199
480,199
478,199
476,197
476,195
476,193
end box1
401,197
402,193
405,190
408,189
411,189
420,189
423,189
426,190
430,193
432,197
434,201
433,206
430,210
425,211
421,210
417,210
414,210
411,210
407,209
402,208
400,205
400,201
end box2
588,180
588,178
590,176
591,175
601,174
603,175
604,177
605,179
605,182
605,185
604,187
601,188
592,188
590,188
588,186
587,184
587,182
end box3
627,175
632,174
633,175
634,176
635,177
635,178
635,180
635,182
633,182
632,183
630,183
629,182
628,182
627,181
626,180
end box4
618,178
619,176
620,175
622,174
631,174
633,174
635,176
637,178
637,181
637,184
636,187
633,187
630,188
621,187
619,185
618,183
618,181
end box5
887,183
889,176
893,168
900,161
905,168
908,177
907,185
905,202
906,209
905,220
900,227
892,226
888,215
888,205
end box6
642,172
642,172
643,171
644,171
645,171
646,172
646,172
647,173
647,174
647,175
647,176
647,177
646,178
645,179
644,179
643,179
642,178
641,177
641,176
end box7
688,135
689,132
707,132
709,133
710,153
708,155
691,156
688,155
end box8
489,142
490,140
491,139
503,138
505,139
506,141
507,150
506,153
504,155
490,154
489,152
end box9
488,191
489,189
491,188
493,187
496,186
498,187
500,188
502,189
504,192
504,194
505,197
504,200
504,203
502,205
499,206
496,206
493,206
491,205
488,203
487,201
487,197
end box10
480,160
481,159
482,159
483,159
484,159
485,160
485,161
486,162
486,163
485,164
485,166
485,167
483,167
482,167
481,167
480,166
end box11
493,191
495,191
496,190
497,189
499,189
500,190
502,192
503,193
503,196
503,198
503,201
502,202
500,203
498,204
495,203
494,202
493,201
end box12
501,158
502,159
503,160
503,163
502,164
501,165
end box13
614,157
615,158
616,159
616,160
616,162
616,164
615,165
614,165
611,165
610,165
609,164
end box14
480,174
481,173
482,173
483,173
484,174
484,174
485,175
485,176
485,177
485,178
485,179
484,180
483,181
482,181
481,181
480,180
479,179
end box15
113,11
116,4
123,3
127,8
127,50
123,56
116,55
114,46
end box16
463,160
464,159
465,159
466,159
467,159
468,160
468,161
469,162
469,163
468,164
468,166
468,167
467,167
465,168
464,167
463,167
462,165
end box17
end total18boxes
