403,218
409,207
421,195
431,187
444,187
457,188
468,187
480,188
493,189
503,195
515,207
522,218
523,236
521,253
515,264
497,266
479,263
467,262
458,262
446,263
428,266
411,266
405,253
403,236
end box0
488,193
485,184
488,176
495,173
505,173
512,173
519,173
526,174
533,175
537,181
540,188
545,194
546,202
547,212
545,220
536,222
527,222
519,220
513,220
506,220
500,218
493,214
end box1
767,232
806,179
853,138
903,119
954,112
998,123
1040,121
1086,115
1140,117
1195,129
1238,174
1268,230
1281,307
1275,374
1233,417
1162,431
1092,414
1041,398
999,395
951,407
888,419
815,402
767,372
761,307
end box2
637,186
638,183
641,180
643,177
646,177
655,177
659,177
661,179
664,183
665,185
666,190
666,194
665,199
661,200
645,199
640,200
638,198
637,193
637,189
end box3
705,161
705,160
706,159
707,159
711,159
712,159
713,160
714,162
714,163
714,165
714,167
712,167
711,168
709,168
708,168
706,167
705,167
704,166
end box4
690,162
690,162
691,161
694,161
695,161
696,162
697,163
698,164
698,165
698,167
698,169
696,169
695,169
693,170
692,169
691,169
690,168
689,167
end box5
685,165
685,163
687,161
688,160
690,159
695,160
697,160
699,161
701,162
702,164
702,167
702,170
702,173
699,173
696,173
693,172
692,173
689,173
687,173
685,171
685,169
685,167
end box6
701,162
701,161
703,159
704,158
706,157
713,157
716,158
717,160
718,162
719,165
719,168
718,171
715,171
712,171
705,171
702,171
701,170
700,167
700,165
end box7
671,177
671,175
672,174
673,173
674,172
676,171
677,171
679,172
681,172
682,173
683,175
684,177
684,178
684,181
684,183
682,184
680,185
677,184
676,184
674,184
672,183
671,182
671,180
671,178
end box8
674,163
675,162
675,162
679,162
680,162
680,163
681,164
681,165
681,166
681,168
680,169
678,169
677,169
676,169
675,169
674,168
673,167
end box9
669,166
670,164
671,163
673,162
675,162
682,162
684,162
686,164
688,166
688,169
688,172
687,175
684,175
681,175
674,175
672,175
670,174
669,171
669,169
end box10
639,179
639,177
640,175
641,174
643,174
645,173
646,173
648,173
650,173
652,174
653,176
654,178
654,181
654,183
654,186
651,187
649,187
642,187
640,187
638,185
638,183
638,180
end box11
-30,216
4,171
46,144
106,146
145,144
174,150
201,150
230,146
260,152
311,157
356,181
394,222
407,282
389,319
323,333
267,342
235,345
203,340
111,334
46,339
-13,319
-27,279
end box12
674,175
675,174
675,174
676,173
677,173
678,173
679,174
679,174
680,175
680,176
680,177
680,178
680,180
679,180
678,181
677,181
676,181
675,180
674,179
674,179
end box13
534,194
537,191
541,190
546,190
549,190
553,191
557,193
559,196
562,199
562,203
563,207
563,211
562,217
560,220
555,221
550,220
546,219
542,218
539,216
end box14
529,190
530,184
535,182
541,182
546,182
551,182
555,183
560,184
564,187
567,191
569,196
570,202
570,208
569,214
564,217
557,218
551,217
546,216
542,215
537,213
end box15
660,164
661,164
663,164
664,164
665,165
665,166
665,167
665,168
665,170
664,170
663,171
662,171
661,170
660,170
659,169
end box16
654,179
655,177
655,176
656,174
658,174
660,173
661,173
663,173
665,174
666,175
667,177
668,178
668,181
668,183
668,185
666,187
664,187
662,187
660,187
658,186
656,185
655,184
654,182
654,180
end box17
715,145
716,145
716,146
717,147
717,148
717,149
717,151
716,152
714,152
713,152
712,152
711,151
710,150
end box18
674,143
677,143
678,143
679,144
679,145
679,146
679,147
679,148
678,149
677,150
676,150
675,149
674,149
674,148
end box19
594,141
595,140
596,140
597,140
598,141
599,142
599,143
600,148
599,149
598,150
596,150
595,150
594,149
end box20
end total21boxes
