1004,251
1013,223
1027,198
1049,180
1077,174
1102,169
1128,166
1160,164
1194,165
1221,178
1227,213
1225,246
1218,348
1188,356
1155,358
1128,359
1101,356
1075,353
1042,351
1005,344
998,319
998,283
end box0
358,203
366,190
378,183
393,184
404,185
411,185
418,184
425,184
433,185
442,189
455,195
470,204
476,220
472,231
455,236
436,236
426,235
418,235
411,235
381,234
366,228
360,218
end box1
904,229
917,201
937,181
963,167
985,158
1007,153
1032,153
1058,153
1090,158
1128,163
1137,189
1138,226
1051,315
1030,321
1004,330
978,339
950,333
912,319
898,296
898,264
end box2
119,213
153,184
188,171
222,170
245,172
261,171
276,172
292,172
311,174
344,175
379,187
416,215
433,256
414,277
360,287
318,286
220,284
182,285
131,274
115,252
end box3
472,189
472,187
472,184
472,179
474,173
478,164
483,162
488,170
490,177
491,182
491,186
491,189
491,192
490,195
489,197
490,203
489,213
485,219
477,218
473,210
474,200
474,196
473,194
472,192
end box4
end total5boxes
